"Gene"	"IS01"	"IS02"	"IS03"	"IS04"	"IS05"	"IS06"	"IS07"	"IS08"	"IS09"	"IS10"	"IS11"	"IS12"	"IS13"	"IS14"	"State"	"MaxFC"	"InitialState"
"CXCR6"	"CXCR6"	-0.109290913690986	-0.0807453666060729	-1.05694762671853	0.092979764035279	1.89102463461457	1.21510160704775	-0.0481456644900606	-0.116908117932095	-0.103782795522416	0.114868677279883	-0.140416633127091	-0.0387257006803071	-0.256271595955244	0.249817508509985	"S01"	1.89102463461457	"IS05"
"CD2"	"CD2"	-0.191933817361402	-0.00591070273961869	-1.23761996916325	0.0210627314550841	1.67326843227607	1.63643562858566	-0.175876322054158	-0.0984920841712332	-0.114473346702552	0.24829546288759	-0.172802554836034	-0.0403374584154884	-0.0993881875841294	0.359532472128115	"S01"	1.67326843227607	"IS05"
"IL2RB"	"IL2RB"	0.0290903237244436	-0.059217769604271	-1.04776835708369	-0.00887014013991034	1.65744440872406	1.36927001448288	-0.135707855941551	-0.0293667277807756	-0.0490883060631665	0.339160835833882	-0.0180332954000364	0.0114885628521182	-0.550871011043968	0.272333715613307	"S01"	1.65744440872406	"IS05"
"KLRC4"	"KLRC4"	0.0416785236345072	0.216583110615257	-0.679192874987073	0.157898145916381	1.62716836181681	0.852823633684594	-0.226533700872038	-0.16205525005393	0.262504071788541	-0.0938797970626103	-0.119681090571786	-0.179715375922707	-0.519881940165893	0.103462204443052	"S01"	1.62716836181681	"IS05"
"UBD"	"UBD"	-0.144189481862668	-0.088364506999566	-0.736380259539346	-0.454175609548443	1.60933093685212	0.762510421905689	-0.000211042268457166	-0.0888550760029472	-0.156215267094216	-0.0274859199919344	0.164320844157392	-0.095378307110609	-0.072965806297185	1.261037055313	"S01"	1.60933093685212	"IS05"
"TNFSF13B"	"TNFSF13B"	-0.05510909102608	-0.00468006133187457	-0.810354180594087	0.0477299772878871	1.59734931186617	0.794562613235042	-0.292658660153646	-0.318907376632344	-0.147008062504249	0.53833987314115	-0.138818280538235	-0.0933138880358951	-0.176123577883626	0.129040558539597	"S01"	1.59734931186617	"IS05"
"GPR25"	"GPR25"	-0.229752135692147	-0.112269726780611	-0.67638249115874	-0.150357897868584	1.58778712973622	0.925864471010764	0.00441104061256049	0.114111546264479	-0.0539187801360242	-0.189456360075054	0.00301104777878458	-0.117701799177656	-0.215245071720153	0.284459529661558	"S01"	1.58778712973622	"IS05"
"CD7"	"CD7"	-0.357504455680895	-0.119435107621816	-0.848435775456874	-0.184720745589006	1.58117851838685	1.30388769499181	0.095620891094149	0.103472663504199	-0.244431465651746	0.0159408791515413	-0.0959966430330859	-0.203766623797493	0.0151745112354644	0.264533392978878	"S01"	1.58117851838685	"IS05"
"CTLA4"	"CTLA4"	-0.120626440720584	0.0428597538352904	-1.05754183443563	-0.364021731474072	1.53414893416797	1.4288655313722	-0.192530285617656	0.00154865358129829	0.0549127893497435	0.487382294447155	-0.251684373183511	-0.058594371951999	-0.243002149522968	0.496022902749963	"S01"	1.53414893416797	"IS05"
"FPR3"	"FPR3"	0.100073970513112	-0.0518680048136333	-0.815015646372205	0.0667757877305431	1.44193038505779	0.653137536251558	-0.297926603237606	-0.311780768553081	-0.229166236212244	1.09067346170885	-0.243252809494798	0.0204091965148323	-0.418416952815614	0.128172218866138	"S01"	1.44193038505779	"IS05"
"CD226"	"CD226"	0.168913220449947	0.114238178366598	-0.992367269522654	0.343517410164023	1.44132520873752	1.36934243133891	-0.214634990720479	-0.29034363275082	0.0304795997635504	0.399216924271733	-0.0772653014712398	-0.0505526432198455	-0.639652012180531	0.0719934554534952	"S01"	1.44132520873752	"IS05"
"NCR1"	"NCR1"	-0.0106041184014775	0.250824410639969	-0.814918570685658	0.384084662218508	1.43492054249828	0.914346579554526	-0.0417864895060702	-0.0304983844252512	0.0939996639215805	-0.0377135334215202	0.0601633377369283	-0.216236670951746	-0.482519414616702	0.58579740715393	"S01"	1.43492054249828	"IS05"
"IL12RB1"	"IL12RB1"	-0.187982768295554	0.0653689802825055	-0.834414348953107	0.0684984666172289	1.42899375481315	1.05340813032851	-0.0606799596085748	-0.016989994656054	0.000368120373594344	0.227489154566059	-0.0412648735590249	-0.178716407726562	-0.249122709295074	0.310616907241299	"S01"	1.42899375481315	"IS05"
"GFI1"	"GFI1"	0.0699064243662902	-0.0484347116067947	-0.728717944903541	-0.119611302705268	1.40719439827944	1.21889496723175	-0.105969829904714	-0.0519537337021967	0.0751981419660158	0.204996797272388	-0.142107681120864	-0.16587850983129	-0.483614050601585	0.099165570002302	"S01"	1.40719439827944	"IS05"
"CD86"	"CD86"	-0.109442036969159	0.011693686594934	-0.70190305210328	0.169718600026254	1.36692169673502	0.81464995190615	-0.2658828629069	-0.382261944009498	-0.284690200871658	0.759672097335686	-0.374556821852913	-0.0726362789528427	-0.235613179065723	0.142504412816681	"S01"	1.36692169673502	"IS05"
"IL2RA"	"IL2RA"	0.00128798517192471	0.0934744622905279	-0.913177492486376	-0.238184905318625	1.36120322347251	0.908324082426228	-0.190320215982811	-0.122687768310386	-0.204643984550609	0.940701617099279	-0.279857961339901	0.1178448610646	-0.376084670845824	0.412262211577726	"S01"	1.36120322347251	"IS05"
"CD80"	"CD80"	0.0802752427982098	0.01460452183099	-0.794481634349357	-0.114101450159239	1.26958101992853	0.691404692399118	-0.209076789984553	-0.238548855753006	-0.0712032104051129	0.892746280748983	-0.232147412647011	0.0617063937673669	-0.343236615919342	0.185904461282047	"S01"	1.26958101992853	"IS05"
"JAK2"	"JAK2"	0.45190466172512	-0.1404435337015	-0.676962821291402	0.772036011638212	1.1747402071282	0.721706823812163	-0.364134539312139	-0.34324225444864	0.150800037020723	0.273262133498109	0.182690769398719	-0.118438010827522	-0.944059309129955	0.607717053369299	"S01"	1.1747402071282	"IS05"
"LYZ"	"LYZ"	-0.116867378271309	-0.0455199205489055	-0.701772821746295	0.284944423773	1.17338798709331	0.808687348107625	-0.121340472004196	-0.242373547795189	-0.156759242700671	0.236411760723613	0.538233409962484	-0.0639620275273919	-0.312101536574736	-0.0242166851768831	"S01"	1.17338798709331	"IS05"
"CCR7"	"CCR7"	-0.189235547105519	-0.10447919217386	-0.716210714685784	-0.124058996964004	0.604739607448405	2.26521848978782	-0.204014004388257	-0.138899681303537	-0.118538995673145	0.0490284717556229	-0.111866245985718	-0.235898194914737	-0.241871459895983	0.193423111756468	"S02"	2.26521848978782	"IS06"
"CCL19"	"CCL19"	-0.32577867365031	-0.0751675065996417	-0.804940966546262	0.13661527612065	0.481704275248702	2.16610139745277	-0.246244134435946	-0.157531684470881	-0.122904545129365	0.0803904275258836	-0.203196063111955	-0.283637121322671	0.00961881876751251	0.506908891370303	"S02"	2.16610139745277	"IS06"
"LY9"	"LY9"	-0.219865153605802	-0.0295816777389629	-0.934562945630588	0.0779946466080519	1.20534856779968	2.09667001381398	-0.115292735243464	-0.163085790235104	-0.00845327906799026	0.0309645520747123	-0.0846738559771483	-0.270747310210144	-0.272641141899562	0.0226929370326349	"S02"	2.09667001381398	"IS06"
"ZNF831"	"ZNF831"	-0.06911758836947	-0.0358497112855845	-1.05384168189778	0.416730226108795	1.27918030046457	2.09127166281228	-0.159482199248301	-0.224888165357692	0.0382150593392602	0.179613731979767	-0.0948697104580013	-0.269385840292527	-0.498367040617218	0.101991493313681	"S02"	2.09127166281228	"IS06"
"CD40LG"	"CD40LG"	-0.137031283073521	0.00382075807858042	-1.02281641613017	0.542115463511685	0.861273100358268	2.0862537428096	-0.0568431258474789	-0.209638241235274	0.0161078017723371	0.0620045526963793	0.0808365990880179	-0.229804541592314	-0.368391294704736	0.163865205079732	"S02"	2.0862537428096	"IS06"
"CCR4"	"CCR4"	0.0743040399389369	0.183607232427791	-0.94237243938796	0.0374582341218019	0.870991466667191	2.05893606974942	-0.198849296216675	-0.193422756036172	0.153339761745546	0.499098469119116	-0.127056175454752	-0.231780196386891	-0.59562099002323	0.144916216445268	"S02"	2.05893606974942	"IS06"
"TRAT1"	"TRAT1"	-0.15949469640273	0.028966839085277	-1.03270430501282	0.142093945080835	1.47204593834852	1.99435373351131	-0.228346617280258	-0.197468611789746	-0.107364861658689	0.0305845769484769	-0.118373106579453	-0.164376767879887	-0.350135835308294	0.18393255128635	"S02"	1.99435373351131	"IS06"
"P2RY10"	"P2RY10"	0.00308111818209731	-0.0465575625285588	-0.963371257115024	0.0046954601224524	1.3121411784245	1.98902575505968	-0.165288835028019	-0.32831212645709	-0.125548791095331	0.245729732380983	-0.108704316251421	-0.103031622997465	-0.463339998320525	0.144456666272636	"S02"	1.98902575505968	"IS06"
"LTA"	"LTA"	-0.26633739339762	-0.125158630472988	-0.931724866414988	-0.392513166459066	1.32035461590006	1.98209005139364	-0.109126930601394	-0.0727580726470675	-0.105548545186311	0.177507577417432	-0.242150712813263	-0.150183658595811	-0.181218126703464	0.502864786880742	"S02"	1.98209005139364	"IS06"
"TRAF3IP3"	"TRAF3IP3"	-0.235863103715211	-0.0287300325952275	-0.854186730588656	-0.13011161630078	1.11697384295511	1.98044327102798	-0.248092536289453	-0.113728164160461	-0.0423413525148203	0.117984299132682	-0.234182983055908	-0.276706926124088	-0.195975405417815	0.493202398494198	"S02"	1.98044327102798	"IS06"
"CD5"	"CD5"	-0.0834807943447014	-0.110061514500224	-1.08436235976632	0.0543302814048028	1.25213553666504	1.91279344030492	-0.107485361469267	-0.0855776512072621	-0.0260485007528715	0.318352561324727	-0.02792135563898	-0.150792945857852	-0.3767149173977	0.367827217385763	"S02"	1.91279344030492	"IS06"
"TESPA1"	"TESPA1"	-0.0705334788087485	-0.0527935981308928	-1.02854651421754	0.387375022756068	1.04607354955795	1.91012261495858	-0.228753789262087	-0.228530471695709	0.0649273832843194	0.322311016427993	-0.0813338918680074	-0.259805732104897	-0.340732855801871	0.218110979234897	"S02"	1.91012261495858	"IS06"
"GPR174"	"GPR174"	0.0252656355572051	-0.000929396977208091	-0.915641964329536	0.00896211384456934	1.58584379706334	1.89458976621892	-0.204669112185015	-0.264275903161089	0.00697985141082488	0.0743951163618947	-0.116309368883329	-0.20231177031737	-0.582261395243904	0.129820359859224	"S02"	1.89458976621892	"IS06"
"CD28"	"CD28"	0.00666780089671013	0.00200867259918341	-0.946917743354644	0.162591241194449	0.931148249603608	1.87649165713714	-0.147557536480494	-0.344221901061309	-0.0250948574945401	0.638157497921328	-0.138805943014891	-0.127101954309257	-0.519251486847879	0.245593113814564	"S02"	1.87649165713714	"IS06"
"LTB"	"LTB"	-0.377373335434134	-0.17014790888932	-0.795857134380983	-0.285149800735257	0.67277973332002	1.8440018738387	-0.167990938290725	0.00955872777297929	-0.235030598322272	0.225170205591204	-0.0683669123777675	-0.249042859956587	0.146470227023484	0.809563109095096	"S02"	1.8440018738387	"IS06"
"SCML4"	"SCML4"	-0.179636139834987	-0.0318521020421099	-0.734208372922477	0.0961457061837514	1.10957390878513	1.84297972952668	0.312036396432761	-0.172571848406459	0.0408810611299564	-0.184729239802187	-0.111393323114653	-0.323325548931752	-0.329278222306138	0.152939682252304	"S02"	1.84297972952668	"IS06"
"SH2D1A"	"SH2D1A"	-0.188681823391051	0.0308516687913483	-1.01014381396207	0.0296352372881733	1.5641530073159	1.83359404292684	-0.165373814689033	-0.151843254971192	-0.141603206689392	0.0832491721849163	-0.281485165794113	-0.151079690600158	-0.271582830351819	0.283164033398385	"S02"	1.83359404292684	"IS06"
"PYHIN1"	"PYHIN1"	-0.172297924992153	0.180578698093795	-0.97705684707034	0.170937667634567	1.5708888780548	1.80871544657246	-0.230097651985362	-0.108210275743337	0.0896247616853117	0.00896941133498654	-0.182146351703503	-0.308336594068827	-0.398237318265274	0.204673536312464	"S02"	1.80871544657246	"IS06"
"IKZF1"	"IKZF1"	0.0329356172356902	0.00720496810265027	-0.926424289204322	0.275378616517748	1.16515215389127	1.80078552496249	-0.276517455183933	-0.260945972050954	-0.125629473565719	0.332364016960827	-0.11226597711874	-0.21412891724759	-0.459831899716562	0.286812400074211	"S02"	1.80078552496249	"IS06"
"UBASH3A"	"UBASH3A"	-0.168065552150408	-0.0163689072048399	-1.11775529416563	0.00299485046546328	1.54901977028188	1.79876716100459	-0.169627947899684	-0.024816869480446	0.0295547177322679	0.11112257848474	-0.0467264428184321	-0.169343693579279	-0.332113465330147	0.581713440020072	"S02"	1.79876716100459	"IS06"
"CD247"	"CD247"	-0.267090608005589	-0.0994207410262857	-1.04703443968904	0.172504617796391	1.47781618297181	1.77977283050465	-0.136481401063941	-0.069902715156933	-0.151806094679405	0.00225577253145813	-0.0941441173845147	-0.21417752056767	-0.103965118867039	0.283777216478323	"S02"	1.77977283050465	"IS06"
"PPP1R16B"	"PPP1R16B"	0.00536299828262798	-0.0246035149183272	-0.874946031497177	1.19759823717037	0.810077704267001	1.75887515684138	-0.14507378040821	-0.324177114561572	-0.0310902201713847	0.181800543479015	-0.0608201556936638	-0.353582222035405	-0.620248644086638	0.202265356457827	"S02"	1.75887515684138	"IS06"
"KLRB1"	"KLRB1"	-0.266759316240533	-0.09177280265884	-1.03287456501144	0.623625119455636	0.946340836366649	1.73036469857834	0.00223912878363579	-0.200937225672135	-0.0922867449039004	-0.0630667223359411	0.0490471818236026	-0.164132063455926	0.00211240578656445	0.0034283799749825	"S02"	1.73036469857834	"IS06"
"TIGIT"	"TIGIT"	-0.152213726868411	0.0109618614716569	-0.979429241414543	-0.459299445882111	1.68379003028658	1.72576058507354	-0.254070146631162	-0.0330568831150814	-0.0520041109386679	0.225702262246722	-0.238579341163972	-0.0945909820286593	-0.324108866665799	0.404657369358419	"S02"	1.72576058507354	"IS06"
"CD3G"	"CD3G"	0.00601121143702426	0.107354825847088	-1.08378665845645	0.0785161544573884	1.62787586252519	1.7136092095231	-0.0660962476101591	-0.162912779211775	-0.0100167193711822	0.114464414328218	-0.124740546334517	-0.122818354139482	-0.458024357713496	0.293278098284647	"S02"	1.7136092095231	"IS06"
"SIRPG"	"SIRPG"	-0.275673722436386	-0.0456761163199264	-1.01054124086525	-0.421632994868588	1.6945795657978	1.69808005456933	-0.119952745556368	0.015497256098327	-0.115013583144718	0.0615497698227487	-0.131549311457187	-0.121029684118927	-0.108989608615297	0.366088570511411	"S02"	1.69808005456933	"IS06"
"RGL4"	"RGL4"	-0.139601277698383	-0.147338854367481	-0.770134690421369	0.158890793941821	1.07569871487995	1.6734350521265	-0.0240333858910278	-0.070221379698853	0.333876601836034	-0.0574540361232049	-0.0573255799172993	-0.424316145119852	-0.296243080416499	0.213060619285841	"S02"	1.6734350521265	"IS06"
"ARRDC5"	"ARRDC5"	-0.266948572414287	0.338667212213062	-0.773022313315204	0.0294891336149889	0.986797981476155	1.66055370478674	-0.264742948371583	0.0782339324531373	0.20647297660234	0.102243552189753	-0.0991015548293201	-0.447518665277596	-0.204999958763107	0.103522671794323	"S02"	1.66055370478674	"IS06"
"CD69"	"CD69"	-0.141431002361352	-0.0757624265169262	-0.782038487802516	0.690979698774713	0.703704899293731	1.63786902653738	-0.294223979907986	-0.344776870734841	-0.11694640440918	0.240511171207477	-0.0361850847185657	-0.176549754088373	-0.322560556023855	0.0669581128790567	"S02"	1.63786902653738	"IS06"
"THEMIS"	"THEMIS"	0.00672085636434633	0.0344989714854771	-0.937659241751744	0.256281584711946	1.47571829491776	1.62890887476332	-0.158008561899868	-0.260586295505069	-0.0379714649858043	0.0756458633410371	-0.103171242629378	-0.0641699360543196	-0.540252587631772	0.00537348039274911	"S02"	1.62890887476332	"IS06"
"GPR171"	"GPR171"	-0.108702844412506	0.0982126145396763	-1.02277424083417	0.250852229491376	1.43920179007075	1.61636314036902	-0.142983018900682	-0.190038411910648	0.0958717076811041	0.169140512019321	-0.0238495774645518	-0.12581653515669	-0.45485667968385	0.120292798624414	"S02"	1.61636314036902	"IS06"
"ICOS"	"ICOS"	-0.0790977824793951	-0.016883064415401	-1.14713107681334	-0.0383339306239391	1.53065976172068	1.56379184138019	-0.174877767149349	-0.117841705562399	-0.0986051419340432	0.453580618807267	-0.237886676350464	0.033857113456067	-0.325734283959797	0.436962251073218	"S02"	1.56379184138019	"IS06"
"TAGAP"	"TAGAP"	0.0615548386986829	-0.0606862882075256	-1.03405758434045	0.5564676922401	1.16120298948994	1.52507568942206	-0.205648936030173	-0.270802722417863	-0.0167791818942421	0.482138610165103	-0.0545880858359995	-0.0745608889591498	-0.541434856793312	0.166655532907992	"S02"	1.52507568942206	"IS06"
"IL7R"	"IL7R"	0.0395882511134613	0.00536679029291535	-0.753244820676973	0.573882831272589	0.567565665313216	1.51354047013725	-0.24039030969669	-0.335408754796385	0.0289652004540213	0.663183558394102	-0.197935017103175	-0.175931110537367	-0.515278304260281	-0.00793677809439085	"S02"	1.51354047013725	"IS06"
"CLEC4C"	"CLEC4C"	0.0987342797399585	0.526774886711114	-0.470017437619939	-0.0927761916067205	0.529789352473321	1.50934787830842	-0.21091216686387	-0.0873490141473207	0.355262325742295	0.110169747934589	-0.235608790835551	-0.395186739790785	-0.48885599389079	-0.00823570507087386	"S02"	1.50934787830842	"IS06"
"IL2"	"IL2"	-0.168490085629592	0.2422543995302	-0.748083854916346	0.48531136258676	0.523402528594756	1.4675722226765	-0.128236029582629	-0.198085575479609	0.195184623942489	-0.0287195054775711	-0.0629947486205477	-0.250142848541234	-0.142704355248664	0.254014038365282	"S02"	1.4675722226765	"IS06"
"CCR2"	"CCR2"	-0.0793166919325134	-0.109564979029224	-0.862551583584672	0.419749088456467	1.2193341941187	1.44196718752612	-0.112422467394954	-0.303949155214457	-0.13446279195594	0.395750052916758	-0.107950733578946	-0.159288461761923	-0.362261063005571	-0.0428293050020183	"S02"	1.44196718752612	"IS06"
"CSF2RB"	"CSF2RB"	-0.0321950840047846	-0.142842618058303	-0.905267188794397	0.584737019339932	1.04268584004209	1.43482004756993	-0.144199572510802	-0.303432380350941	-0.165366870388161	0.586368014517269	-0.0919404973056304	-0.207632439456274	-0.499727884709809	0.830313346251964	"S02"	1.43482004756993	"IS06"
"FOXP3"	"FOXP3"	-0.0615121432816882	-0.0455267561559275	-0.914357155975159	-0.733693943948897	1.3010732423645	1.39242822195495	-0.0414236787347667	0.0879788778948498	-0.0786036123718097	0.763954904235831	-0.166987953831118	-0.0462878553676124	-0.314273977444673	0.614158959485677	"S02"	1.39242822195495	"IS06"
"CST7"	"CST7"	-0.346471973885085	-0.17751444533964	-0.755793385922544	0.094706435827693	1.26225056842844	1.3728359469692	-0.137574863418779	-0.130987506140331	-0.235408628511205	0.250703425276041	-0.273746757768582	-0.20623013323729	-0.0369488570213382	0.223974720084217	"S02"	1.3728359469692	"IS06"
"LGALS2"	"LGALS2"	-0.293096944499653	-0.125118682633876	-0.836395625579515	0.334570423398111	0.778214883514319	1.36442530699271	0.41473458518302	-0.0532595911942732	-0.1292864578291	-0.033378852641012	0.376703522002891	-0.315606331875173	0.0977222895265327	0.298504939153291	"S02"	1.36442530699271	"IS06"
"PTPN7"	"PTPN7"	-0.0599483816765472	-0.0478594012802209	-0.843675463286221	-0.202562019512539	1.29360640158129	1.3307124461985	0.0646549659260619	0.0872257209476862	0.0443786487572459	0.23108051043902	-0.0984321986371789	-0.156506386776938	-0.308743320320191	0.197567639538367	"S02"	1.3307124461985	"IS06"
"CLEC9A"	"CLEC9A"	-0.0941788575586881	-0.0235933037886876	-0.751724444615415	1.15810095915344	0.587250838743789	1.31225501549926	-0.0937301962457638	-0.273542175550133	-0.0255248257811598	0.00233922085001632	0.0303950844360028	-0.344811454233481	-0.219819055713828	0.133606035435194	"S02"	1.31225501549926	"IS06"
"CLNK"	"CLNK"	0.206433480197428	0.498412838420583	-0.550116275977339	-0.0518548001579681	0.794578347784829	1.23314790421851	-0.180809715637615	0.00339116355702119	0.736520762313133	0.0222179718189893	0.12578614611003	-0.458120305903673	-0.734521252895612	0.258931653848542	"S02"	1.23314790421851	"IS06"
"VNN2"	"VNN2"	-0.056554865846183	-8.85201084283766e-05	-0.786342551418871	0.324037426916865	0.938550084490084	1.21022026773317	-0.0298619421684278	-0.359566859172944	-0.120226254670705	0.173518809673252	0.59019981421303	-0.11300926042461	-0.359988718002998	0.409683040367277	"S02"	1.21022026773317	"IS06"
"APBB1IP"	"APBB1IP"	-0.00837288364211944	0.00543892767549402	-0.857986258153941	0.685888519101389	0.901986131254516	1.180273301413	-0.0978109830579533	-0.0912343404435449	-0.131492026625387	0.400903423534033	0.0910850331605956	-0.188650120818358	-0.364852000318537	-0.00941643261324147	"S02"	1.180273301413	"IS06"
"CTD.2370N5.3"	"CTD.2370N5.3"	0.300570993205282	-0.100024960403195	-0.631571981858161	0.264698714176647	0.692041587257384	1.07291489068569	-0.122372361308996	-0.392528885967948	-0.0260406505585038	0.70728687004939	-0.0960461994647346	-0.0973597481442397	-0.515243853315477	-0.0504438149542079	"S02"	1.07291489068569	"IS06"
"SELPLG"	"SELPLG"	-0.160320338464392	-0.111387166893521	-0.808370317708082	0.487345328338933	0.912576407907942	0.999587054414233	-0.165605344497765	-0.134391397161262	-0.174719012194241	0.524735529304233	0.0897005271371633	-0.138370704075614	-0.155266928445264	0.0605226710210157	"S02"	0.999587054414233	"IS06"
"GPR155"	"GPR155"	0.499956711974131	-0.0116208734252541	-0.269408847310176	0.518618517805709	0.452985058494127	0.558208191138795	-0.0466735061815871	-0.346987300622125	0.320700919284554	0.37143359797809	-0.217951315431828	-0.294467703128933	-0.690173460009647	0.0612239129137426	"S02"	0.558208191138795	"IS06"
"CREB3L3"	"CREB3L3"	-0.0708045783104134	0.308763166533884	-0.212595171529035	-0.0758318466894317	0.141305783365413	0.161787492617417	2.60712275012564	0.0275140053879709	-0.103418293405948	-0.0934232364257519	0.403704139067923	-0.200287042627742	-0.142731956889393	0.0309478013604772	"S03"	2.60712275012564	"IS07"
"ABCG5"	"ABCG5"	0.140362750611526	0.165216958663038	-0.0427069605846358	-0.0430826289718373	-0.15268213765913	-0.0964797936648955	2.46054184352622	0.12420147922305	0.471156921728604	-0.16187689638228	0.250465329016623	-0.353816420845193	-0.235135794931052	0.0991704114165296	"S03"	2.46054184352622	"IS07"
"ABCG8"	"ABCG8"	0.044319994995727	0.0882071299852135	-0.0521436783450292	0.0329101198413661	-0.128856972787273	-0.110126094075049	2.42064618855	0.0755614625203071	0.16761703115561	-0.15972418383792	0.238138875377121	-0.198785293453654	-0.155537277507999	0.0678348786633867	"S03"	2.42064618855	"IS07"
"SOAT2"	"SOAT2"	-0.1154242515595	0.303935274847496	-0.20866725557163	0.0772907430649361	0.0403473259061001	0.164278935155545	2.22111539167312	0.0744103669444962	0.0950812725159125	-0.00941675927581221	-0.146303867545084	-0.261005331038026	-0.0397500717364961	0.222515772589266	"S03"	2.22111539167312	"IS07"
"ALDOB"	"ALDOB"	-0.0832138124876025	0.135475765970996	-0.0897464555006797	0.0289572770203315	-0.0547451325447072	-0.0172697096665204	2.11908426304002	-0.0621639146264125	-0.0136964496753168	-0.158008621010077	0.63333074363174	-0.217976750513136	-0.0750813367593176	0.260241074498371	"S03"	2.11908426304002	"IS07"
"APOB"	"APOB"	0.186244487204779	0.126012144191967	-0.242670540020335	0.9951703167308	-0.108422447037125	-0.00543769578447358	2.10710436163737	-0.157065378036864	0.0846657342539436	-0.102567988282091	0.10127853123606	-0.287216978809943	-0.261197938035886	0.0204554350029167	"S03"	2.10710436163737	"IS07"
"SERPINA10"	"SERPINA10"	0.288794067463815	0.1818007499304	-0.015120088618663	0.0287716184492394	-0.118220450584585	-0.00671876171535402	1.86385033756732	-0.00479100647652358	0.556946308034263	-0.0041430866193241	-0.12476977121902	-0.282186471727731	-0.456878170538501	0.265331415247449	"S03"	1.86385033756732	"IS07"
"SLC7A9"	"SLC7A9"	0.104920424220991	0.152871291971424	-0.0929065607514314	-0.279494465112175	0.0995223833866071	0.0809845574651862	1.53477110058248	0.479971423863443	0.692935813325583	-0.206180356372159	0.355176256769206	-0.587448616766055	-0.226921880678894	0.269990915139854	"S03"	1.53477110058248	"IS07"
"PIPOX"	"PIPOX"	0.057838659228299	0.116099578207395	-0.0694642675689874	0.124329434212753	0.169611163926668	0.00131575232426538	1.52451102410521	0.043063614762862	0.18699906730194	0.0006845367738869	0.0415827340752034	-0.265032338968518	-0.333888745332496	0.344158572363158	"S03"	1.52451102410521	"IS07"
"GLYCTK"	"GLYCTK"	-0.166651357809907	-0.00955634507316793	-0.216747260507711	0.181678129929202	0.0657516658568916	0.229177953210095	1.36632214165644	0.323511963977846	0.265991977097446	-0.083541302060739	0.662255661847426	-0.407125569291861	-0.113879468330945	-0.197309084534568	"S03"	1.36632214165644	"IS07"
"CHST13"	"CHST13"	-0.117001004860564	-0.123107085716003	-0.33844276394428	-0.06294109018211	0.308636212062596	0.175362482613493	1.34391270510637	0.106405530252109	-0.101843654292253	0.515976580482182	-0.0130152617296733	-0.262732858546149	0.119982115260135	0.0970041072621897	"S03"	1.34391270510637	"IS07"
"OXT"	"OXT"	-0.213744764522139	0.0734226220726091	-0.206784557012654	0.0751344329569061	-0.120156670372832	0.0915501934173762	1.28695525338164	0.595402262464299	0.0489729930874794	0.152537056534019	-0.194699146959342	-0.389817702616519	0.202840648736015	0.287439756120552	"S03"	1.28695525338164	"IS07"
"GATA5"	"GATA5"	0.0115179442737871	-0.108240764394029	-0.13317518354625	0.659606701136918	-0.169961070086597	-0.0302397913505647	1.27822303625205	0.0388546344204695	0.0168247225917831	-0.138594038128985	0.157591611667743	-0.203289628832037	-0.0252166824515292	0.0240072998017636	"S03"	1.27822303625205	"IS07"
"BAAT"	"BAAT"	-0.00503159913804195	0.0146902095187993	-0.11618203835289	-0.0613105457421154	-0.0277016096789819	0.0404690864852706	1.23482805739151	0.00594701319095456	0.138398476346487	0.0541188082022812	0.479828273257487	-0.105618520007982	-0.14672887937608	-0.0352243188736041	"S03"	1.23482805739151	"IS07"
"HAAO"	"HAAO"	-0.0603329358509014	0.0386233742425144	-0.385267322336859	0.526778039184113	0.139025301544188	0.368842386183642	1.13388045573862	-0.0427524313152434	0.0467283089029414	-0.0490799994165665	0.00266525561831235	-0.38525477723805	0.0828340147518529	0.817392021212178	"S03"	1.13388045573862	"IS07"
"CCL25"	"CCL25"	-0.210500278050221	0.0501565796687619	-0.371715334187752	-0.352273784302701	0.866698845103778	0.371243978706311	1.06354049656826	0.298313134084328	-0.0048735315146794	-0.135430081076117	-0.0712764667608649	-0.271002545589291	0.0149142893427986	0.660457807996129	"S03"	1.06354049656826	"IS07"
"LIPC"	"LIPC"	-0.0554696599325053	0.113016756259781	-0.167969422619438	0.13379312472986	0.0305595595322301	0.080755376356263	0.911513160383326	-0.0302083082605162	0.119556442328002	0.0851778352937448	0.680558288552805	-0.216191855773232	-0.118245232581867	-0.0765771776985026	"S03"	0.911513160383326	"IS07"
"GATA4"	"GATA4"	0.150276272878112	0.0591628298662686	-0.00328475535310487	-0.207747464644893	-0.0704195095612556	-0.0536046309705109	0.893152332036382	0.0568207671788412	0.208115320904892	-0.0885699392014984	0.363257442300434	-0.134175749569381	-0.170190289883786	0.280840202754999	"S03"	0.893152332036382	"IS07"
"KDM8"	"KDM8"	0.4275536038716	0.0419599870310053	-0.221460497023725	0.0617648554620561	0.0669812451432948	0.483366351282021	0.854731902932354	0.412621418079345	0.577545163796495	0.0505370383112086	0.124456686303321	-0.547495292717765	-0.609598593017929	0.556965616480926	"S03"	0.854731902932354	"IS07"
"ADH6"	"ADH6"	0.296662677715205	0.0591784517905296	-0.142827260236316	0.351703600869821	-0.179894453405498	0.154138773802007	0.807986449857384	-0.0932504963458924	0.706717191967671	-0.195484413173376	0.701627460510088	-0.298758856781068	-0.490685795263747	0.273013982253534	"S03"	0.807986449857384	"IS07"
"ITPKA"	"ITPKA"	0.16921642483695	-0.0654116250536952	-0.00858778602175053	-0.514448576256347	-0.0392727741284652	-0.0314894253611056	0.700223631930383	0.49640605811227	0.0216389419688437	0.0586685935990325	0.448754073952342	-0.181772898372605	-0.144409684248838	0.217139609062287	"S03"	0.700223631930383	"IS07"
"RHOJ"	"RHOJ"	-0.0319048638509436	-0.0615638017663766	-0.487419272334295	2.16763060865332	-0.0884148933932122	0.414210594473073	-0.199558294334391	-0.315645232826403	0.0832187921690536	0.708713971707754	-0.166482255836066	-0.41148613320959	-0.439985853438218	-0.0844628280471004	"S04"	2.16763060865332	"IS04"
"CLEC1A"	"CLEC1A"	-0.0686609874282556	0.0260193133773387	-0.522083944342491	1.79202095434559	0.075467580416047	0.480925671839776	-0.197699811209866	-0.182795978790669	0.0993032108635623	0.257829698874561	-0.201364055829629	-0.382131127996481	-0.387036297123518	1.08968444688261	"S04"	1.79202095434559	"IS04"
"KLF2"	"KLF2"	-0.242679364316413	-0.138305746815481	-0.434221012306532	1.6431905144075	-0.124294977686339	0.630376597866268	-0.184349646977654	-0.155532055403397	-0.0685723832618165	0.15246335147216	0.36616278543098	-0.384497297831557	-0.0807334893727426	-0.13682692587371	"S04"	1.6431905144075	"IS04"
"OTC"	"OTC"	-0.0826378945965876	-0.00962362119698641	-0.241498217845961	1.63611383812638	-0.216003846914203	0.210810352094408	0.908715871686398	-0.235914849760434	-0.026277187226728	-0.247286075429889	0.16175643200492	-0.305969120110789	-0.11902471152441	-0.131080008205325	"S04"	1.63611383812638	"IS04"
"GIMAP1"	"GIMAP1"	-0.236375683986469	-0.184776826738064	-0.501887443827188	1.3397583182598	0.529142208492436	1.14935388491631	-0.265196233530024	-0.254079143962496	-0.0977779543080223	0.00899614388671357	-0.252964626142282	-0.389889744339924	-0.211259885859602	-0.162039264173547	"S04"	1.3397583182598	"IS04"
"SOX18"	"SOX18"	-0.286908928720994	-0.0492292662584515	-0.421320381981469	1.25856124391422	0.107480122222841	0.340190714701128	-0.142079469272816	0.210106551485785	-0.0922083172188669	0.290103146447741	-0.234066156237812	-0.462181909414276	0.0767989718429018	0.53827533603855	"S04"	1.25856124391422	"IS04"
"FGL2"	"FGL2"	-0.00179906142592417	-0.0670454578587444	-0.890948999869519	1.24304360570179	1.18748700651904	1.03098441088118	-0.143770658746986	-0.434632226077108	-0.143976628495038	0.45703467466959	-0.0659434112320246	-0.204944174159266	-0.486439424537128	0.0213839600086012	"S04"	1.24304360570179	"IS04"
"PLPPR4"	"PLPPR4"	0.219250413161684	-0.0609135296430165	-0.504258566283962	1.08180735339016	0.103157839598506	0.545283554592755	-0.178160057510677	-0.342364543667965	0.0575729360385335	1.02998099726897	-0.105647195379043	-0.15063817322185	-0.581616037443776	-0.120338612377454	"S04"	1.08180735339016	"IS04"
"MSRA"	"MSRA"	0.0164535255747385	-0.154881439264172	-0.410949521879232	1.01202226888825	0.117468277634176	0.329198251312041	0.205161222605172	-0.14236128064511	-0.0879578737805185	0.144546644550932	0.392432695736533	-0.240797934814634	-0.14729367585386	0.349089234836019	"S04"	1.01202226888825	"IS04"
"LRRTM2"	"LRRTM2"	0.271986038642208	0.059967593102377	-0.237058028800425	0.88182619692375	0.0854863133340614	0.172804551179808	-0.152589368645324	-0.219803382417129	0.3767111091592	0.382991326036566	-0.0646220964881841	-0.312903902043219	-0.459319939583333	0.18758272389855	"S04"	0.88182619692375	"IS04"
"TPK1"	"TPK1"	0.0470179995805193	-0.0477880890696451	-0.47523840697194	0.755235665288791	0.332550054428716	0.612070214538517	0.324560905483668	-0.29114747757975	0.0201625371570634	0.213591666310731	0.671442607503208	-0.102264715377534	-0.473730114706858	-0.171968568380283	"S04"	0.755235665288791	"IS04"
"CLDN18"	"CLDN18"	0.0446364246415412	0.0340052382731078	-0.15935620050304	0.668283674624616	-0.0223697396457669	0.117340594014802	0.152440927115465	-0.0785418549796953	0.260402292630249	-0.0407307365183693	0.564642986420073	-0.25127484536076	-0.266032380929108	-0.0349615296538898	"S04"	0.668283674624616	"IS04"
"ENPP6"	"ENPP6"	0.0273275545202415	0.177791799360165	-0.344280995927756	0.464881104667743	0.136079943218528	0.390608450583892	0.254643925398428	-0.172457156216727	0.0333006695792733	-0.104547595093904	0.265802153613992	-0.313923284119669	-0.282110248133638	2.39473023038881	"S05"	2.39473023038881	"IS14"
"LRRC55"	"LRRC55"	0.0799798920469146	-0.0111600990188193	-0.253293906758588	0.0702530256281216	0.0525204144874498	0.350938399163723	-0.151224445755348	-0.183250744456519	-0.0815622476076014	0.274512952186309	0.083167535556385	-0.156858786000273	-0.19200077309789	1.98915174661034	"S05"	1.98915174661034	"IS14"
"ESRRB"	"ESRRB"	0.0728349470706933	0.16420347790134	-0.0769257139413158	0.0318892810303031	-0.0399549645731856	0.0535009614139815	-0.0673675912542972	-0.0361393683646825	0.106786571896509	-0.0158945789861679	-0.08009145119785	-0.1684332205676	-0.155487409410126	1.80518021529743	"S05"	1.80518021529743	"IS14"
"B3GAT2"	"B3GAT2"	0.247967168463676	0.176962391896947	-0.0848880053357309	0.147836577440515	-0.0102907051178558	0.159236786950938	0.0496965126944234	0.0435388349071682	0.716968271289775	-0.0606726507620765	0.0700123728953149	-0.368723965394466	-0.626678137183631	1.79578372902493	"S05"	1.79578372902493	"IS14"
"VASH2"	"VASH2"	0.603882901537371	0.336915075704878	-0.183452471597093	-0.146218357103076	0.0137999469999792	0.262731112601299	0.0179217843855556	0.321641865945878	0.429009978901111	0.2474549806211	-0.173426303118395	-0.514955552753555	-0.53804230760002	1.74058234144679	"S05"	1.74058234144679	"IS14"
"NEDD1"	"NEDD1"	1.18442279631975	-0.0130122447281703	-0.151308415445305	-0.0401552120393194	0.295731008355033	0.0767818450251138	-0.120904802612261	-0.189180441704066	0.0800266610172083	0.24981571289049	-0.183888132363396	0.0983759460093827	-1.08425915303846	1.43854595854253	"S05"	1.43854595854253	"IS14"
"REM1"	"REM1"	-0.182617780169914	-0.0324137558551274	-0.472245024567409	1.2084803832673	0.111529557794485	0.573346814603053	-0.168398973897865	-0.11175497797798	-0.0451535557614451	0.348632111125276	-0.211758560611475	-0.432620045382954	-0.137754494513624	1.39374681949345	"S05"	1.39374681949345	"IS14"
"NPPC"	"NPPC"	-0.0428040850346546	-0.00996950007307436	-0.0802822947881505	0.0649091881185428	-0.097379605874753	0.635914106560817	0.0391562152087298	0.00323177063034475	0.0909224373230131	-0.221418151136613	-0.196083919652365	-0.311814532456587	-0.0604236434094384	1.31947423139943	"S05"	1.31947423139943	"IS14"
"NEURL3"	"NEURL3"	-0.157267436147723	-0.0601183517776979	-0.278220666873826	-0.0976794119671	0.438307031338093	0.0897246186067859	0.307928178409695	-0.0112105079719736	0.125482764423864	-0.0554876257027	0.700733694291849	-0.193684448644664	-0.0989950332145671	1.31589713614289	"S05"	1.31589713614289	"IS14"
"C8G"	"C8G"	-0.274469147015667	0.157368136731316	-0.106546992961927	-0.442828567739414	0.223784904703912	0.107129706664719	0.807086510279235	0.755653834384565	0.299544651529823	-0.326541434815641	0.111537598239321	-0.534284869326032	0.123042568261476	1.18132388111415	"S05"	1.18132388111415	"IS14"
"FAM151A"	"FAM151A"	0.0297280251782631	0.0968736920710973	-0.147919452614797	0.0101696824977498	-0.0580756586475095	0.50047902415699	0.816539331800085	0.0514701652042766	0.146685433789824	-0.142890552943897	0.351565525642048	-0.328637480644338	-0.294606121088071	1.16159867684627	"S05"	1.16159867684627	"IS14"
"LRRC49"	"LRRC49"	0.47011390353263	0.37455008794261	-0.0608676484408141	0.41321611177795	-0.289823336996493	0.0312667019810042	-0.0494775700514731	0.0185181847055333	0.533573478618625	0.0503515386218473	0.0817009130311258	-0.442647140903858	-0.43953849396097	1.06407576312264	"S05"	1.06407576312264	"IS14"
"FATE1"	"FATE1"	-0.0673172156825428	0.0497217687665912	-0.329706308695964	-0.040463174152686	0.480166484812	-0.00875911344959467	0.166843483799531	0.259372677279974	-0.0739315963429838	0.283180217992502	-0.0638793658743752	-0.195734764300028	0.027498179397867	1.03395347955035	"S05"	1.03395347955035	"IS14"
"ARHGEF9"	"ARHGEF9"	0.286794908950849	0.0795610349404798	-0.108885317195449	0.290620236265288	-0.0923774003811911	0.181576480512059	0.0909015145207836	0.0550988049494893	0.432454909439217	0.157751392636239	0.120792661395156	-0.466133648544304	-0.338329923735721	0.87827600968867	"S05"	0.87827600968867	"IS14"
"ACHE"	"ACHE"	-0.0360726393979726	0.133686619190994	-0.140579470114981	-0.0249030986198278	0.0854784644047445	0.225183809146625	0.102899807725399	0.0815117424581064	0.0577318179522998	-0.0273439458510224	0.795137594369822	-0.274444586414859	-0.21570630075454	0.856255992612475	"S05"	0.856255992612475	"IS14"
"PINX1"	"PINX1"	0.376824783510321	0.114271964431324	-0.0973734032149235	0.0914745719285785	0.154261107369475	0.130900297431729	-0.186688949666782	-0.0115173744927897	-0.0470022135395648	0.109573832010448	-0.20965382556907	0.0347247995874964	-0.428997251997808	0.546770215864664	"S05"	0.546770215864664	"IS14"
"ANKIB1"	"ANKIB1"	1.69425614157974	0.0989336990063623	-0.157797073549037	-0.156564457344193	0.172239054467999	0.0893173909791192	-0.0780652041979998	-0.147215834065693	0.40103708866694	0.306700760436954	0.182522691826403	0.0118487293212673	-1.25568086918856	0.0609736877127318	"S06"	1.69425614157974	"IS01"
"KRIT1"	"KRIT1"	1.55993914108881	0.0583400289821808	0.023761006033254	0.0440075957036418	-0.051068456758538	0.0885865804731691	0.00957367374749195	0.0553670217087487	0.733529304434597	-0.0157254307330876	0.0719099817909281	-0.223559980107556	-1.27346343959068	0.0780609945953679	"S06"	1.55993914108881	"IS01"
"VPS50"	"VPS50"	1.49374244499765	0.02969370919198	-0.100976480659794	0.0514816154511844	0.107214939551507	0.195752987416826	-0.0568012573433428	-0.0455919245091243	0.371769953197961	0.14620275018238	0.170652387888648	-0.0849605368946396	-1.19268812252756	-0.0664956502219402	"S06"	1.49374244499765	"IS01"
"LMTK2"	"LMTK2"	1.47795818580713	0.0642336906377827	0.0308198547612007	-0.0431037209348366	-0.0729710044485974	-0.02965865185246	0.164447429884607	-0.0641972291190468	0.34777501570543	-0.00644512219265208	0.537049355882644	-0.0414185785314417	-1.18858600611859	0.0123161381013495	"S06"	1.47795818580713	"IS01"
"RBM48"	"RBM48"	1.46871626438665	0.0465658030451177	-0.0941961699825751	0.092116248663953	0.118051913893825	0.151909304834806	-0.0960867871775504	-0.0913216609749551	0.39723214516982	0.00830688726018388	-0.0857392550074361	-0.108428363019417	-1.03147765179279	0.206186473144149	"S06"	1.46871626438665	"IS01"
"PEX1"	"PEX1"	1.46402239606244	0.128194506388853	0.0050158245192993	-0.208592977212047	-0.0648884814209206	0.0940161365698013	0.0181869332694412	0.136733949116725	0.826018645944491	-0.177809151920908	0.147813396469104	-0.251749991527437	-1.05288144040428	0.164273245080781	"S06"	1.46402239606244	"IS01"
"TNKS"	"TNKS"	1.38131402836848	0.299099191793492	-0.138855109548273	0.147319721242111	0.00133769696379187	0.170724748440491	-0.052885488274168	-0.0913305615501113	0.49148390564899	0.219017533834106	0.119340869741394	-0.158311660229184	-1.17577241759334	0.369030007013204	"S06"	1.38131402836848	"IS01"
"FAM208B"	"FAM208B"	1.29275765233518	0.121242696424127	-0.130860514075315	-0.325676586108638	0.303420317704366	0.167743891853013	-0.0346726616626941	0.154926234977862	0.492002270349851	0.27111038813365	-0.00411595109958449	-0.102001030697846	-1.18542013895041	0.347910954264685	"S06"	1.29275765233518	"IS01"
"RSF1"	"RSF1"	1.28673209179962	0.0744355613889154	-0.112702062396985	0.112535463573715	0.127084572591829	0.154647072024141	-0.0217827306995389	-0.175982019779396	0.350521174199502	0.358822128370235	0.144342763468095	-0.0372169333362178	-1.22463795413223	0.185736099486615	"S06"	1.28673209179962	"IS01"
"GATAD1"	"GATAD1"	1.27890804810754	0.0928120079848156	0.0473700689080422	-0.0223805610760523	-0.157613358193819	-0.0404387096310537	0.10157228643449	0.0557158230376671	0.819581135575675	-0.046016732962239	0.170968056919181	-0.249350996532092	-0.955103868923354	-0.110585167638015	"S06"	1.27890804810754	"IS01"
"FAM133B"	"FAM133B"	1.26661159348492	0.213835838037431	0.0708418828657151	-0.12944833814489	0.0137436030719406	0.0932394980497988	0.0392783216631177	0.0698896940859423	0.715826459642438	0.0251752028992707	-0.106110812662243	-0.140902655080619	-1.280790059143	0.365205940389966	"S06"	1.26661159348492	"IS01"
"VANGL1"	"VANGL1"	1.26311811044379	-0.0760724377251882	-0.0767202680671077	-0.41668442714413	0.233526661404533	-0.032199959298329	-0.319779454841122	-0.175678476547823	0.096091939039653	0.572627831752713	0.15351534994926	0.268109740442995	-1.04781770628596	-0.111523066194296	"S06"	1.26311811044379	"IS01"
"ETNK1"	"ETNK1"	1.2129547197537	0.0178926780244509	-0.0663320759502846	-0.218805956555007	0.0474046884859256	0.102755835953913	0.17336645033168	-0.209637892494306	0.343590827585524	0.00641991376998985	0.969842067477808	-0.0620371374615376	-0.990349415932332	0.089011359294405	"S06"	1.2129547197537	"IS01"
"KAT6A"	"KAT6A"	1.20714736807587	-0.0156895777905612	-0.166852651085066	0.190660480675379	0.0049213937862162	0.231053983358617	0.0124706038281648	-0.213075377241236	0.249450680082061	0.185080196335021	0.0757121158243976	0.0251047005630576	-1.02961886373792	0.589563186642009	"S06"	1.20714736807587	"IS01"
"C11orf30"	"C11orf30"	1.14611036861917	0.283351374554045	-0.12822683224503	-0.00509104124025024	0.0860153721062104	0.255444972371556	-0.000221938026476628	-0.0924987695163911	0.546234459216451	0.180905940169876	0.0455969210456332	-0.154175796169648	-1.104184405057	0.533831801210428	"S06"	1.14611036861917	"IS01"
"C2CD5"	"C2CD5"	1.12712967144824	0.0745925342472493	-0.0555707868496908	0.169667160907447	-0.0318101716225081	0.212343348815755	0.0943953258413549	0.0360604329813232	0.68194924769415	-0.0477748102867684	0.438701196002341	-0.294081751988813	-1.1104386595799	0.258284578122569	"S06"	1.12712967144824	"IS01"
"NAF1"	"NAF1"	1.04389900401932	0.0937511000937231	-0.0792282709742265	0.335132602670502	0.107029983150479	0.040232242818125	-0.0313952888962571	-0.0500576415234992	0.331891905022675	0.117686267372966	0.0169692413345247	0.106933362949015	-1.26087208444959	0.410926704910691	"S06"	1.04389900401932	"IS01"
"PPM1D"	"PPM1D"	1.03575691550439	0.055873696340279	-0.266910532403492	0.639091906438895	0.0829530377288469	0.266612065596356	0.0526562441516311	-0.0900313577729294	0.209750509498758	0.159411711499629	0.264708630874568	-0.0804043063224673	-1.07086490323838	0.31982833630159	"S06"	1.03575691550439	"IS01"
"PKP4"	"PKP4"	1.0076677088289	0.0719545622633818	0.0414248138883783	-0.129884437416779	-0.0133097675289294	-0.104408035051959	0.0479664356784034	0.320100461568278	0.464736155832664	-0.116678079049884	0.376964024217081	-0.17045291420353	-0.907188924323566	0.287389164707805	"S06"	1.0076677088289	"IS01"
"BEND3"	"BEND3"	0.999492816080234	0.165706503685784	0.0100821187234386	-0.578576348716908	0.145358188189427	-0.0369908559968787	0.277089542195482	0.454677491940244	0.158560279717795	0.112236099562113	0.176371589154818	0.0608775646336981	-1.07318589072645	0.517602191526448	"S06"	0.999492816080234	"IS01"
"RPS6KB1"	"RPS6KB1"	0.958277723544715	0.241961564978889	-0.107840857720513	-0.239208541639304	0.189555117643242	0.10186935407221	-0.0617763539815869	0.0302951644282046	0.497985341652502	0.207958299417055	-0.0704833760456658	-0.0302984114315968	-0.850636818740894	-0.0486820483948561	"S06"	0.958277723544715	"IS01"
"CDK6"	"CDK6"	0.938755069771351	-0.00787375208062175	-0.107469565713323	-0.0320974857733192	0.162268189798383	0.0328273453214234	0.031695078965066	-0.18909607256972	0.0105989300654859	0.33186335866533	-0.159042410484736	-0.0282783120586766	-0.556875149083481	0.25419819997399	"S06"	0.938755069771351	"IS01"
"DDX52"	"DDX52"	0.931416103302261	0.0240655304805604	0.0159949092331104	-0.373186301022261	0.206337060209908	0.0235371242284256	0.412610405136637	0.0471843339797336	0.178925912637099	0.226707453859229	0.172939293799541	0.182964331734174	-1.15190031066508	0.141980668782085	"S06"	0.931416103302261	"IS01"
"ZNF473"	"ZNF473"	0.918012335461006	0.155469293412013	-0.0843471872147102	-0.183479702052754	0.147902537916434	0.0088219797926167	0.209271161338791	0.281225803784947	0.600747212720069	0.0854480308929778	-0.0751789441463039	-0.162029014199776	-0.905944925790437	0.458029258539728	"S06"	0.918012335461006	"IS01"
"AARS2"	"AARS2"	0.849769754008844	0.0202576850107437	-0.0348269096897343	-0.383461625794479	0.174464048963222	0.0932222144328753	0.192287856670361	0.492838003030087	0.457256374055369	0.170807605693103	0.0833692175186219	-0.188304814312779	-1.0324024734731	0.691084823131657	"S06"	0.849769754008844	"IS01"
"MTMR9"	"MTMR9"	0.834364900208965	0.0315228081594204	-0.179569025409536	0.75197438538597	0.0786729537391535	0.371209433534503	-0.150351943605483	-0.248601783551931	0.34972557808629	0.589657699801693	0.131597101827225	0.047242874131595	-1.47537561918172	-0.02788868649686	"S06"	0.834364900208965	"IS01"
"ERI1"	"ERI1"	0.776673118342422	0.135241226006464	-0.225974787145519	-0.0193672417307313	0.41745962337688	0.139016960078796	0.0056892412565418	0.0167667112795579	0.140186157555981	0.290840047827432	0.102508511307136	0.150001892479425	-1.04307299476274	0.403972256222471	"S06"	0.776673118342422	"IS01"
"EHHADH"	"EHHADH"	0.770368379718457	0.00566435623945721	-0.0839704842292226	0.12746292110164	-0.0317419956318084	-0.0139608636884044	0.438919123323547	-0.141401120067623	0.271119072991204	-0.0466411954062061	0.562060427193716	0.0778502010249863	-0.79370299550078	0.108534401166825	"S06"	0.770368379718457	"IS01"
"CTH"	"CTH"	0.724291261385563	0.111936338067694	0.0571220028738013	-0.109005715974562	-0.0583518091127807	-0.0811671615916099	0.190080681813514	-0.0355649925624084	0.312204604455624	-0.065817104476998	0.268937193329482	-0.0385556273759227	-0.57592549471784	-0.100216473679041	"S06"	0.724291261385563	"IS01"
"BAIAP2L1"	"BAIAP2L1"	0.601033653553451	0.128757103768197	0.188282108957222	-1.02192552102959	0.0592594083294544	-0.18536317287085	0.00120184670178313	0.168109833673839	0.266133007174403	0.104132292568871	0.273846531458415	0.224118428833913	-0.679846171961008	0.203218449673279	"S06"	0.601033653553451	"IS01"
"PABPC1"	"PABPC1"	0.372479524520921	0.138110258566817	0.169156196406784	-0.670947440445518	-0.00680011792128895	-0.0373576138204198	-0.0168770620770253	0.277802390274955	-0.0655623277502833	-0.0654807554420704	-0.186526196600975	0.330130689280686	-0.493075380748564	0.0267486867412858	"S06"	0.372479524520921	"IS01"
"CYP3A43"	"CYP3A43"	0.273448083857752	0.896433154982091	-0.0877920749826469	0.035813672789129	-0.106955747589562	0.0133617249978295	0.126052192613674	0.0754043923346966	1.34717943886732	-0.138387594914906	-0.0041702781733866	-0.485514623048571	-0.445533996177575	0.193593265730653	"S07"	1.34717943886732	"IS09"
"MYLK3"	"MYLK3"	0.448917197034128	0.832294802334891	-0.134880588387075	0.247127783210593	-0.0649132811086313	0.16270909504544	0.123340609631593	-0.00209013201843992	1.30062632932983	-0.124999579510787	0.0632704717660527	-0.510340508971744	-0.654155188199152	0.1644815204616	"S07"	1.30062632932983	"IS09"
"PLGLB1"	"PLGLB1"	0.309623937286508	0.213907384104885	-0.120684127573143	0.00110984298297377	0.00990637002340519	0.36396785825313	0.489274954398034	0.332127516443607	1.2952967147299	-0.0762920395968206	0.000665192006349578	-0.709715316819938	-0.561683897668315	0.469473446437218	"S07"	1.2952967147299	"IS09"
"OPRM1"	"OPRM1"	0.483055347145571	0.831235992410613	-0.0188843999704066	-0.0342736747010707	-0.0892854366617933	0.264514825330001	-0.0986167666996423	0.249456446333275	1.27174071303538	-0.1225174955341	0.0118866905410881	-0.57188972277863	-0.772794098347744	0.216947390646413	"S07"	1.27174071303538	"IS09"
"TMC2"	"TMC2"	0.513633932423729	0.768160778670243	-0.170229567602199	0.703321747977946	-0.127504327031095	0.284616750838358	0.369811745367145	0.215328871714667	1.16771709778754	-0.0984453333402752	-0.0695718040096887	-0.653864586718119	-0.859332211753929	0.208507554901625	"S07"	1.16771709778754	"IS09"
"LRRC69"	"LRRC69"	0.361213074278993	0.355900416494857	0.0311028589947217	-0.36159507230349	-0.04027926665046	0.126439074221571	0.153692077462533	0.333405319609468	1.16360497689556	-0.157593651803416	-0.107239931502679	-0.402067620462621	-0.511458875161014	0.117155796152848	"S07"	1.16360497689556	"IS09"
"PRR23C"	"PRR23C"	0.305615260654334	1.01450769578383	-0.0487453606977574	-0.234482262124754	-0.0433679037053704	0.132829180125041	0.126641215636626	0.433547669155798	1.10912017375487	-0.161261060940394	0.0371241424229911	-0.563653037808361	-0.534616678460944	0.271611761230496	"S07"	1.10912017375487	"IS09"
"SLC22A25"	"SLC22A25"	0.53363703983695	0.839342611210098	-0.0100792527859054	-0.0688855824204622	-0.0134383874603802	0.0543394541267265	0.398036964080984	-0.0239387471034576	1.0565965761952	-0.0581818616136654	0.0124225778656444	-0.335961328386759	-0.778929843154344	0.0541684664292187	"S07"	1.0565965761952	"IS09"
"SLC22A9"	"SLC22A9"	0.173040173348679	0.622512992562698	-0.0567616435714078	-0.217186037134034	-0.0789608356967859	0.141982146138825	0.637097627464976	0.201272193913571	1.05158389275022	-0.17009667984929	0.124979632198155	-0.512585625834686	-0.332237830606675	0.280899781141293	"S07"	1.05158389275022	"IS09"
"CACNG8"	"CACNG8"	0.188323429433208	0.390430518479204	-0.0109851534368766	-0.207915043864481	-0.0289217330652061	-0.0288029212872063	0.100623031092937	0.436441623085264	1.05076087034166	0.148923902141958	0.0635426541149022	-0.475629209835956	-0.494556575567695	0.195494998188057	"S07"	1.05076087034166	"IS09"
"SEPT14"	"SEPT14"	0.762018992018192	0.449139251073022	0.0374072859193238	-0.145595271168101	-0.0318531347648145	0.0621330120024486	0.314858363578761	0.180412363714105	1.05026246182249	-0.0698786391082372	-0.111726537831285	-0.348927905457351	-0.919492595446322	0.337311079779503	"S07"	1.05026246182249	"IS09"
"ANKRD36C"	"ANKRD36C"	0.673655049704178	0.218605903770649	-0.187277340647816	0.154970779817511	-0.00149136758523973	0.206080787678558	-0.12546381282321	-0.0847923719505606	1.03432074883234	0.0181797857944541	0.545995673560896	-0.339685770549583	-0.734172145381821	0.0969871545038701	"S07"	1.03432074883234	"IS09"
"LECT2"	"LECT2"	0.094700378949884	0.547464167634719	0.0803746012547144	-0.0087839064020708	-0.173950845070549	0.198212264517663	0.218260162144441	0.151008724695646	0.900949241087343	-0.137339438705257	-0.0821096876206017	-0.629036152815993	-0.164656761067204	-0.0972289578493463	"S07"	0.900949241087343	"IS09"
"EFCAB5"	"EFCAB5"	0.292088927527813	0.48593124497732	-0.0159204580823542	-0.0553637461264935	-0.0870311460339398	0.179290825940428	0.280472455748332	0.128897273876006	0.878580703788316	-0.16879441365152	0.367348894485519	-0.550928102078092	-0.440256746823214	0.451028711235387	"S07"	0.878580703788316	"IS09"
"PRSS55"	"PRSS55"	0.0793575664144695	0.616010894699377	-0.0590545284299581	-0.169120789711216	0.0289032427326909	0.110024479230567	0.00782852820429981	0.2572059380524	0.87028159073757	-0.134160062808517	0.205584430496106	-0.470226856834761	-0.35697450100161	0.709974734296321	"S07"	0.87028159073757	"IS09"
"HYAL4"	"HYAL4"	0.417817753344702	0.778831150362126	-0.101259107283155	-0.0440021329463647	-0.00948253297535104	0.117446664110245	0.0411520902385488	-0.00210384699727161	0.85223974130545	0.0732057490470573	0.182866997548998	-0.335934760225871	-0.608825580331802	0.232910164399894	"S07"	0.85223974130545	"IS09"
"CCDC65"	"CCDC65"	0.443797826995941	0.247348539443472	-0.172044866948293	0.307938735944484	0.0705842676966773	0.457720529441592	0.0498736361769456	0.21099286105772	0.844056234295743	0.0343752337928096	0.243820133310102	-0.518244811580021	-0.812591420780972	0.326873468871646	"S07"	0.844056234295743	"IS09"
"PDE6A"	"PDE6A"	0.317865936040394	0.775659469910009	-0.141754589642758	0.107617168201858	-0.0241105994883805	0.22167341132116	0.0778532489335872	0.0798491551016941	0.823364728322559	-0.077297977822625	0.404262902748861	-0.379105631318502	-0.603233757976091	0.154311396292333	"S07"	0.823364728322559	"IS09"
"SPATA6L"	"SPATA6L"	0.127396305513132	0.12725126809202	0.0180132345908354	0.211650253243256	-0.138544485695342	-0.0902865738504897	0.0924164512607152	0.169596423728733	0.697437611289268	-0.252584386459415	0.568931644967193	-0.40212044351922	-0.190844490322103	-0.100573056396576	"S07"	0.697437611289268	"IS09"
"SAMD7"	"SAMD7"	0.248352828757478	0.52995859810038	-0.0320984481718615	-0.279157880061395	-0.00860086437924205	0.131579526101136	-0.0227534428727768	0.321624610438095	0.636800313577316	-0.280763632979718	0.595631694396532	-0.213095348220084	-0.51799669737183	0.090819855662434	"S07"	0.636800313577316	"IS09"
"SHBG"	"SHBG"	0.224525572414144	0.331002596334501	-0.00617451128083051	0.0634401742270691	0.0221532790954019	-0.0365969308720389	0.608744951163488	0.151113830069903	0.614368231764379	0.0271160295367583	-0.0954484282712301	-0.426499244471143	-0.321788760005244	0.180049494726814	"S07"	0.614368231764379	"IS09"
"A4GNT"	"A4GNT"	-0.000993022521488496	0.0139581291056891	-0.162785261160664	0.27482986308211	-0.00533938953081074	0.124860111815637	-0.124180682983705	0.00401713467698851	0.60739235605204	0.216460590786869	0.534672836019989	-0.270148921821183	-0.300381571330516	-0.054489044379222	"S07"	0.60739235605204	"IS09"
"SLC10A5"	"SLC10A5"	0.548779235368005	0.155415457085808	-0.00215969141687223	-0.0300928989925983	-0.155788794571658	-0.0295448029068134	0.456735209503823	0.290790889669569	0.566833752136367	-0.216983807338251	0.495977363295229	-0.285782162310402	-0.547414104179074	0.205250857145484	"S07"	0.566833752136367	"IS09"
"PHKG1"	"PHKG1"	0.0451897829889373	0.295009094246758	-0.0764875685503171	0.353837690166979	-0.034324613553275	0.0500373572388705	-0.00422341982974282	0.0509103008510758	0.382017368782124	-0.0276036381523713	-0.0640494197170497	-0.319105563985746	-0.129013235205663	0.353207996392476	"S07"	0.382017368782124	"IS09"
