"IS01"	"IS02"	"IS03"	"IS04"	"IS05"	"IS06"	"IS07"	"IS08"	"IS09"	"IS10"	"IS11"	"IS12"
"GPHA2__pos"	2.22044604925031e-16	2.22044604925031e-16	2.22044604925031e-16	494.015523190091	2.22044604925031e-16	2.22044604925031e-16	2.22044604925031e-16	2.22044604925031e-16	2.22044604925031e-16	2.22044604925031e-16	2.22044604925031e-16	2.22044604925031e-16
"CXCL11__pos"	2.22044604925031e-16	2.22044604925031e-16	2.22044604925031e-16	2.22044604925031e-16	215.055406332495	2.22044604925031e-16	2.22044604925031e-16	2.22044604925031e-16	2.22044604925031e-16	2.22044604925031e-16	2.22044604925031e-16	2.22044604925031e-16
"SPIB__pos"	142.590514927757	23.8552363979746	2.22044604925031e-16	19.4750104062303	2.22044604925031e-16	2.22044604925031e-16	2.22044604925031e-16	8.91255779064391	1.33828404959719	2.22044604925031e-16	2.22044604925031e-16	5.26472226789402e-07
"CD274__pos"	0.418469882698796	2.22044604925031e-16	37.6816229325804	2.22044604925031e-16	125.061977134854	8.64385311025874	2.22044604925031e-16	53.7630282263772	2.22044604925031e-16	14.7386636539312	7.07807848230864e-10	2.22044604925031e-16
"UTS2__pos"	29.0740657448787	0.000365633245311249	2.22044604925031e-16	2.22044604925031e-16	19.3001219505407	0.00590646796468215	2.22044604925031e-16	203.504528289865	2.22044604925031e-16	2.22044604925031e-16	2.22044604925031e-16	2.22044604925031e-16
"SLAMF6__pos"	102.682078390614	2.22044604925031e-16	9.71618632823272	2.22044604925031e-16	12.4661198663069	23.3315512960543	2.22044604925031e-16	4.61322120070031e-15	2.22044604925031e-16	56.7741502581244	0.569081223371989	2.87143399242107
"GZMB__pos"	14.9938264297097	3.8156898292679	2.22044604925031e-16	2.22044604925031e-16	184.983694062225	16.4416964172736	2.22044604925031e-16	2.22044604925031e-16	2.22044604925031e-16	2.22044604925031e-16	2.22044604925031e-16	2.22044604925031e-16
"IL9R__pos"	60.1552353697981	19.8766392579903	10.5578938525505	2.22044604925031e-16	11.2783270647787	75.7802970211986	2.75226146007864	2.22044604925031e-16	85.496397318349	1.19467364384762e-12	5.65222664873993e-05	3.50509570494757
"GBP5__pos"	10.582330386149	2.22044604925031e-16	2.22044604925031e-16	2.22044604925031e-16	207.120796628974	2.22044604925031e-16	2.22044604925031e-16	2.22044604925031e-16	2.22044604925031e-16	2.22044604925031e-16	2.22044604925031e-16	2.22044604925031e-16
"TRAT1__pos"	107.386322038684	10.5182942065882	4.31513672939441	2.22044604925031e-16	14.4358623484373	58.6577690359624	2.22044604925031e-16	2.22044604925031e-16	2.22044604925031e-16	14.1879683458541	2.22044604925031e-16	2.22044604925031e-16
"TMEM244__pos"	36.2513271962877	47.2127817293908	53.6319480464208	0.00175012187634501	6.67940369554705e-07	46.6705923664199	7.67616086726185e-09	68.1591453839433	9.73892135204398	2.22044604925031e-16	0.00121518133150624	2.00296423935955
"SLA2__pos"	52.7055101322042	22.0834784275561	0.141996951263016	2.22044604925031e-16	60.1527945407392	85.785516447152	2.22044604925031e-16	2.22044604925031e-16	1.5535235661599	17.2460389210816	0.145097515336207	3.83509468802177
"LILRB1__pos"	26.712975087546	0.000194484320386722	86.9814045139813	3.03696681413014	4.47372318636018e-06	2.00215080925551	30.6448656846032	2.22044604925031e-16	15.3700564078957	56.4784141268125	1.06484718862357e-06	3.71750703479543
"PLA2G2D__pos"	138.166545653309	2.22044604925031e-16	2.22044604925031e-16	2.22044604925031e-16	36.7219590509297	2.22044604925031e-16	2.22044604925031e-16	2.22044604925031e-16	2.22044604925031e-16	2.22044604925031e-16	2.22044604925031e-16	2.22044604925031e-16
"FCER1G__pos"	2.22044604925031e-16	11.8252370566064	146.857771460656	12.4595589384146	21.7993259559843	9.40961267321611	33.0120659015607	2.22044604925031e-16	13.2266705498901	2.22044604925031e-16	2.22044604925031e-16	2.22044604925031e-16
"KLRC2__pos"	2.22044604925031e-16	2.22044604925031e-16	2.22044604925031e-16	2.22044604925031e-16	2.22044604925031e-16	209.72054895414	2.22044604925031e-16	1.33258662032678e-05	2.22044604925031e-16	2.22044604925031e-16	2.22044604925031e-16	2.22044604925031e-16
"CD3E__pos"	60.0832744600898	59.6818263468082	2.22044604925031e-16	2.22044604925031e-16	34.7046556884233	54.4325282197294	2.22044604925031e-16	2.22044604925031e-16	2.22044604925031e-16	19.5591034649498	3.83430199024382e-07	2.22044604925031e-16
"KLRC4.KLRK1__pos"	34.0010804852054	2.22044604925031e-16	4.06204555730915	2.22044604925031e-16	2.22044604925031e-16	183.482817601823	2.22044604925031e-16	2.22044604925031e-16	2.51730345034336e-13	23.698583323265	4.30714536328438	2.22044604925031e-16
"IDO1__pos"	2.22044604925031e-16	2.22044604925031e-16	2.22044604925031e-16	2.22044604925031e-16	172.916528808361	2.22044604925031e-16	2.22044604925031e-16	2.22044604925031e-16	2.22044604925031e-16	2.22044604925031e-16	2.22044604925031e-16	2.22044604925031e-16
"KLRD1__pos"	13.3895734540034	2.22044604925031e-16	30.8458581329851	4.82025498600236	53.3840769870086	133.808167201027	2.22044604925031e-16	6.00004321239944	9.00647346991457e-05	2.22044604925031e-16	2.22044604925031e-16	0.0951147715903504
"KCNJ10__pos"	55.325774462119	2.22044604925031e-16	11.8455194117209	100.986346789918	93.059221140776	2.22044604925031e-16	2.22044604925031e-16	2.22044604925031e-16	15.5293734337376	2.22044604925031e-16	2.22044604925031e-16	1.9584705985726e-12
"RTTN__pos"	9.65065333978735	2.22044604925031e-16	2.22044604925031e-16	6.53296913981022	2.22044604925031e-16	2.22044604925031e-16	2.22044604925031e-16	263.789115787737	17.2877973441677	2.22044604925031e-16	2.22044604925031e-16	6.05997222066123
"IFNG__pos"	11.5453285630749	2.22044604925031e-16	2.22044604925031e-16	2.22044604925031e-16	211.466759924811	8.57732933373004	2.22044604925031e-16	2.22044604925031e-16	2.22044604925031e-16	2.22044604925031e-16	2.22044604925031e-16	2.22044604925031e-16
"CXCL10__pos"	2.22044604925031e-16	2.22044604925031e-16	6.30534960419402	2.22044604925031e-16	179.477651764429	2.22044604925031e-16	2.22044604925031e-16	3.79431507548619	2.22044604925031e-16	2.09430961722378	2.22044604925031e-16	2.22044604925031e-16
"LILRA4__pos"	105.003002966451	23.0835966091504	51.9251440361401	2.22044604925031e-16	2.22044604925031e-16	2.22044604925031e-16	2.22044604925031e-16	2.22044604925031e-16	2.22044604925031e-16	2.22044604925031e-16	2.22044604925031e-16	2.24827124372493
"PLEK__pos"	62.7538805647554	2.22044604925031e-16	131.954895871716	2.22044604925031e-16	15.8576585344078	2.22044604925031e-16	2.22044604925031e-16	1.62724230412624e-09	2.22044604925031e-16	17.4319263124373	2.22044604925031e-16	2.22044604925031e-16
"FAM26F__pos"	17.7057856859584	47.1941577584698	64.6837112897983	2.22044604925031e-16	72.8743563100283	0.00256537434384377	2.22044604925031e-16	36.6780223540446	2.22044604925031e-16	4.59821135585141e-05	2.22044604925031e-16	2.22044604925031e-16
"LAG3__pos"	19.4755241339892	29.3239806689272	2.45568538130329e-15	19.3924423044518	149.894799934332	6.32647481858519	2.22044604925031e-16	2.22044604925031e-16	3.3947614546614	2.22044604925031e-16	3.57686933555629e-13	5.66642265426891
"TSPY2__pos"	2.22044604925031e-16	2.22044604925031e-16	2.22044604925031e-16	2.22044604925031e-16	2.22044604925031e-16	2.22044604925031e-16	2.22044604925031e-16	2.22044604925031e-16	2.22044604925031e-16	2.22044604925031e-16	2.22044604925031e-16	256.757554225078
"LAIR1__pos"	11.6227238472633	2.22044604925031e-16	226.763054905361	2.22044604925031e-16	2.22044604925031e-16	2.22044604925031e-16	5.97323415861389	2.22044604925031e-16	2.22044604925031e-16	2.22044604925031e-16	2.22044604925031e-16	8.32316667818203
"TSHZ2__pos"	3.57951471578023	2.22044604925031e-16	2.22044604925031e-16	2.22044604925031e-16	2.22044604925031e-16	2.22044604925031e-16	2.22044604925031e-16	2.22044604925031e-16	2.22044604925031e-16	2.22044604925031e-16	193.031583122553	2.22044604925031e-16
"CXCL9__pos"	22.1911796152498	1.87570512013928e-10	2.22044604925031e-16	2.22044604925031e-16	204.69492039132	0.206764864848276	2.22044604925031e-16	2.22044604925031e-16	2.22044604925031e-16	2.22044604925031e-16	2.22044604925031e-16	2.22044604925031e-16
"TIGIT__pos"	79.0042874822751	42.8448822701795	3.20348073544483	2.22044604925031e-16	57.7058581379023	18.2991182490652	2.22044604925031e-16	3.50489011445247	0.094416538984906	14.8218000751413	2.22044604925031e-16	2.89574439685469
"AL133475.1__pos"	2.22044604925031e-16	2.22044604925031e-16	2.22044604925031e-16	2.22044604925031e-16	2.22044604925031e-16	2.22044604925031e-16	2.22044604925031e-16	2.22044604925031e-16	90.3722744951135	2.22044604925031e-16	2.22044604925031e-16	2.22044604925031e-16
"GZMH__pos"	13.1937080053316	12.7682422293457	2.22044604925031e-16	2.22044604925031e-16	112.109069216029	93.652913975955	2.22044604925031e-16	2.22044604925031e-16	2.22044604925031e-16	2.22044604925031e-16	2.22044604925031e-16	2.22044604925031e-16
"CT47A1__pos"	2.22044604925031e-16	2.22044604925031e-16	2.22044604925031e-16	2.22044604925031e-16	2.22044604925031e-16	2.22044604925031e-16	2.22044604925031e-16	2.22044604925031e-16	2.22044604925031e-16	2.22044604925031e-16	2.22044604925031e-16	157.992082995548
"DDX10__pos"	2.22044604925031e-16	0.000872818652813497	2.22044604925031e-16	2.34610194811673	2.22044604925031e-16	2.22044604925031e-16	8.86510025791929	229.976717713022	2.22044604925031e-16	2.22044604925031e-16	2.22044604925031e-16	2.59204198743388
"SIRPG__pos"	89.5103589312595	23.2217630255032	2.22044604925031e-16	2.22044604925031e-16	93.5450214224768	17.7832763645932	2.22044604925031e-16	2.22044604925031e-16	2.22044604925031e-16	2.22044604925031e-16	2.22044604925031e-16	2.22044604925031e-16
"PDCD1__pos"	75.8956036262505	13.9967717436228	2.22044604925031e-16	18.9271867269652	107.25168011615	22.5591887739512	2.22044604925031e-16	2.22044604925031e-16	2.22044604925031e-16	2.22044604925031e-16	2.22044604925031e-16	2.22044604925031e-16
"PTPRCAP__pos"	102.131947118423	52.135628205908	2.22044604925031e-16	2.22044604925031e-16	28.1104860040297	22.0646291529403	2.22044604925031e-16	2.22044604925031e-16	2.22044604925031e-16	2.22044604925031e-16	2.22044604925031e-16	2.22044604925031e-16
"DNTT__pos"	2.22044604925031e-16	2.22044604925031e-16	2.22044604925031e-16	216.02642197406	2.22044604925031e-16	2.22044604925031e-16	2.22044604925031e-16	2.22044604925031e-16	2.22044604925031e-16	2.22044604925031e-16	2.22044604925031e-16	2.22044604925031e-16
"CST7__pos"	35.4765106307828	59.7673125575417	30.7973024675285	2.22044604925031e-16	18.2958302886803	50.0235072373971	2.22044604925031e-16	2.22044604925031e-16	2.22044604925031e-16	29.7673935629085	7.33538443741518	2.22044604925031e-16
"CXCR3__pos"	58.8218973946182	50.5930627901043	3.62147106180419e-05	1.32889455030065e-12	46.0892882118569	21.5618980647378	2.22044604925031e-16	1.97639955582832	2.22044604925031e-16	36.228378804635	2.22044604925031e-16	6.44395173833775
"EOMES__pos"	89.1048001772936	2.22044604925031e-16	2.22044604925031e-16	6.20235359093474	49.1560007626948	81.6037279187701	2.22044604925031e-16	1.75295460773063	2.22044604925031e-16	2.22044604925031e-16	2.22044604925031e-16	3.54500408424584
"KLRB1__pos"	58.7704593758095	38.5754181798876	10.663094525832	2.22044604925031e-16	2.22044604925031e-16	60.7311176004862	2.22044604925031e-16	2.22044604925031e-16	2.22044604925031e-16	14.6560263055451	44.2158176544198	2.22044604925031e-16
"FCGR1A__pos"	2.22044604925031e-16	28.2584974332822	169.787694238205	2.22044604925031e-16	43.8716002083549	4.57439120895233e-11	2.22044604925031e-16	8.59542513976732	2.22044604925031e-16	2.22044604925031e-16	2.22044604925031e-16	3.55324040022151
"MFRP__pos"	2.22044604925031e-16	2.22044604925031e-16	2.22044604925031e-16	217.822797927845	2.22044604925031e-16	2.22044604925031e-16	2.22044604925031e-16	2.22044604925031e-16	2.22044604925031e-16	2.22044604925031e-16	2.22044604925031e-16	2.22044604925031e-16
"PYHIN1__pos"	75.0933907462267	0.000278807181827498	12.5044432073972	3.27369537986821e-13	7.55927296622998	44.3517582552392	9.10401691913497e-06	4.87617525384266	27.8689922661877	51.6392897721913	15.9218017841725	2.22044604925031e-16
"KLRC4__pos"	18.4885157564715	2.22044604925031e-16	2.22044604925031e-16	2.22044604925031e-16	2.22044604925031e-16	228.209170304465	2.22044604925031e-16	2.22044604925031e-16	2.22044604925031e-16	2.22044604925031e-16	2.22044604925031e-16	2.22044604925031e-16
"OR5H14__pos"	2.22044604925031e-16	2.22044604925031e-16	2.22044604925031e-16	2.22044604925031e-16	2.22044604925031e-16	2.22044604925031e-16	2.22044604925031e-16	2.22044604925031e-16	2.22044604925031e-16	2.22044604925031e-16	2.22044604925031e-16	148.333955957227
"WAS__pos"	2.22044604925031e-16	71.3952175950196	7.72409779930348	0.189936015266053	1.72414633901571	23.2319890639548	52.4628280380799	31.2788862894699	12.6189187146195	2.22044604925031e-16	2.22044604925031e-16	1.86192911472061
"THEMIS__pos"	67.1473810250948	2.22044604925031e-16	2.22044604925031e-16	2.22044604925031e-16	2.72394490218469e-16	124.989565985387	2.22044604925031e-16	2.22044604925031e-16	2.22044604925031e-16	25.2219386906803	2.22044604925031e-16	2.22044604925031e-16
"CCL3__pos"	7.63170266553327	35.7324953893713	2.22044604925031e-16	2.22044604925031e-16	1.21055257691533e-10	10.9546926775849	54.4494968888254	16.6155673628089	14.6880926066275	19.8115052233083	41.4419985744741	0.228983883371379
"FCRL6__pos"	30.2207342594895	2.22044604925031e-16	28.2483562129448	2.22044604925031e-16	21.8671059217516	74.8125933683166	2.22044604925031e-16	2.22044604925031e-16	13.7980829053313	15.6967871226398	86.6937103799929	2.22044604925031e-16
"TIMD4__pos"	61.8603502532707	48.6461751189439	93.1209918206157	2.22044604925031e-16	2.22044604925031e-16	2.22044604925031e-16	2.22044604925031e-16	2.63985790634163e-14	3.94306083480797	2.22044604925031e-16	2.19821640082512e-11	5.24561539323464
"IKZF1__pos"	46.0052879303353	2.22044604925031e-16	31.2637213742892	6.65068834078276	2.7121652169204e-08	3.08453538770191e-08	8.22668138758392	0.00544660172198097	7.48191771789854	117.455447514534	2.22044604925031e-16	1.64095283088053
"CD2__pos"	51.2412617304557	58.8480816958423	0.0611419835717239	2.22044604925031e-16	44.7416028665853	46.2538622530634	2.22044604925031e-16	2.22044604925031e-16	2.22044604925031e-16	25.1982975274232	2.22044604925031e-16	2.22044604925031e-16
"SLAMF1__pos"	103.598401673693	2.22044604925031e-16	6.95947747316168	2.22044604925031e-16	0.00541888766929469	2.22044604925031e-16	2.22044604925031e-16	2.22044604925031e-16	2.22044604925031e-16	69.4187486803239	2.22044604925031e-16	1.76808978457511
"FAM78A__pos"	25.2855021454554	2.22044604925031e-16	2.22044604925031e-16	28.9958940032915	2.22044604925031e-16	2.22044604925031e-16	7.22802973343846	0.000272355825684195	11.4782709919983	157.769967576755	2.22044604925031e-16	1.90443579146339
"IL27__pos"	2.22044604925031e-16	1.52029216873793	54.1349853460193	9.13445550450032	79.3686260366737	2.22044604925031e-16	1.42481627843615e-08	3.00273074892753	11.090228609867	2.22044604925031e-16	107.17253345755	8.38412335049523
"SH2D1A__pos"	81.5599379436782	14.8427420208935	14.0754744372961	2.22044604925031e-16	24.9242605795434	33.6908182330617	2.22044604925031e-16	2.22044604925031e-16	2.22044604925031e-16	50.2022212189838	2.22044604925031e-16	2.22044604925031e-16
"NCR3__pos"	119.675454331579	21.2772223034182	1.34055742438194	6.21146466453261e-10	2.22044604925031e-16	24.9291635289882	2.22044604925031e-16	2.22044604925031e-16	2.22044604925031e-16	2.22044604925031e-16	2.22044604925031e-16	2.67270359622063
"CCL5__pos"	30.4719531012215	32.4989791690246	2.22044604925031e-16	2.22044604925031e-16	95.6722377872512	68.1931230844421	2.22044604925031e-16	2.22044604925031e-16	2.22044604925031e-16	2.22044604925031e-16	2.22044604925031e-16	2.22044604925031e-16
"C19orf47__pos"	2.22044604925031e-16	1.27229340779973e-12	2.22044604925031e-16	225.758494325718	0.926336043384004	2.22044604925031e-16	2.22044604925031e-16	38.4017506838405	6.5040887600193e-11	9.35837600826776	2.22044604925031e-16	2.09044327468679e-15
"C2orf80__pos"	13.7464675736565	2.22044604925031e-16	2.22044604925031e-16	2.22044604925031e-16	2.22044604925031e-16	2.22044604925031e-16	2.22044604925031e-16	2.22044604925031e-16	313.567678966917	2.22044604925031e-16	2.22044604925031e-16	2.22044604925031e-16
"CPA5__pos"	31.0048875713359	17.9456206985504	2.22044604925031e-16	239.624473740662	4.30502066900746	2.22044604925031e-16	2.22044604925031e-16	2.22044604925031e-16	2.22044604925031e-16	2.22044604925031e-16	2.22044604925031e-16	2.22044604925031e-16
"HTRA4__pos"	30.2051176616292	2.22044604925031e-16	124.156408678942	13.3119993727563	9.76377089298287	0.0230857857699393	2.22044604925031e-16	2.22044604925031e-16	46.0661547141493	2.22044604925031e-16	2.22044604925031e-16	4.44480265935991
"GZMM__pos"	2.22044604925031e-16	2.22044604925031e-16	2.22044604925031e-16	2.22044604925031e-16	2.22044604925031e-16	2.22044604925031e-16	117.813560433295	9.95358207531419	2.22044604925031e-16	9.48119953868789	2.22044604925031e-16	2.22044604925031e-16
"IL2RA__pos"	16.9361821212789	2.22044604925031e-16	148.934263517086	2.22044604925031e-16	11.0052866599961	2.22044604925031e-16	3.72254178993308	18.9193358826689	2.22044604925031e-16	37.4602446538824	2.22044604925031e-16	2.22044604925031e-16
"CCR5__pos"	32.5645106466651	1.83155359254111	54.7169053490876	2.22044604925031e-16	19.9538368496773	1.02532201934595	4.31838259432965	1.02583822597035	11.3840210383509	87.4364652032638	13.2172514301841	3.27678485760148e-05
"NCF4__pos"	24.8241940325048	2.22044604925031e-16	32.1983691954002	18.773181938487	2.22044604925031e-16	2.22044604925031e-16	31.9774039778331	2.22044604925031e-16	1.56442061972109e-08	95.7274889591696	2.22044604925031e-16	11.5009906464631
"CD37__pos"	2.22044604925031e-16	38.7145576418843	2.22044604925031e-16	2.22044604925031e-16	11.5866871878672	1.44986918412917	35.0879435764007	30.6148522895597	20.2182380644103	38.1157961766491	7.95948980223772	2.22044604925031e-16
"MOK__pos"	2.22044604925031e-16	2.22044604925031e-16	2.22044604925031e-16	2.20348494643344e-09	2.22044604925031e-16	2.22044604925031e-16	6.52374975303068e-12	3.31701130204656	375.183217861975	2.22044604925031e-16	2.22044604925031e-16	5.82730963239783e-08
"CD3D__pos"	2.22044604925031e-16	2.22044604925031e-16	2.22044604925031e-16	2.22044604925031e-16	2.22044604925031e-16	2.22044604925031e-16	113.58557804114	2.78485754827009	7.94361426294716	13.5625691638897	9.99238448796169	2.22044604925031e-16
"BIN2__pos"	2.22044604925031e-16	2.22044604925031e-16	2.22044604925031e-16	2.22044604925031e-16	19.7123299003788	2.22044604925031e-16	2.22044604925031e-16	2.22044604925031e-16	2.22044604925031e-16	13.7258220603016	255.885877450725	2.22044604925031e-16
"ZNF80__pos"	62.5216293988844	2.22044604925031e-16	2.22044604925031e-16	2.22044604925031e-16	18.9349666989745	3.32830005855211e-10	2.22044604925031e-16	2.22044604925031e-16	128.952028352789	2.22044604925031e-16	2.22044604925031e-16	7.66013232184132
"EBI3__pos"	11.5857069349288	47.3083410573657	32.9593376301771	19.61722435699	2.22044604925031e-16	2.22044604925031e-16	6.87029039555876	13.2570111429277	2.22044604925031e-16	54.5497106316204	63.7514688507099	1.13173940324579
"IL21__pos"	92.182480407187	2.22044604925031e-16	2.22044604925031e-16	2.22044604925031e-16	50.656485007744	2.22044604925031e-16	2.22044604925031e-16	2.22044604925031e-16	2.22044604925031e-16	2.22044604925031e-16	2.22044604925031e-16	2.22044604925031e-16
"MARCH4__pos"	2.22044604925031e-16	2.22044604925031e-16	2.22044604925031e-16	1.24130888296388e-14	2.22044604925031e-16	2.22044604925031e-16	2.22044604925031e-16	167.233715597217	2.22044604925031e-16	2.22044604925031e-16	2.22044604925031e-16	2.22044604925031e-16
"OR5H6__pos"	2.22044604925031e-16	2.22044604925031e-16	2.22044604925031e-16	2.22044604925031e-16	2.22044604925031e-16	2.22044604925031e-16	2.22044604925031e-16	2.22044604925031e-16	2.22044604925031e-16	2.22044604925031e-16	2.22044604925031e-16	345.260260683173
"TBX21__pos"	15.5939320125523	58.0179235751687	31.2421149158898	3.87209518497826e-05	33.3875060394594	38.8977691387409	2.22044604925031e-16	2.22044604925031e-16	4.27977524542701	25.9118699366854	38.0007362922399	2.22044604925031e-16
"TNFSF18__pos"	1.02297945208727	2.22044604925031e-16	167.223564099523	2.22044604925031e-16	2.22044604925031e-16	2.22044604925031e-16	2.22044604925031e-16	2.22044604925031e-16	2.22044604925031e-16	2.22044604925031e-16	2.22044604925031e-16	0.268583438218037
"RTP5__pos"	111.050684787018	15.8212825932996	2.22044604925031e-16	4.72959802370754	2.89973729883426e-11	72.5156683546037	2.22044604925031e-16	2.22044604925031e-16	6.94361184322678	2.22044604925031e-16	2.22044604925031e-16	2.22044604925031e-16
"KLRC3__pos"	2.22044604925031e-16	2.22044604925031e-16	2.22044604925031e-16	2.22044604925031e-16	2.22044604925031e-16	223.464759838124	2.22044604925031e-16	2.22044604925031e-16	2.22044604925031e-16	2.22044604925031e-16	2.22044604925031e-16	2.22044604925031e-16
"FASLG__pos"	26.70938619007	8.36626608440961	2.22044604925031e-16	2.22044604925031e-16	114.128488689619	96.2454473525725	2.22044604925031e-16	2.22044604925031e-16	2.22044604925031e-16	2.22044604925031e-16	2.22044604925031e-16	2.22044604925031e-16
"GTSF1L__pos"	45.7756631524777	2.22044604925031e-16	2.22044604925031e-16	2.22044604925031e-16	2.22044604925031e-16	2.22044604925031e-16	2.22044604925031e-16	2.22044604925031e-16	2.22044604925031e-16	2.22044604925031e-16	2.22044604925031e-16	2.22044604925031e-16
"XCR1__pos"	89.7458809963449	2.22044604925031e-16	2.22044604925031e-16	2.22044604925031e-16	2.22044604925031e-16	2.22044604925031e-16	2.22044604925031e-16	2.22044604925031e-16	2.22044604925031e-16	2.22044604925031e-16	109.799262957311	2.22044604925031e-16
"C1QA__pos"	2.22044604925031e-16	4.7854417227163	142.136134802615	8.60941637228189	27.7554773738784	0.0859875988172496	11.4386834408368	2.22044604925031e-16	4.06558522545426e-11	30.3255473444593	22.624265010621	0.301454759976663
"DCANP1__pos"	97.540742328671	74.9425141352182	2.22044604925031e-16	2.22044604925031e-16	2.22044604925031e-16	2.22044604925031e-16	2.22044604925031e-16	2.22044604925031e-16	2.22044604925031e-16	2.22044604925031e-16	28.0643681599645	2.22044604925031e-16
"IL10RA__pos"	47.6866744511034	2.22044604925031e-16	18.3320124187049	14.0526825808373	2.22044604925031e-16	2.22044604925031e-16	12.5574300035956	2.22044604925031e-16	9.62071895437027e-14	116.877322600703	2.22044604925031e-16	2.22044604925031e-16
"GPR25__pos"	34.0596856989452	11.0788438075021	2.22044604925031e-16	8.56958314237979	92.9502403776509	9.30160592226293	2.22044604925031e-16	2.22044604925031e-16	0.641035257261358	3.83583896650781	2.22044604925031e-16	2.22044604925031e-16
"BTLA__pos"	155.475729189343	5.33325140362815	0.00232235020809077	2.22044604925031e-16	7.23669104150527	7.86784693752243	2.22044604925031e-16	2.22044604925031e-16	2.22044604925031e-16	2.22044604925031e-16	3.22492272916704e-13	1.58370522991938
"DBH__pos"	27.6721518644073	2.22044604925031e-16	2.22044604925031e-16	208.883947250564	2.22044604925031e-16	12.341057819594	2.22044604925031e-16	2.22044604925031e-16	2.22044604925031e-16	2.22044604925031e-16	2.22044604925031e-16	2.22044604925031e-16
"LY9__pos"	95.1313157031602	9.96382534640166	4.22517359194554	2.22044604925031e-16	2.22044604925031e-16	2.6990621121471	2.22044604925031e-16	2.22044604925031e-16	2.05567420061384e-14	62.5746332731182	9.65638553836427	2.22044604925031e-16
"C6orf203__pos"	1.83340350139465	9.80427315014882	2.22044604925031e-16	40.6505701473348	2.22044604925031e-16	2.22044604925031e-16	9.30629091947837	161.534424893443	1.38181059730144e-07	2.22044604925031e-16	1.01995698734476e-11	2.22044604925031e-16
"PQBP1__pos"	8.51412990428706	65.1804235448498	2.22044604925031e-16	31.7365274039292	9.9704242973405	2.22044604925031e-16	35.7155164618537	74.7274494122964	12.5737053331911	2.22044604925031e-16	2.22044604925031e-16	2.22044604925031e-16
"CD7__pos"	17.5950915293029	59.0140996566175	6.78417680684446	4.13288051722562	56.2364796962239	5.78863862939221e-12	1.85803187094469	1.22580878134857	1.68081120603827e-09	33.6632408129322	50.7758338248545	2.22044604925031e-16
"CLEC9A__pos"	58.3701399074019	0.0127455976230496	0.0348245519370029	2.22044604925031e-16	2.22044604925031e-16	64.30786208495	2.22044604925031e-16	2.22044604925031e-16	2.22044604925031e-16	2.22044604925031e-16	146.026967470393	2.22044604925031e-16
"SSX7__pos"	2.22044604925031e-16	2.22044604925031e-16	2.22044604925031e-16	2.22044604925031e-16	2.22044604925031e-16	2.22044604925031e-16	2.22044604925031e-16	2.22044604925031e-16	254.827066853412	2.22044604925031e-16	2.22044604925031e-16	2.22044604925031e-16
"CEACAM21__pos"	33.6835276712787	2.22044604925031e-16	3.15743984357887e-08	20.3637733629348	2.22044604925031e-16	2.22044604925031e-16	4.26990440689841	2.22044604925031e-16	5.32011604802494	102.504494490325	2.22044604925031e-16	2.22044604925031e-16
"DOCK10__pos"	46.5442196655097	2.22044604925031e-16	40.2858113699775	8.30814810143669	4.12764814178193	0.0453310586645862	2.22044604925031e-16	25.0508134912953	23.0093375473258	58.4477412889354	50.6993259019597	2.22044604925031e-16
"LCP2__pos"	32.0328724224303	2.22044604925031e-16	62.2071833863326	2.22044604925031e-16	11.9203570400073	8.27192894682616	2.22044604925031e-16	2.22044604925031e-16	2.22044604925031e-16	112.55511427045	1.05489228555149e-07	2.22044604925031e-16
"TNP1__pos"	2.22044604925031e-16	2.22044604925031e-16	2.22044604925031e-16	2.22044604925031e-16	2.22044604925031e-16	2.22044604925031e-16	2.22044604925031e-16	2.22044604925031e-16	2.22044604925031e-16	2.22044604925031e-16	2.22044604925031e-16	314.436580960548
"ZNF831__pos"	125.579805686309	2.22044604925031e-16	2.22044604925031e-16	2.38910873117756	2.22044604925031e-16	12.1958630040704	2.22044604925031e-16	2.22044604925031e-16	2.22044604925031e-16	32.2149328994511	1.38093302667392e-08	2.22044604925031e-16
"SIGLEC8__pos"	18.3967753314757	12.6288207401503	89.0708583765371	0.483433578106695	0.00160619893029873	39.7664471081021	2.22044604925031e-16	2.22044604925031e-16	4.67520248908585	2.22044604925031e-16	102.21811191435	3.79074132714889
"STAT4__pos"	80.9731679072182	2.22044604925031e-16	2.57196901534934	2.22044604925031e-16	2.22044604925031e-16	59.0654052509939	2.22044604925031e-16	52.7362733764975	7.53764906803254e-11	2.22044604925031e-16	2.88413668020238e-10	2.22044604925031e-16
"FCRL3__pos"	153.149849897428	2.22044604925031e-16	2.22044604925031e-16	2.22044604925031e-16	2.22044604925031e-16	2.22044604925031e-16	2.22044604925031e-16	5.49028960951365	30.556448802396	2.22044604925031e-16	2.60099612033123	8.196957161577
"GZMK__pos"	120.866699672224	6.23722169223909	2.22044604925031e-16	2.22044604925031e-16	28.0522543034064	54.4088297162141	2.22044604925031e-16	2.22044604925031e-16	2.22044604925031e-16	2.22044604925031e-16	2.22044604925031e-16	2.22044604925031e-16
"KLRK1__pos"	58.2075264081265	3.18253231684022e-16	2.22044604925031e-16	2.22044604925031e-16	27.5613134222911	156.877124030906	2.22044604925031e-16	2.22044604925031e-16	2.22044604925031e-16	2.22044604925031e-16	2.22044604925031e-16	2.22044604925031e-16
"SRGN__pos"	20.4017866560037	3.34909091754425e-15	189.432014616143	2.22044604925031e-16	2.22044604925031e-16	25.0437971528889	2.22044604925031e-16	5.92633045616743	2.22044604925031e-16	2.22044604925031e-16	2.22044604925031e-16	2.22044604925031e-16
"PVRIG__pos"	138.209622029969	2.22044604925031e-16	2.22044604925031e-16	7.6024049775218	9.32383859052665e-06	13.8057462670153	2.22044604925031e-16	1.52544087770364e-14	17.8021692614033	2.22044604925031e-16	2.22044604925031e-16	2.31835181424516
"GZMA__pos"	29.2268959706443	36.1958109655723	2.22044604925031e-16	2.22044604925031e-16	85.9377625266126	92.3404650619598	2.22044604925031e-16	2.22044604925031e-16	2.22044604925031e-16	2.22044604925031e-16	2.22044604925031e-16	2.22044604925031e-16
"BIRC2__pos"	7.78343481096415	2.22044604925031e-16	2.4521040011232	2.22044604925031e-16	3.23395559068268e-14	10.5798796274614	2.22044604925031e-16	238.500898950359	6.48820089930594e-08	2.22044604925031e-16	9.99908904044003	2.22044604925031e-16
"RCL1__pos"	5.54676982146942	2.22044604925031e-16	2.21812225058428	2.22044604925031e-16	9.40771775418633	2.22044604925031e-16	5.92899304962357e-06	204.358889776513	0.612883963952358	19.7934465732025	1.60540434824759e-14	2.22044604925031e-16
"FGD2__pos"	30.7395761242492	2.22044604925031e-16	34.1725533701703	2.22044604925031e-16	22.029815283795	2.22044604925031e-16	2.22044604925031e-16	2.22044604925031e-16	2.22044604925031e-16	2.22044604925031e-16	188.29215657219	2.22044604925031e-16
"SLAMF7__pos"	25.8507185509895	39.1599918370599	42.5376681705878	2.22044604925031e-16	14.959683451262	14.7386054617016	2.22044604925031e-16	12.7533852493198	6.49645624920368	72.1815808823413	5.23946599657454	0.134058487947529
"GCSAM__pos"	71.5775436938126	2.22044604925031e-16	2.22044604925031e-16	2.22044604925031e-16	2.22044604925031e-16	2.22044604925031e-16	2.22044604925031e-16	2.22044604925031e-16	194.656785425623	2.22044604925031e-16	2.06731353146474e-15	2.22044604925031e-16
"GPR174__pos"	106.816767328138	2.22044604925031e-16	0.772865689167076	2.22044604925031e-16	19.8532142166285	54.9311817072175	2.22044604925031e-16	2.22044604925031e-16	2.22044604925031e-16	9.19763111914921	2.22044604925031e-16	2.22044604925031e-16
"NKG7__pos"	32.7810079906018	27.5272114861201	2.22044604925031e-16	2.22044604925031e-16	100.930505947196	72.675452186695	2.22044604925031e-16	2.22044604925031e-16	2.22044604925031e-16	2.22044604925031e-16	2.22044604925031e-16	2.22044604925031e-16
"WIPF1__pos"	43.6732555048929	2.22044604925031e-16	91.4944160437458	0.559739612004011	3.37685780124138e-16	12.0393779074616	2.22044604925031e-16	23.0443386681862	2.22044604925031e-16	22.6714476137236	71.4972718805607	2.22044604925031e-16
"FUT7__pos"	65.5739557994467	66.3738202117611	54.6410755364872	2.22044604925031e-16	23.1356651091145	2.22044604925031e-16	2.22044604925031e-16	2.22044604925031e-16	3.72785954673817	2.22044604925031e-16	2.22044604925031e-16	2.22044604925031e-16
"P2RY10__pos"	106.47768991483	2.22044604925031e-16	2.22044604925031e-16	2.22044604925031e-16	1.9574372424414	2.22044604925031e-16	2.22044604925031e-16	2.22044604925031e-16	2.22044604925031e-16	58.6946749802668	2.22044604925031e-16	2.22044604925031e-16
"TSPY4__pos"	2.22044604925031e-16	2.22044604925031e-16	2.22044604925031e-16	2.22044604925031e-16	2.22044604925031e-16	2.22044604925031e-16	2.22044604925031e-16	2.22044604925031e-16	2.22044604925031e-16	2.22044604925031e-16	2.22044604925031e-16	179.197128851991
"UBASH3A__pos"	84.9393990077374	41.1938321600736	5.77626022428103	2.22044604925031e-16	40.253575887149	38.2111242317349	2.22044604925031e-16	2.22044604925031e-16	1.88772493227625	2.4998837465498	2.46240408319468	2.22044604925031e-16
"C1QC__pos"	3.72400790123235	2.22044604925031e-16	182.923564340644	1.16779698867625e-08	32.4062508773153	8.09212379579447	2.22044604925031e-16	1.17454967029525e-06	2.22044604925031e-16	20.9305268657357	1.16172553583352e-05	2.22044604925031e-16
"CD86__pos"	15.3493507906775	2.22044604925031e-16	95.1252249750501	12.4702745402311	0.835908431132631	2.79829129093954e-07	25.3857057043837	2.22044604925031e-16	3.75384260691291e-07	71.4765369817854	2.22044604925031e-16	2.22044604925031e-16
"CD8A__pos"	46.7471899362973	7.94475765850517	2.22044604925031e-16	2.22044604925031e-16	80.4120201526795	109.369398593235	2.22044604925031e-16	2.22044604925031e-16	2.22044604925031e-16	2.22044604925031e-16	2.22044604925031e-16	2.22044604925031e-16
"TMEM155__pos"	34.0120473857801	2.22044604925031e-16	2.22044604925031e-16	6.73988925320843	16.8171561877522	30.725577740354	0.0192545513872239	10.6839623120211	2.22044604925031e-16	2.22044604925031e-16	151.674531296994	2.08404557491772
"XCL2__pos"	29.4594398981452	52.3392663755985	2.22044604925031e-16	2.22044604925031e-16	32.9126143309104	126.973257618231	2.22044604925031e-16	2.22044604925031e-16	5.88797780371117e-07	2.22044604925031e-16	2.22044604925031e-16	0.578365525166416
"HAVCR2__pos"	2.48737181000016	2.22044604925031e-16	169.634945472274	15.069752060232	9.0147035138532	23.8657618481079	10.3794628940865	2.0992088292654e-15	5.47264544590203	28.3918683673278	0.00277794145668413	2.22044604925031e-16
"PRF1__pos"	14.910816758831	12.3496689490257	21.9209618110607	8.09794813770335	67.5868818631661	101.414690161812	2.22044604925031e-16	2.22044604925031e-16	2.22044604925031e-16	9.98082197680226	1.76935759510182	2.22044604925031e-16
"S1PR4__pos"	5.66906790771526	40.6836910248575	14.5011647778203	3.14298270749131	13.4322991853251	12.4676729839207	40.715931580461	22.7425978954065	7.83852462396715	29.8987050663923	2.22044604925031e-16	0.470946294731065
"FCGR3A__pos"	2.22044604925031e-16	2.19785088284696e-10	184.403466904589	0.12129237369756	44.0747624299332	12.0587147904088	2.22044604925031e-16	7.03953611499348	2.22044604925031e-16	11.7846426820258	1.92610471917611e-14	2.22044604925031e-16
"TTC24__pos"	106.273601067533	2.22044604925031e-16	2.22044604925031e-16	12.1689390894748	52.7214820049324	32.067581950227	2.22044604925031e-16	2.22044604925031e-16	14.7379283411106	2.22044604925031e-16	2.22044604925031e-16	2.22044604925031e-16
"CXCR6__pos"	44.6240960484674	14.6396229924558	3.75363290923507	2.22044604925031e-16	71.1883980835553	80.8656866646371	2.22044604925031e-16	2.22044604925031e-16	2.22044604925031e-16	15.1667029355847	7.25282555139071	2.22044604925031e-16
"CD3G__pos"	75.4795644319908	2.22044604925031e-16	24.0711588411711	5.36722559896656	13.3567895461729	57.6041543720475	3.94251349927374	5.11096629059622e-07	4.31103115376989	38.8681048827269	2.22044604925031e-16	4.30565877993678
"CMKLR1__pos"	11.0705571613483	2.22044604925031e-16	196.892735995914	2.22044604925031e-16	12.7742882376065	10.6111765152773	2.22044604925031e-16	2.22044604925031e-16	2.22044604925031e-16	2.22044604925031e-16	0.00103041331397437	2.22044604925031e-16
"GPHA2__neg"	5.15251302058127e-10	32.9995514341903	26.8530132248027	2.22044604925031e-16	11.1715817998571	14.9796025863145	34.72810267411	18.7755576060096	1.74957651717647e-10	43.9660652480299	7.84571330989862	2.22044604925031e-16
"CXCL11__neg"	0.482347445915648	12.7051891778766	2.22044604925031e-16	4.08521433792282	2.22044604925031e-16	2.22044604925031e-16	84.2303127178004	2.22044604925031e-16	2.89483069751628	2.80475302266576	49.3651589277578	2.22044604925031e-16
"SPIB__neg"	2.22044604925031e-16	2.94770191050521	2.22044604925031e-16	2.22044604925031e-16	4.52016042498935	3.65531835971977	68.1182337485922	10.4205779697344	2.22044604925031e-16	60.4532567485539	2.22044604925031e-16	6.52770888565457e-16
"CD274__neg"	2.22044604925031e-16	40.4273439313533	2.22044604925031e-16	19.7636933729789	2.22044604925031e-16	2.22044604925031e-16	87.9163979908475	2.22044604925031e-16	0.0285432628851964	2.22044604925031e-16	2.55540252508635	4.34419618708105
"UTS2__neg"	2.22044604925031e-16	16.2138542274705	7.24621792147829	5.14312990358216	0.452202316400476	1.86880627692331e-06	56.0127269641521	2.22044604925031e-16	15.0938622497813	41.7955204960915	21.573997006487	2.22044604925031e-16
"SLAMF6__neg"	2.22044604925031e-16	48.9315420421778	9.49173206346741	1.42692773784428	0.569416724181471	1.72148640789472e-15	74.950685536891	14.6552462183577	7.58662542689969	2.22044604925031e-16	10.9121986184894	2.22044604925031e-16
"GZMB__neg"	2.22044604925031e-16	15.9120538793597	2.22044604925031e-16	2.22044604925031e-16	2.22044604925031e-16	2.22044604925031e-16	84.3721740259515	2.22044604925031e-16	13.6383980257327	7.31713224194181	42.4448220682877	2.22044604925031e-16
"IL9R__neg"	2.22044604925031e-16	15.7661337538193	4.30991858218446	1.49160214392647e-14	2.22044604925031e-16	2.22044604925031e-16	88.6848428667894	12.8068968665721	2.22044604925031e-16	34.5890639082954	2.22044604925031e-16	2.22044604925031e-16
"GBP5__neg"	2.22044604925031e-16	9.45082665415414	2.22044604925031e-16	2.22044604925031e-16	2.22044604925031e-16	2.22044604925031e-16	108.09015883597	2.22044604925031e-16	2.22044604925031e-16	0.114229848997626	10.1023832805724	2.22044604925031e-16
"TRAT1__neg"	2.22044604925031e-16	20.9514672434318	2.22044604925031e-16	2.22044604925031e-16	2.22044604925031e-16	2.22044604925031e-16	91.9189024262031	12.2945888691966	5.10284527470426	17.5540617232342	7.57707463428338e-13	1.79024988186414
"TMEM244__neg"	0.000126848998192777	23.3061415297421	3.04771777694141	5.26587295194564	4.48896613116714	2.22044604925031e-16	57.9257495391209	1.64418965071955	11.4785576128038	56.3215332382903	38.3726512769563	2.22044604925031e-16
"SLA2__neg"	2.22044604925031e-16	16.5185905586873	8.88858378747774e-10	2.22044604925031e-16	2.22044604925031e-16	2.22044604925031e-16	116.72771354836	1.90131735524241	2.22044604925031e-16	5.63301273306629	4.45439768702736	2.22044604925031e-16
"LILRB1__neg"	2.22044604925031e-16	68.9954989864456	2.22044604925031e-16	1.89283803680163	2.22044604925031e-16	18.3014820081782	37.3377135988921	36.8613203759696	10.8413346041024	22.0552289982824	22.4566124072626	2.22044604925031e-16
"PLA2G2D__neg"	2.22044604925031e-16	4.93158961492569	2.22044604925031e-16	2.22044604925031e-16	2.22044604925031e-16	2.22044604925031e-16	69.7451829995224	6.11455066478757	2.92980636983942	53.5706253979803	2.50811831545579e-15	2.22044604925031e-16
"FCER1G__neg"	8.97985736318367	49.6191458815813	2.22044604925031e-16	2.40388933962576	2.22044604925031e-16	2.22044604925031e-16	31.3847062280891	18.6230545355689	17.7922781178211	68.4028191834341	26.5117989709535	5.2723348696867
"KLRC2__neg"	1.06709319099595	29.0315304004886	7.1459396164933	4.56059497372348e-07	2.22044604925031e-16	2.22044604925031e-16	63.2880281199506	0.213882029825435	4.46911056558391	11.6211510429791	21.7953254269108	1.10722290049
"CD3E__neg"	2.22044604925031e-16	2.22044604925031e-16	3.18594620798836	1.12644172016068e-12	2.22044604925031e-16	2.22044604925031e-16	123.750244727107	5.18693025909907	4.38865054644295	5.38423730901059	2.22044604925031e-16	1.42347568653524
"KLRC4.KLRK1__neg"	2.22044604925031e-16	42.4232410761698	0.456655433742197	2.28873877029721	2.22044604925031e-16	2.22044604925031e-16	95.0022273429354	14.3039143367138	4.18845374643536	2.68817140421204e-07	2.22044604925031e-16	1.44733263778756
"IDO1__neg"	2.2513450992266e-16	15.7498884487414	7.47332081837094e-10	2.99512351559985	2.22044604925031e-16	2.22044604925031e-16	63.3709199526197	2.22044604925031e-16	2.60256172966426	14.851428461115	23.7405412546618	0.482902595474957
"KLRD1__neg"	0.4906714814843	43.3368728396372	2.22044604925031e-16	0.141810879764543	2.22044604925031e-16	2.22044604925031e-16	88.3536673684132	4.89629289930407e-07	0.0390743392190514	8.65979602076718	0.00421687959747936	2.22044604925031e-16
"KCNJ10__neg"	2.22044604925031e-16	24.9249653862417	2.22044604925031e-16	2.22044604925031e-16	2.22044604925031e-16	2.22044604925031e-16	66.0839367318189	2.22044604925031e-16	2.22044604925031e-16	57.8064470046495	8.77119065522335	2.22044604925031e-16
"RTTN__neg"	2.22044604925031e-16	63.3530943663051	39.1841718184422	2.22044604925031e-16	1.91600899820846e-13	6.37477053106169	44.9666349381281	2.22044604925031e-16	2.22044604925031e-16	18.7410144571587	3.4980874258851e-05	2.22044604925031e-16
"IFNG__neg"	2.22044604925031e-16	3.87448456908133	2.22044604925031e-16	2.22044604925031e-16	2.22044604925031e-16	2.22044604925031e-16	109.37114477004	2.22044604925031e-16	2.22044604925031e-16	1.54428683947602e-10	33.5464310429346	2.22044604925031e-16
"CXCL10__neg"	3.04941806013465	15.6260502439373	2.22044604925031e-16	5.29652119053325	2.22044604925031e-16	3.87606484260139	68.5579382668771	2.22044604925031e-16	2.42739056880425	8.01870278422373	33.3258984999014	0.554947428965224
"LILRA4__neg"	2.22044604925031e-16	14.3882037236998	2.22044604925031e-16	2.22044604925031e-16	4.22100443982165	8.60503353409849	59.1135116382049	15.4088032641996	6.78845863487519	39.1901529581585	2.22044604925031e-16	2.26885733395265
"PLEK__neg"	2.22044604925031e-16	56.4063878972098	2.22044604925031e-16	8.69729872063939e-05	2.22044604925031e-16	2.03584637358169e-05	58.1757836537367	12.0173072143319	21.6115744106793	23.1411666528939	6.89187354192504	5.724552756407
"FAM26F__neg"	0.759769563198444	20.1505854368709	2.22044604925031e-16	5.15610213210949	2.22044604925031e-16	6.18661518106352	79.1583120455837	2.22044604925031e-16	18.7318483231941	20.6972100684332	26.3922261890855	2.22044604925031e-16
"LAG3__neg"	2.22044604925031e-16	7.73057216565958	0.52428094741697	2.22044604925031e-16	2.22044604925031e-16	2.22044604925031e-16	95.6368081006068	2.22044604925031e-16	1.09371393286741	14.0045957352571	28.2457174136879	2.22044604925031e-16
"TSPY2__neg"	2.69883506709704	12.1924498442407	6.213701578388	0.572243552591323	2.96141025471769	4.49036942339218	10.5703315674139	3.56159907723977	3.83425502191487	10.4337671987628	8.91212464235369	2.22044604925031e-16
"LAIR1__neg"	1.46604911942531	59.5310403348246	2.22044604925031e-16	5.68882786371156	9.37006881685694e-10	8.44807490021083	36.8765224652766	25.0812893875609	20.1449756914053	42.9058956021948	0.561928102290213	2.73729172415841
"TSHZ2__neg"	0.929816560164585	23.6922229078325	1.11797861755849	0.168071761574289	12.8819967876078	4.01569696233521	34.5931518298383	8.5368444050608	3.99917379542051	25.9542790593729	2.22044604925031e-16	1.57131467481373
"CXCL9__neg"	0.0970858271891411	9.97689181213231	2.22044604925031e-16	0.095382099137877	2.22044604925031e-16	2.22044604925031e-16	103.494327153151	2.22044604925031e-16	0.712399511275538	5.87306586494549e-11	35.7768693803817	2.75273546315986e-07
"TIGIT__neg"	2.22044604925031e-16	10.5089229820386	1.32528134781234	1.40467010117136	2.22044604925031e-16	2.7333179769795	98.6470782888737	0.00233233907040489	3.36748994501435	22.1275479574794	18.433722652781	8.19271342857757e-09
"AL133475.1__neg"	2.0482260260534	7.43055486110581	3.11489340876934	0.938417753335928	2.14678978490815	2.85105824452052	7.29514557959909	2.74295959157412	0.76359149961069	7.53817598623945	5.37056781410701	0.77672601947667
"GZMH__neg"	2.22044604925031e-16	2.22044604925031e-16	2.22044604925031e-16	2.22044604925031e-16	2.22044604925031e-16	2.22044604925031e-16	122.223439923003	2.22044604925031e-16	2.22044604925031e-16	2.22044604925031e-16	2.22044604925031e-16	2.22044604925031e-16
"CT47A1__neg"	1.8826986907663	7.30012639866889	3.44268916547936	0.627088976039808	1.78592409886955	2.48323098560802	6.66499247990157	2.58966624136714	2.355625012156	6.50966482880625	5.19589241363766	2.22044604925031e-16
"DDX10__neg"	4.13949595104977	39.3544032303574	23.8284140737991	2.22044604925031e-16	2.22044604925031e-16	18.3710360993777	24.8851995586144	2.22044604925031e-16	2.22044604925031e-16	16.8857800833	44.6314324724535	2.22044604925031e-16
"SIRPG__neg"	2.22044604925031e-16	2.22044604925031e-16	2.22044604925031e-16	2.22044604925031e-16	2.22044604925031e-16	2.22044604925031e-16	112.532302977303	2.22044604925031e-16	2.92262375583875	22.7860777895035	8.60689673895957	2.22044604925031e-16
"PDCD1__neg"	2.22044604925031e-16	2.22044604925031e-16	2.22044604925031e-16	2.22044604925031e-16	2.22044604925031e-16	2.22044604925031e-16	123.788123897319	2.22044604925031e-16	2.22044604925031e-16	10.7187540457649	2.22044604925031e-16	2.22044604925031e-16
"PTPRCAP__neg"	2.22044604925031e-16	2.22044604925031e-16	2.22044604925031e-16	2.22044604925031e-16	2.22044604925031e-16	2.22044604925031e-16	119.734049289512	2.37930596409414	2.22044604925031e-16	4.15345141802162	2.22044604925031e-16	2.22044604925031e-16
"DNTT__neg"	1.60282170757919	18.4438648418236	12.5705552343824	2.22044604925031e-16	2.72813848028943	4.35412890972521	13.1787017963025	9.83730002842768	0.616441118011722	15.265863359817	8.16513331319558	2.22044604925031e-16
"CST7__neg"	1.23021876381811	3.34824056373622	2.22044604925031e-16	0.629001866769124	5.4001064487259	2.22044604925031e-16	113.267512006912	11.9331663593034	12.297045176929	3.65814620864212e-07	3.86552006068018	2.22044604925031e-16
"CXCR3__neg"	2.22044604925031e-16	13.3190366296901	4.82328484662772	2.22044604925031e-16	2.22044604925031e-16	2.99940138025279e-16	97.4974853281291	13.7512456580642	3.85116995136886	4.23778861403449	24.2034472635095	3.98831664820809
"EOMES__neg"	2.22044604925031e-16	5.49628881994414	2.22044604925031e-16	2.22044604925031e-16	2.22044604925031e-16	2.22044604925031e-16	112.505233129253	2.22044604925031e-16	2.22044604925031e-16	16.5791946037611	2.22044604925031e-16	2.22044604925031e-16
"KLRB1__neg"	2.22044604925031e-16	26.9883973210005	7.23624779548955	6.68953131987609	11.0811348528568	2.22044604925031e-16	63.6434404088599	34.1566889912064	16.5649784650821	21.8937695542592	2.22044604925031e-16	6.05984826619414e-06
"FCGR1A__neg"	11.6890106568115	25.6049223313181	2.22044604925031e-16	4.46301373089891e-06	2.22044604925031e-16	2.22044604925031e-16	52.2630377453415	10.596646853518	22.1928738873566	49.8851705996701	23.7270629771728	2.22044604925031e-16
"MFRP__neg"	4.06753368469576	17.2141809714376	6.71769595084957	2.22044604925031e-16	4.30592117622561	3.85149415472144	14.7651950284555	9.41797189469839	2.92456966452331	14.5566950387195	8.47095129076531	1.1244916541592e-12
"PYHIN1__neg"	2.22044604925031e-16	46.5423284328702	9.33283869941988	2.22044604925031e-16	0.202789264959953	2.22044604925031e-16	81.6268145480709	23.1081203896606	7.14469139088995e-14	0.00491929213892132	5.875132239215	2.22044604925031e-16
"KLRC4__neg"	2.22044604925031e-16	49.7364606913772	3.46991018852217	2.22044604925031e-16	2.22044604925031e-16	2.22044604925031e-16	77.2108369056819	9.15521043467526	2.22044604925031e-16	16.9426755281529	2.22044604925031e-16	2.22044604925031e-16
"OR5H14__neg"	1.61420630846706	6.95341143690375	2.84949231900513	0.731121447322392	1.63024025418054	2.33706336963147	6.43447576498024	1.87849974939445	2.28669476859702	5.9740572973879	5.64298536596978	9.72812382983347e-08
"WAS__neg"	8.6172588020773	2.22044604925031e-16	0.162078967621022	8.82995247277377	11.4184472965046	2.22044604925031e-16	8.62145982004921	4.21673905428909e-09	2.22044604925031e-16	123.585661313353	78.4447454170317	9.40011498825124
"THEMIS__neg"	2.22044604925031e-16	36.6435525132933	7.98704509928592	5.76718466269355	0.959979015569714	2.22044604925031e-16	83.1236318135492	9.53238182011289	0.000753228790078992	5.40430172273983	0.829693196610417	0.819348886548848
"CCL3__neg"	3.94785032223197	31.5570036864426	121.833911654734	14.5606048820373	29.1257836162396	0.00152618807670243	2.22044604925031e-16	18.6432961049697	2.22044604925031e-16	32.1445932487259	2.22044604925031e-16	4.88894716820026
"FCRL6__neg"	1.11394123054255	32.5009921866904	2.22044604925031e-16	3.03733178891507	3.95621275187943	1.39353902811378	90.8585410588528	17.2848818101924	1.97231990370195e-12	10.9359618823441	2.22044604925031e-16	1.76209375013687
"TIMD4__neg"	2.22044604925031e-16	19.3671225689593	2.22044604925031e-16	6.78902020160367	7.53879026827422	11.2348365103507	57.645878387515	8.31921062672216	11.3797183194574	39.9721726917319	10.8609880510391	2.22044604925031e-16
"IKZF1__neg"	2.22044604925031e-16	61.3367173133646	8.96314126904634	0.22848177109811	14.2159017777765	14.1022418983741	42.6363387598232	20.0791101914025	11.6050229469129	2.22044604925031e-16	38.0295013924549	2.4804734376726
"CD2__neg"	2.22044604925031e-16	2.72592566438591	0.159525595390772	12.2386397527388	2.22044604925031e-16	2.22044604925031e-16	113.45046496558	6.80999229450354	6.1070035876228	1.07972925803473	18.5557202828361	2.22044604925031e-16
"SLAMF1__neg"	2.22044604925031e-16	49.3009351911557	6.43959517936016	2.22044604925031e-16	2.47904411917381	15.7313464089516	43.239409086121	29.1231661451632	12.0125664969302	3.9365698831458	19.573741818989	1.10533571476894
"FAM78A__neg"	2.22044604925031e-16	61.0699103155177	12.557951719711	2.22044604925031e-16	10.5028347743311	21.8819953669388	48.4639206433883	22.7421352990706	8.3741984044311	2.22044604925031e-16	16.36697392111	8.23172917321131
"IL27__neg"	9.77264733240324	33.9939269797236	1.13844830678833	2.22044604925031e-16	2.22044604925031e-16	9.95399381633929	56.5303679576332	12.9116585085637	8.51653170596148	38.6131784643887	7.89615427383774e-10	1.02898431590919
"SH2D1A__neg"	2.22044604925031e-16	29.3788250422482	2.39546185675202	2.22044604925031e-16	2.22044604925031e-16	2.22044604925031e-16	95.7329383974535	8.92616281811321	11.8608123403302	0.597792643655239	12.2932497994435	2.21611929150408
"NCR3__neg"	2.22044604925031e-16	5.9799288980464	2.22044604925031e-16	2.22044604925031e-16	1.76894036492339	2.22044604925031e-16	64.0324749398339	19.1619966923464	4.73305184570553	35.8596543240335	9.15926836643129	1.10159057513212
"CCL5__neg"	2.22044604925031e-16	2.22044604925031e-16	2.22044604925031e-16	2.22044604925031e-16	2.22044604925031e-16	2.22044604925031e-16	124.150333581759	2.22044604925031e-16	2.22044604925031e-16	2.22044604925031e-16	2.22044604925031e-16	0.000376013960586861
"C19orf47__neg"	2.28323501874753	31.0382673724579	15.9525416302737	2.22044604925031e-16	2.22044604925031e-16	14.6276800297361	29.0746324883863	2.22044604925031e-16	2.22044604925031e-16	16.644161809691	1.57472366723254	2.22044604925031e-16
"C2orf80__neg"	0.637549238835167	38.0026442420559	13.5605305649411	2.22044604925031e-16	9.86758461342991	8.49340412598359	35.361788262509	3.48463214944314	2.22044604925031e-16	34.5115013653594	0.391888024619806	2.22044604925031e-16
"CPA5__neg"	2.22044604925031e-16	14.6798197714675	13.2107397296646	2.22044604925031e-16	1.94847488131662	11.2890674378301	35.2815072942182	7.47348713587526	3.05215494505973	37.7358430263364	17.2800636967084	2.22044604925031e-16
"HTRA4__neg"	0.706652651210328	44.7499276013954	2.22044604925031e-16	2.22044604925031e-16	0.00367267724183732	3.43874567444965	46.7017914689812	5.03280711642143	2.22044604925031e-16	34.1352131994941	3.06350646505588	2.22044604925031e-16
"GZMM__neg"	80.7890532140861	57.4854271930312	1.08059627061187e-15	1.340486535159	14.294976030423	66.3431050801199	2.22044604925031e-16	2.22044604925031e-16	2.22044604925031e-16	2.22044604925031e-16	2.22044604925031e-16	0.0346265403683354
"IL2RA__neg"	4.57225367185932	52.9167297555237	2.22044604925031e-16	3.24456404704811	1.2617894698174	23.7770472219038	39.6469646052638	16.523529725368	9.77424808396385	19.1538059351795	28.2061898487979	1.42704610617414
"CCR5__neg"	1.87077086622971	47.4837360057153	4.07401248462865	9.91645411900232	3.91441715435072	17.723336957819	65.5882194372138	17.8804180648564	10.5040719522414	2.22044604925031e-16	5.0220798588839	6.29825506493448
"NCF4__neg"	1.88673936477035	57.7026669931724	10.8025603440289	2.22044604925031e-16	8.46525518292357	29.884180315396	37.0580085400824	32.1936603584945	3.86959176577704	7.90167672184969e-16	35.6904230391272	2.22044604925031e-16
"CD37__neg"	83.0707560554258	7.07345710964683	33.2170748346959	9.32006170631495	2.22044604925031e-16	2.22044604925031e-16	18.5951435432377	2.22044604925031e-16	2.22044604925031e-16	25.4649217986119	1.16410363471548	3.43569768608908e-16
"MOK__neg"	6.83157377109105	43.1709908293702	19.8171279210254	2.22044604925031e-16	16.8917747588251	4.91135557762272	32.2342369250471	2.22044604925031e-16	2.22044604925031e-16	38.5896613431317	2.22044604925031e-16	2.22044604925031e-16
"CD3D__neg"	60.6978021653773	67.299342863932	2.22044604925031e-16	2.22044604925031e-16	61.1430809541182	32.5857203425455	2.22044604925031e-16	2.22044604925031e-16	2.22044604925031e-16	2.22044604925031e-16	2.22044604925031e-16	2.22044604925031e-16
"BIN2__neg"	5.55676556840859	52.8625528398658	7.93212173658812	2.83728915628593	0.117770636757015	14.8947702558088	52.6202139950122	17.3851589202701	8.68109502016739	17.8002033905784	2.22044604925031e-16	3.82464878234761
"ZNF80__neg"	2.22044604925031e-16	25.3505059930067	4.58014768565227	2.22044604925031e-16	2.22044604925031e-16	2.22044604925031e-16	49.1366021264227	1.38452755030004e-13	2.22044604925031e-16	31.7538454580975	4.2989813086753	2.22044604925031e-16
"EBI3__neg"	6.01252381228144	32.0137553827784	6.8663353040876	4.94520820581692e-14	10.4920285786223	20.4179318650402	66.0594078612326	13.9219874091394	13.0612537129699	15.005639946759	2.21809745330522e-10	2.21127900411886
"IL21__neg"	2.22044604925031e-16	25.6076775826119	2.66476952856505	2.75721741395759e-12	2.22044604925031e-16	1.55778500232813e-14	38.4992314734344	4.53761071486227	6.36153945030912	31.0146784071526	21.1618546698926	5.54375548479881e-13
"MARCH4__neg"	6.55600131164194	24.6850659135757	2.80590537948466	2.22044604925031e-16	6.0150222204323	9.00485254383169	20.2518032935266	2.22044604925031e-16	3.83620072224108	20.9549385828975	8.36249860937449	0.0250913849886325
"OR5H6__neg"	3.45809371656424	16.7102237457929	9.25898456716474	0.857324270998979	3.29406620935207	5.10223743073834	14.335839733098	7.1581066281634	2.75028738236941	15.2092056675255	10.0364287392941	2.22044604925031e-16
"TBX21__neg"	7.38757315033453	16.4584616574459	1.31876025124091e-11	0.168349389442717	7.06262438913482	6.81514441549951	101.346111850809	12.9283914285591	2.05631269232318e-08	2.22044604925031e-16	2.22044604925031e-16	4.70709358752847
"TNFSF18__neg"	3.07346614244076	26.7994612460075	2.22044604925031e-16	6.45324534431673	1.67152373002713	7.74597598947263	33.357143328638	7.70007255239859	12.3819419873849	23.3767489540864	2.71181907592466	0.327112634145214
"RTP5__neg"	2.22044604925031e-16	2.69227236321726	2.22044604925031e-16	2.22044604925031e-16	2.22044604925031e-16	2.22044604925031e-16	80.2861635867919	11.4317737207044	2.22044604925031e-16	54.9199444416903	2.22044604925031e-16	7.09654918821876e-16
"KLRC3__neg"	0.705243103810459	40.0219125013207	3.60104671245948	2.22044604925031e-16	2.22044604925031e-16	2.22044604925031e-16	65.7626875799444	1.24458007781859e-12	2.76875741136833e-10	18.7627498861628	13.3510461254088	2.22044604925031e-16
"FASLG__neg"	2.22044604925031e-16	10.7700847800104	2.22044604925031e-16	2.22044604925031e-16	2.22044604925031e-16	2.22044604925031e-16	121.300533296992	2.22044604925031e-16	2.22044604925031e-16	3.0899697668179	1.74542071356017	2.22044604925031e-16
"GTSF1L__neg"	0.974067841886809	9.69450961782848	5.08575309169467	1.26545304609007	1.60576290871201	4.00061543849995	8.16018851695609	3.47407383086796	3.08731160033742	7.07146410700508	5.90168923077242	0.797138865806092
"XCR1__neg"	2.22044604925031e-16	29.7861410399072	0.0641428940811404	0.00822802327739135	5.46329073612184	2.22044604925031e-16	52.1833944649387	9.94317895993366	2.22044604925031e-16	39.3592398489354	2.22044604925031e-16	1.80957515401462
"C1QA__neg"	9.99282356218984	58.9478388588012	2.22044604925031e-16	1.80285643212938	2.22044604925031e-16	9.40812416221924	51.9285954283521	30.6628845543733	15.5452008804178	13.1541536591704	3.48271130818005	1.7215997620105
"DCANP1__neg"	2.22044604925031e-16	13.2033108543065	22.0238659926745	0.0566007131707479	14.1192300534428	10.6027326498252	46.9130732610941	29.145770050513	6.53327690385033	47.0173223164974	4.95605943117928e-15	1.51870422048544
"IL10RA__neg"	2.22044604925031e-16	69.9005252157333	1.44408763984126	9.52185340306151e-14	9.93438356124584	14.0692339200406	40.5819812628776	31.4331822145588	15.932525592119	2.39258710355724e-16	27.4287132869915	2.22044604925031e-16
"GPR25__neg"	1.37562268788918	19.0073283026601	12.4670606642703	1.8133654270639	2.22044604925031e-16	1.59033707082363	42.5118591660325	19.378461555848	4.18635903061121	16.912674105426	15.4137486007508	2.38193495749502
"BTLA__neg"	2.22044604925031e-16	5.19364872926048	2.22044604925031e-16	2.22044604925031e-16	2.22044604925031e-16	2.22044604925031e-16	85.1590155189823	3.01974165720045	1.58528421217981	34.3272600130434	2.22044604925031e-16	2.22044604925031e-16
"DBH__neg"	2.22044604925031e-16	23.8797447827869	3.62999739847916	2.22044604925031e-16	0.579212323984569	2.22044604925031e-16	35.9968727245642	10.5934235670358	2.22044604925031e-16	27.8125964788762	2.22044604925031e-16	2.22044604925031e-16
"LY9__neg"	2.22044604925031e-16	34.1793497969971	4.17032131900549	2.22044604925031e-16	7.50919039376816	10.6993926173726	61.4526405547148	20.7127675107515	8.81962112170494	4.57020179677473	9.38012119501699	1.90411625884597
"C6orf203__neg"	2.90868997365472	30.8667745911626	32.404823446747	2.22044604925031e-16	4.84936332012894	9.67277825619056	23.8259474616274	2.22044604925031e-16	2.22044604925031e-16	37.1497840240983	2.22044604925031e-16	0.385785965639216
"PQBP1__neg"	4.13081520673512	8.82027373460776	26.4132132717314	2.22044604925031e-16	0.510679392946029	29.3207041947123	32.221167696414	2.22044604925031e-16	2.20256921849372	59.549912570607	59.4741415062559	2.22044604925031e-16
"CD7__neg"	5.42766588686739	35.3670480634032	20.7191481095876	5.91394427346689	2.22044604925031e-16	22.8015127586807	46.8500101619292	18.5321795373438	14.1678125055108	29.8963438741735	2.35230694060672e-06	7.80842061032718
"CLEC9A__neg"	2.22044604925031e-16	24.6734840408379	2.22044604925031e-16	2.22044604925031e-16	10.8926891775454	2.22044604925031e-16	71.5754846640649	28.1334471581877	0.00909263631070717	38.149135716165	2.22044604925031e-16	4.09647105024661
"SSX7__neg"	5.34809364174982	24.8767677081283	13.3180923039354	0.881691786046715	7.29066293559135	3.78315300678533	19.4541843636229	10.8815840574524	2.22044604925031e-16	19.5545234492107	12.8720100141588	1.8796549843395
"CEACAM21__neg"	2.51244060272233	35.3626087731962	13.5207096746948	1.61833351893066	5.78431389478212	13.409724884366	38.3736172698249	24.7120864084927	1.20897491126871	2.22044604925031e-16	11.5496571865721	0.691558158171921
"DOCK10__neg"	2.22044604925031e-16	58.8898332390743	1.06694248953509	2.22044604925031e-16	10.3300951048169	11.8062182999407	63.4725944267289	9.76816315025189	1.60199166640781e-08	12.5255187896011	2.22044604925031e-16	8.21392621524735
"LCP2__neg"	0.581658713437505	59.7389840892947	2.22044604925031e-16	4.55670104422867	0.617876300900303	2.19821206622256	69.5790354527039	18.6683875280385	15.9040948848249	2.22044604925031e-16	14.4452545844278	1.1390723991042
"TNP1__neg"	3.23900516535952	15.0739984938269	9.59846179988776	2.22044604925031e-16	3.8109834833611	3.91977500197179	13.7186791643209	4.84571174709018	0.993479480405933	14.7293138501987	7.8473714045497	2.22044604925031e-16
"ZNF831__neg"	2.22044604925031e-16	30.0227933850011	4.19570018595046	2.22044604925031e-16	3.67369642183812	2.22044604925031e-16	67.6827963320604	18.0681147336063	4.30520621070473	12.1191183435867	2.22044604925031e-16	0.410920993855487
"SIGLEC8__neg"	2.65777581691651	42.7658470707708	2.22044604925031e-16	5.86130182804833	10.5940894120527	0.13277270722447	52.3020839228106	28.8953708796363	4.52316886830701	39.1730907124276	2.22044604925031e-16	2.62069746441727
"STAT4__neg"	2.22044604925031e-16	31.0463729449576	0.114214005415318	5.34148489112182	2.22044604925031e-16	2.22044604925031e-16	52.796579145589	3.57370506050337e-09	6.82825131497703	42.1381562189333	5.2495049978117	2.22044604925031e-16
"FCRL3__neg"	2.22044604925031e-16	17.7113474807326	1.95748696446981	2.22044604925031e-16	1.00439849066687	2.22044604925031e-16	65.508545963532	0.0362412419618633	2.22044604925031e-16	55.1736919367393	2.22044604925031e-16	2.22044604925031e-16
"GZMK__neg"	2.22044604925031e-16	2.22044604925031e-16	2.22044604925031e-16	2.22044604925031e-16	2.22044604925031e-16	2.22044604925031e-16	110.92428129639	2.22044604925031e-16	2.22044604925031e-16	19.5339968213881	2.22044604925031e-16	2.22044604925031e-16
"KLRK1__neg"	2.22044604925031e-16	2.22044604925031e-16	2.22044604925031e-16	2.22044604925031e-16	2.22044604925031e-16	2.22044604925031e-16	127.330949882178	2.22044604925031e-16	2.22044604925031e-16	1.92960637368638	2.22044604925031e-16	2.22044604925031e-16
"SRGN__neg"	0.799457392996658	42.665178928551	2.22044604925031e-16	7.81295339694641	4.37801508112034	7.32798516422748e-11	52.4349594094133	6.08157504915633	19.7073428839147	37.4030165333251	5.73045335362266	6.66210728880815
"PVRIG__neg"	2.22044604925031e-16	24.2452369902922	2.0147528807887	2.22044604925031e-16	2.22044604925031e-16	2.22044604925031e-16	58.8839474922183	3.57578217762766	2.22044604925031e-16	43.5100762535646	2.22044604925031e-16	2.22044604925031e-16
"GZMA__neg"	2.22044604925031e-16	2.22044604925031e-16	2.22044604925031e-16	2.22044604925031e-16	2.22044604925031e-16	2.22044604925031e-16	131.913157141444	2.22044604925031e-16	0.990768054952705	2.22044604925031e-16	2.22044604925031e-16	0.000645998044609575
"BIRC2__neg"	1.56558713603589	74.3738991756782	2.5545125468178	6.12413198846403	7.48357218410639	0.0170912680345508	55.073000146205	2.22044604925031e-16	2.22044604925031e-16	0.00950996307750944	2.22044604925031e-16	2.22044604925031e-16
"RCL1__neg"	0.799506353863465	67.0828214829348	12.1319045048039	1.11604460161043e-11	2.22044604925031e-16	16.7253557317554	41.5159777006833	2.22044604925031e-16	2.22044604925031e-16	3.07786810799208e-09	10.6999976958309	2.22044604925031e-16
"FGD2__neg"	2.22044604925031e-16	47.0631244419031	2.22044604925031e-16	9.56491823278008e-14	4.48193974321704	7.27048205309403	55.3004459504477	22.5522549791259	6.44188775005114	35.6974763723155	2.22044604925031e-16	4.0797814470188
"SLAMF7__neg"	2.67846273397962	29.1502110282783	2.22044604925031e-16	6.58678240585331	8.41640233667631	19.6206273796696	76.8370503642306	10.0793889036427	13.7583266016527	2.22044604925031e-16	17.2743364517864	5.26721670445959
"GCSAM__neg"	2.22044604925031e-16	38.5826362920578	9.15672815014536	2.22044604925031e-16	5.59979425341267	2.22044604925031e-16	45.0314225916976	13.5380976100387	2.22044604925031e-16	30.8179054734757	2.22044604925031e-16	4.55440269198301
"GPR174__neg"	2.22044604925031e-16	32.0427100404834	0.0225756890656768	2.43011101419994	2.22044604925031e-16	2.22044604925031e-16	80.6607192400676	3.08623951395994	2.22044604925031e-16	14.7296933506399	2.22044604925031e-16	2.81039131938105
"NKG7__neg"	2.22044604925031e-16	2.22044604925031e-16	2.22044604925031e-16	2.22044604925031e-16	2.22044604925031e-16	2.22044604925031e-16	126.011657052876	2.22044604925031e-16	4.52948388057287	0.474130512474163	2.22044604925031e-16	2.22044604925031e-16
"WIPF1__neg"	2.22044604925031e-16	62.8136851187531	2.22044604925031e-16	1.40727929268093	7.44624136003483	1.25978646926367	60.015379804439	4.32936381584546	9.65083877892842	32.0122305966415	1.64017263152397e-14	6.01323177919331
"FUT7__neg"	2.22044604925031e-16	8.21671016320407	2.22044604925031e-16	4.08320489154438	2.22044604925031e-16	10.2965481514284	67.7950042920161	19.430338979164	2.34780300492802	38.8559015181918	28.9912891866927	1.46995331018804
"P2RY10__neg"	2.22044604925031e-16	34.5959398251654	4.1995574862628	7.36440888636493	3.95080769495923	8.03980427728665	52.6936348526718	12.7256370830792	11.3802241421035	7.87333801803499	17.4831552789624	0.741767851435061
"TSPY4__neg"	2.00630581953639	8.32344303678759	4.35226678573575	1.30822927246916	1.91009651600986	3.03637546491804	7.3635006422285	2.27442122094867	3.27017746655188	7.27038961749852	5.91783801357738	2.22044604925031e-16
"UBASH3A__neg"	2.22044604925031e-16	6.53209596088221	2.20948141547342	2.22044604925031e-16	2.22044604925031e-16	2.22044604925031e-16	99.0054179709384	19.8818373032078	2.09597302309854	18.245870522691	5.60201361968358	0.221448591872597
"C1QC__neg"	4.2096704223022	56.8126940043027	2.22044604925031e-16	2.16480283302244e-06	2.22044604925031e-16	2.22044604925031e-16	62.002384405924	13.1695315279464	28.5109366099676	14.3932121350316	0.0767172961937404	6.30923497382803
"CD86__neg"	6.95385492276136	62.0106531568608	2.22044604925031e-16	2.22044604925031e-16	1.85691554667893	14.5716786243298	27.5910245208424	35.0970397723095	19.9086887894741	23.0025305901261	34.5990296491393	4.55856793516938
"CD8A__neg"	2.22044604925031e-16	2.22044604925031e-16	2.22044604925031e-16	2.22044604925031e-16	2.22044604925031e-16	2.22044604925031e-16	131.278507383164	2.22044604925031e-16	2.22044604925031e-16	2.22044604925031e-16	2.22044604925031e-16	2.22044604925031e-16
"TMEM155__neg"	2.22044604925031e-16	44.6511015130467	5.07435335186086	9.55530742386824e-06	0.267474757972226	2.22044604925031e-16	49.7075037936206	5.50026668452738	10.1143332554652	46.5179742428345	2.22044604925031e-16	2.22044604925031e-16
"XCL2__neg"	2.22044604925031e-16	3.55199922947369	2.22044604925031e-16	2.22044604925031e-16	2.22044604925031e-16	2.22044604925031e-16	97.0928558178353	5.19827951628972	6.66410008166632	31.4825464722929	22.3343285939143	2.22044604925031e-16
"HAVCR2__neg"	3.11562036744587	73.5327710125629	2.22044604925031e-16	2.22044604925031e-16	2.22044604925031e-16	2.22044604925031e-16	44.509369965831	16.5376290756269	21.7215442684222	33.3778528475311	14.7123252638134	2.16631840179442
"PRF1__neg"	0.292457580114925	20.3510185959245	0.304597559081429	2.22044604925031e-16	2.22044604925031e-16	2.22044604925031e-16	101.504560040624	0.00019610671039884	19.4051689299216	2.22044604925031e-16	2.39141968819414	6.74786626196972
"S1PR4__neg"	22.7230064580389	16.0883022990672	2.22044604925031e-16	7.44770043667393e-16	3.78873013347357	2.22044604925031e-16	6.4225519705976	2.22044604925031e-16	1.43033305515197e-08	2.22044604925031e-16	216.318530372891	2.22044604925031e-16
"FCGR3A__neg"	8.91902918418261	52.3166830084209	2.22044604925031e-16	3.00073670845314	2.22044604925031e-16	2.22044604925031e-16	67.6246876155222	6.37359693282736	14.2485575036318	16.2560839781583	9.08102717424378	1.64970403130766
"TTC24__neg"	2.22044604925031e-16	15.339186484384	2.22044604925031e-16	2.22044604925031e-16	2.22044604925031e-16	2.22044604925031e-16	87.4970572674504	2.22044604925031e-16	2.22044604925031e-16	36.7426873834626	2.22044604925031e-16	2.22044604925031e-16
"CXCR6__neg"	2.22044604925031e-16	23.2096275259827	2.22044604925031e-16	1.1528368448743	2.22044604925031e-16	2.22044604925031e-16	104.909361101932	6.04971730316315	0.848838656585139	9.43856012154677	2.60217662586708	0.719287996474314
"CD3G__neg"	2.22044604925031e-16	48.9893052597111	0.936937871063941	2.22044604925031e-16	1.54524121740154	2.22044604925031e-16	70.9372810198805	13.1418976047393	7.43110800409316	14.5137587718769	16.6273859311795	1.53411354649242e-05
"CMKLR1__neg"	3.83069122286138	52.7005199794166	2.22044604925031e-16	4.1265931449611	2.22044604925031e-16	3.39876610832999	41.9560755049331	24.1936959875933	9.1923867174607	32.0023924950886	1.4345995526163	5.27505779509253
