"Gene"	"IS01"	"IS02"	"IS03"	"IS04"	"IS05"	"IS06"	"IS07"	"IS08"	"State"	"MaxFC"
"ATE1"	"ATE1"	0.435264660543312	0.0936898296340581	-0.00571062286374402	-0.215418914635944	-0.181993004908761	-0.209579094892512	-0.0801237512567626	-0.509985421270839	"IS01"	0.435264660543312
"GRAP2"	"GRAP2"	-0.672979557706042	1.4636981388483	0.0757941301038958	0.279984709476684	0.0202971702953894	0.093902626139486	0.281518017139224	-0.263771893062497	"IS02"	1.4636981388483
"AMICA1"	"AMICA1"	-0.679323954210801	1.44806401012007	0.109698802930411	0.281571015806617	0.152467960432086	0.171955605652393	0.514792393930709	-0.49033566031191	"IS02"	1.44806401012007
"KLRB1"	"KLRB1"	-0.590078909771855	1.437340258419	0.100764819079572	0.419428004456097	-0.0070053725719983	0.310247913097021	0.0832562328400771	-0.44978903142252	"IS02"	1.437340258419
"DOK2"	"DOK2"	-0.603529270778999	1.31838428971906	-0.103333831939397	0.261966320078166	0.0740338857834322	0.373306363467741	0.545139039314356	-0.473477577090132	"IS02"	1.31838428971906
"CD1C"	"CD1C"	-0.60925510178829	1.2383497526784	-0.0467701809162996	0.505630621268303	0.16167592816554	0.28623452910903	0.11145403019144	-0.41492063610786	"IS02"	1.2383497526784
"PIK3R6"	"PIK3R6"	-0.523092718628488	1.16061281967334	-0.0326835818696104	-0.0247624625088307	0.185336298850231	-0.0075448773578007	0.281397340704046	-0.18405568903114	"IS02"	1.16061281967334
"NCF4"	"NCF4"	-0.457072187229747	1.14919975626784	-0.0052191161482625	0.0633369075273634	0.0728626347727918	0.133731074511799	0.420789680825622	-0.381846332601294	"IS02"	1.14919975626784
"CLEC9A"	"CLEC9A"	-0.601940035999546	1.14676336860005	-0.146058386650099	0.665067574666618	-0.0586683462871267	0.264581466419495	0.10574663009937	-0.243383563368586	"IS02"	1.14676336860005
"PIK3CG"	"PIK3CG"	-0.919272519508536	1.14550417139362	0.181373635638437	0.38349869101899	0.523393100677031	0.192905380724318	0.55308224669376	-0.206308585919679	"IS02"	1.14550417139362
"PTGDS"	"PTGDS"	-0.608086228666188	1.11792243566105	-0.125170955662025	0.972416597304184	-0.0807468595612941	0.422418709484205	-0.0258647710290218	-0.383340437958194	"IS02"	1.11792243566105
"FLT3"	"FLT3"	-0.628241754402974	1.0892686533536	0.00285919001450024	0.189461646147614	0.133931092364333	0.106454839567894	0.0218445728913425	0.0517977031639184	"IS02"	1.0892686533536
"GIMAP7"	"GIMAP7"	-0.670400477737818	1.07827587974999	-0.0806737520250981	0.95711743937206	-0.0348173754976971	0.306940704938521	0.0712814221605936	-0.282513223507163	"IS02"	1.07827587974999
"DPEP2"	"DPEP2"	-0.541072996464076	1.04150212925634	0.00658692147361275	0.28648491010707	0.0510859910704114	0.432514071482396	0.257507556608655	-0.282870452625992	"IS02"	1.04150212925634
"CD69"	"CD69"	-0.595647866693809	1.03923397713956	-0.122998676220419	0.317725886526647	0.054237233399783	0.200441059729888	0.635803708564798	-0.270037974495718	"IS02"	1.03923397713956
"GIMAP1"	"GIMAP1"	-0.699976124055093	0.98494107443156	-0.0759742123530622	0.924858802185611	0.0499304744964705	0.425545736751948	0.0763367814274798	-0.240573632414404	"IS02"	0.98494107443156
"CD300LF"	"CD300LF"	-0.493394542755594	0.95528697239467	-0.0947453235361665	-0.127688382338167	0.179853696964771	0.399849559858783	0.808867071274992	-0.360924248257754	"IS02"	0.95528697239467
"S100Z"	"S100Z"	-0.543907612295077	0.922591783058485	0.0690111107283473	0.184272362346657	0.167548594049143	0.21714535839158	0.178395333379162	-0.125070706664256	"IS02"	0.922591783058485
"HLA.DRB5"	"HLA.DRB5"	-0.482308710807399	0.879917915095711	-0.0252510539510416	0.139946120987567	0.267637163074901	0.326410858447094	0.541869493775064	-0.439158007728609	"IS02"	0.879917915095711
"P2RX1"	"P2RX1"	-0.57497803697206	0.878423867370029	0.4007583922948	0.721966783338464	-0.0349706912957381	0.152005805466169	0.0808260956575324	-0.238244009192701	"IS02"	0.878423867370029
"TPSAB1"	"TPSAB1"	-0.666028746777583	0.847661482804933	0.132327089859272	0.687033521220987	0.391049508580751	0.405521498791524	0.0686181330258611	-0.36649631100066	"IS02"	0.847661482804933
"CTD.2370N5.3"	"CTD.2370N5.3"	-0.661674484363284	0.833606360823628	0.158174135309404	0.115639003094468	0.605300623126347	0.064647745396655	0.370558629682234	-0.210037136244064	"IS02"	0.833606360823628
"TPSB2"	"TPSB2"	-0.596212269950105	0.817222729535646	0.101936845108385	0.596451397543636	0.33547144039507	0.352776504150345	0.00543723389326489	-0.316857158833791	"IS02"	0.817222729535646
"CPA3"	"CPA3"	-0.841775746016726	0.790998318636558	0.135056975593366	0.754072382086748	0.634129698278972	0.390448850764944	0.222820675036749	-0.297413169827812	"IS02"	0.790998318636558
"HDC"	"HDC"	-0.672866208377121	0.788091914417391	0.0408176799656701	0.628610449735041	0.0411250281886492	0.435139800392572	0.23584334177392	-0.0446545369901802	"IS02"	0.788091914417391
"CD101"	"CD101"	-0.282490098338861	0.726218150217928	0.0324628165417741	-0.0490232885480929	0.136454774986312	-0.0376345432173307	0.246487920227108	-0.232273417874803	"IS02"	0.726218150217928
"ADGRE1"	"ADGRE1"	-0.543618954035025	0.701594257477048	0.0309584769929245	-0.0155517115032077	0.36215126776006	0.234189023617078	0.518314436430794	-0.132596872151113	"IS02"	0.701594257477048
"COL6A5"	"COL6A5"	-0.402023149781451	0.685793132890727	0.199953807744915	0.106363548675122	0.0823163136610571	0.446765868285524	0.094977205094043	-0.153468439428838	"IS02"	0.685793132890727
"CTRL"	"CTRL"	-0.186507450603941	0.684961877821447	0.264275825512322	-0.120392198240112	-0.306534530249824	-0.0343375961269157	0.1649337334437	0.00109378242264731	"IS02"	0.684961877821447
"CLEC4A"	"CLEC4A"	-0.410021366067257	0.675906395086622	-0.0291921783613526	0.0159479185534404	0.28888505145326	0.0422540481481282	0.546213175644142	-0.264364757617904	"IS02"	0.675906395086622
"MS4A14"	"MS4A14"	-0.51822649588309	0.660373907326301	-0.0951711337809457	0.0543849542672951	0.294752860407136	0.412540673932196	0.412855455369797	-0.110395390288974	"IS02"	0.660373907326301
"MADCAM1"	"MADCAM1"	-0.347155852518506	0.616029726894248	0.408419646987099	0.069131806522712	-0.28521507937627	-0.0112507429902079	-0.145142521857245	0.319592482905679	"IS02"	0.616029726894248
"TPSD1"	"TPSD1"	-0.483117030325394	0.614966970514764	0.199116783549166	0.375013554763176	0.319665122613697	0.220611465218899	0.0475176494194463	-0.21922109417091	"IS02"	0.614966970514764
"LAMP3"	"LAMP3"	-0.278549506339598	0.601522016545252	-0.083706775240633	-0.159987298829763	-0.0402961898020743	0.384784758877035	0.408031069798863	-0.0985348562245874	"IS02"	0.601522016545252
"GYPE"	"GYPE"	-0.606826524314549	0.596956260376265	0.137301405711162	0.508439112119597	0.238863166345204	-0.0134787808964324	0.129556497743521	0.0603951722030656	"IS02"	0.596956260376265
"LTF"	"LTF"	-0.2371246459835	0.591004357565176	0.0633540365995988	0.13167332893013	-0.100701215009485	0.20956536971692	0.0866787751757715	-0.144637930303206	"IS02"	0.591004357565176
"KCNJ5"	"KCNJ5"	-0.598570638937478	0.537108129191293	-0.0027459508013781	0.406382166620367	0.47882145489483	0.228723870723164	0.229328548460372	-0.121161067313552	"IS02"	0.537108129191293
"NINJ2"	"NINJ2"	-0.403262610535242	0.474064929264111	-0.043206350873414	0.144050037304554	0.426830441353691	0.45485057117952	0.276123701205389	-0.310285559815428	"IS02"	0.474064929264111
"SPTA1"	"SPTA1"	-0.282996773204651	0.289850348310057	-0.0892881818766647	0.278404858331853	0.0502022313860172	0.0100511882322062	0.130228610903074	0.0458938092449409	"IS02"	0.289850348310057
"CTRB1"	"CTRB1"	-0.113049526372716	-0.0833868836013676	1.92769927454451	-0.0630760004711933	-0.0929648043999366	-0.0647530206425938	-0.0343539358983452	-0.0843369410678837	"IS03"	1.92769927454451
"CTRB2"	"CTRB2"	-0.103370213197397	-0.0719408199709186	1.71806081929895	-0.0568041981352169	-0.0729824732009418	0.00150049066127989	-0.0729112505087344	-0.0783320772005271	"IS03"	1.71806081929895
"REG1B"	"REG1B"	-0.0827351618512176	-0.0107743096608144	1.57955529904842	-0.0986022890868398	-0.0896479728106064	-0.0925764542096874	0.00736661456288371	-0.0965849711762951	"IS03"	1.57955529904842
"ALPI"	"ALPI"	-0.136902028913215	-0.0287581398360645	1.47421733601619	-0.0329176355338583	-0.112543584407863	-0.00811473305019643	-0.127166546459854	0.0617750860614483	"IS03"	1.47421733601619
"REG1A"	"REG1A"	-0.097831111218122	-0.00807260695295384	1.4195483381413	-0.136883648745739	-0.0907521223877623	-0.0950419050137604	0.0425493581761961	-0.0168528968827289	"IS03"	1.4195483381413
"PRSS2"	"PRSS2"	-0.0904067191043596	-0.0363847823536871	1.39592872327488	-0.162574276081809	-0.00108082806375826	-0.0280767630624824	-0.0103744493074793	-0.0546939748624957	"IS03"	1.39592872327488
"CELA3A"	"CELA3A"	-0.0830920325290221	-0.0671194216315953	1.39110410551514	-0.0647719669887055	-0.0786647658923086	-0.0618315089130843	-0.0261606346277358	-0.0251904996719134	"IS03"	1.39110410551514
"SI"	"SI"	-0.132988487299441	-0.024785525921741	1.37251287505685	-0.0632027931843205	-0.0787287325058679	-0.0366476577395677	-0.0296573972037831	0.0339086466277344	"IS03"	1.37251287505685
"SLC6A19"	"SLC6A19"	-0.101270128718928	-0.047234078549189	1.30412733625081	-0.0600267885595245	-0.072373667451163	-0.101695546267925	-0.0901183174501871	0.0508709599213734	"IS03"	1.30412733625081
"PRSS1"	"PRSS1"	-0.01785456865702	-0.10411003836445	1.2942645643254	-0.154918446222902	-0.0284262592435776	-0.0293225606820729	-0.0659223327546867	-0.0677704429402352	"IS03"	1.2942645643254
"SYCN"	"SYCN"	-0.114784898194621	0.00385422229628622	1.28849282830644	-0.0401852616721423	-0.106760936389956	0.0110360347458477	-0.0500019707520603	0.00183407839089526	"IS03"	1.28849282830644
"CDHR5"	"CDHR5"	-0.252846816353306	-0.00561445384070246	1.16756254875795	0.00569661827294908	-0.125758013466486	-0.0676108216450623	-0.0275038833404557	0.303973402861345	"IS03"	1.16756254875795
"REG3A"	"REG3A"	-0.0264823971746569	-0.0474687645974217	1.13710803299771	-0.0997871398926924	-0.0845910545098325	-0.0917834804308604	0.0230818403765362	-0.0662684043470404	"IS03"	1.13710803299771
"PLA2G1B"	"PLA2G1B"	-0.150811182894075	0.0675472051958664	1.12431819606411	0.0398930165439096	-0.12673686115486	0.525605549926093	-0.105977689120401	-0.104635740139906	"IS03"	1.12431819606411
"PNLIP"	"PNLIP"	-0.0916518621671339	-0.0299375836179277	1.10271331795664	-0.0482704622353662	-0.0578613644428631	0.115101459990716	-0.0108261158488305	-0.0504108135208501	"IS03"	1.10271331795664
"CPA1"	"CPA1"	-0.438950894371467	0.00886778688585236	1.09231036270289	0.980977540231325	-0.0887750845137984	0.211675556121874	-0.141406110451683	-0.030273997303312	"IS03"	1.09231036270289
"CELA2A"	"CELA2A"	-0.336512751549686	0.117548784379785	1.03740851794089	0.0351449797913912	-0.142327613931808	0.0242125193324413	0.0073940841990981	0.349901802669218	"IS03"	1.03740851794089
"CTRC"	"CTRC"	-0.113717243611577	0.0787016849476269	1.02571331482527	-0.033421304294007	-0.108822175614461	0.0802948907032143	-0.112275945792077	0.0159031651061312	"IS03"	1.02571331482527
"TBX10"	"TBX10"	-0.0715051661757823	-0.0357075637595428	1.02075251707808	-0.0583341111916307	-0.0642393228267198	0.0320541439604358	-0.103231481543126	0.0184036995841102	"IS03"	1.02075251707808
"C11orf86"	"C11orf86"	0.0686637630248532	-0.0271812282945833	0.956284186053797	-0.155973688601048	-0.200966553745054	-0.115219485799646	0.242229609963005	-0.178043761961942	"IS03"	0.956284186053797
"SLC10A2"	"SLC10A2"	-0.203977647924613	0.0529512198361353	0.879247685654076	0.0177738441286754	-0.070105347129036	0.306039102331526	-0.0413133228637129	0.0797443733154785	"IS03"	0.879247685654076
"TM6SF2"	"TM6SF2"	-0.292369137531872	-0.0277181563879048	0.805021603355539	-0.0617309751845662	0.681113801284528	-0.235211954881821	-0.00915386670589937	-0.0782301687010881	"IS03"	0.805021603355539
"TMPRSS15"	"TMPRSS15"	-0.100595596813183	-0.088913583046304	0.794006679115555	-0.0484234059670158	0.00147684260623643	-0.126921190476999	0.0942520843482753	0.0739039923563244	"IS03"	0.794006679115555
"LCT"	"LCT"	-0.0548615439011254	-0.00400931154567126	0.785430564751194	-0.119629335341884	-0.0836058108127333	-0.0316020617851276	-0.0540012788230599	0.0771910180365468	"IS03"	0.785430564751194
"CELA3B"	"CELA3B"	-0.337397184349774	0.145829304647613	0.73887773060137	-0.0958199745297108	-0.156574042910391	0.0331081608005643	-0.137806262233042	0.571087308881712	"IS03"	0.73887773060137
"SLC13A1"	"SLC13A1"	-0.103278179515045	0.00111169325184087	0.669671217752251	0.027720725455256	-0.0410021625418293	0.0490003158413923	-0.0820055719095865	0.0539671420128062	"IS03"	0.669671217752251
"CASR"	"CASR"	-0.368586005463103	0.379032373324943	0.663470928234527	0.122233960180649	-0.0368574513412784	0.166608787387528	-0.0537654516445729	0.145250961680536	"IS03"	0.663470928234527
"DNASE1"	"DNASE1"	-0.193542306344704	0.0162011494674613	0.657593565779496	-0.204734400610025	-0.12091614737533	-0.132750134579509	-0.154579815583186	0.523154263963718	"IS03"	0.657593565779496
"SLC17A8"	"SLC17A8"	-0.371961470972485	0.0825343210587943	0.657160977570314	0.102935343226236	-0.039680628476506	0.644195343809968	-0.00328964267698908	0.233080510240585	"IS03"	0.657160977570314
"LYPD8"	"LYPD8"	-0.162237322062635	0.03111815425796	0.616336221341038	-0.0543934734311281	0.0880012769479912	-0.198937773346683	-0.0576479582737685	0.169671997781068	"IS03"	0.616336221341038
"MS4A18"	"MS4A18"	-0.171396944894287	0.106360948232293	0.596225675988875	-0.0717049421710706	-0.0627668198368491	0.23898332101243	-0.0805248207820408	0.142559102790347	"IS03"	0.596225675988875
"MGAM"	"MGAM"	-0.247841122732255	-0.0263366259346303	0.574280133767192	-0.0152507509798077	0.0697863814860425	-0.00516585669684331	0.278253862647937	0.162472204625516	"IS03"	0.574280133767192
"MEP1B"	"MEP1B"	-0.322590074435826	0.16950224471309	0.556935066104355	0.20075003742084	-0.169127943107594	-0.0664418848146985	-0.113746764079572	0.410175726717198	"IS03"	0.556935066104355
"OR2T11"	"OR2T11"	-0.089007954162487	0.184327343667195	0.549374794704814	-0.0473553346389395	-0.0806696032621472	0.0231373038567103	-0.0375095490910426	-0.0181371733552795	"IS03"	0.549374794704814
"TRPM6"	"TRPM6"	-0.419957527209269	0.100775698568259	0.540815882135451	0.497547616595043	-0.135659821094624	0.00230701040952103	0.146095267384413	0.291797315574354	"IS03"	0.540815882135451
"RFX6"	"RFX6"	-0.201148992727173	-0.0874728435501011	0.522804306767337	0.077094841246049	-0.0641817213589543	-0.0397390122149783	-0.140595176650876	0.39167410344529	"IS03"	0.522804306767337
"RP5.972B16.2"	"RP5.972B16.2"	-0.0135381017240313	-0.0911970282644976	0.490625163382366	-0.00258373270574215	-0.0214939991821902	-0.0652063987692566	0.0570439729179295	-0.0209227928243736	"IS03"	0.490625163382366
"CELA2B"	"CELA2B"	-0.333238427372845	0.011846627105472	0.412103600425538	0.124299300232065	-0.0732704638820936	0.120751424174752	0.242543728389547	0.342175263239267	"IS03"	0.412103600425538
"AC011513.3"	"AC011513.3"	-0.0506672547855389	-0.0880070950191091	0.268566748471122	-0.181881956451676	0.166685879485292	-0.0364819901901135	0.0444517266763529	0.0665602562715412	"IS03"	0.268566748471122
"LGALS9B"	"LGALS9B"	-0.0900006525220877	0.114089706915324	0.262412952020368	-0.0569253672753699	-0.0491907309100097	0.028916269813016	0.0745106986281673	0.0432981874622143	"IS03"	0.262412952020368
"LMOD1"	"LMOD1"	-0.662676926302378	-0.0666689972787748	-0.223820807126641	2.24094773879942	0.102399105330968	0.296476975346942	-0.10244843695772	-0.209697032832918	"IS04"	2.24094773879942
"CHRDL1"	"CHRDL1"	-0.645178159204947	0.148544422460015	-0.183382952954554	2.01958890660473	-0.0680898993193535	0.353307771133352	-0.0187959792051192	-0.198486908846582	"IS04"	2.01958890660473
"PGM5"	"PGM5"	-0.885073657357177	0.257496078820006	-0.0648908624477887	2.00099904960194	0.172531314833945	0.497423100615759	-0.115821288244847	-0.0446764284216868	"IS04"	2.00099904960194
"SDPR"	"SDPR"	-0.770175355561501	0.137621707713323	-0.084717868767903	1.98821618913451	-0.0295512497621731	0.533254892004454	0.017305604382651	-0.0621533954888694	"IS04"	1.98821618913451
"SYNM"	"SYNM"	-0.491396562099951	-0.0844913429668167	-0.145570715427173	1.94891116418385	-0.13951619920737	0.0991660738842904	-0.124060496247357	-0.0838606827780171	"IS04"	1.94891116418385
"PPP1R12B"	"PPP1R12B"	-0.680182208184272	0.0685893029059716	-0.142858990821242	1.91874899958625	0.0737920060728039	0.0938431868794846	-0.0206691615658066	-0.0486798486262383	"IS04"	1.91874899958625
"FXYD1"	"FXYD1"	-0.503376840015849	0.0688522742391392	-0.101787374718664	1.90511917894007	-0.155262359809962	0.554690143280194	-0.14826687641289	-0.282905476474041	"IS04"	1.90511917894007
"MYLK"	"MYLK"	-0.584203951940145	-0.0501005159364371	-0.0971462004845941	1.84031168851571	0.249173802313746	-0.0246625190857141	-0.0833992506764517	-0.175624629344438	"IS04"	1.84031168851571
"SYNPO2"	"SYNPO2"	-0.611320283631567	0.0673723704310993	-0.177176278661143	1.83655208867159	0.111549458460257	0.0737218648484864	-0.106731109579432	-0.100553357408617	"IS04"	1.83655208867159
"MSRB3"	"MSRB3"	-0.730717660024575	-0.101590153643787	-0.224627908750113	1.83392714505185	0.542998581441366	0.105040881163656	0.0714035707640423	-0.169982876744351	"IS04"	1.83392714505185
"PI16"	"PI16"	-0.472278373537569	0.166918463564692	-0.0228058649480405	1.81375437719344	-0.202312060178632	0.231439416259309	-0.0793590377565494	-0.275825506840839	"IS04"	1.81375437719344
"FHL5"	"FHL5"	-0.78192434581247	0.13592017350304	-0.0158844721632485	1.80243793660299	0.116692860788551	0.563876406182077	0.166070068057347	-0.134655417818301	"IS04"	1.80243793660299
"ABCA8"	"ABCA8"	-0.949310866928597	0.418406696914005	0.0331330832202944	1.79148250291307	0.125150979196587	0.70094375578926	0.0755450434888544	-0.0541606948553456	"IS04"	1.79148250291307
"ASPA"	"ASPA"	-0.652441844889744	0.108667140427223	0.0992921480005244	1.7883111421184	-0.165697996609887	0.527446437510195	-0.0928923255585329	-0.018203145847945	"IS04"	1.7883111421184
"PDE2A"	"PDE2A"	-0.702702047638659	0.196891948484005	-0.0534643803150231	1.75949355099008	0.0424124784939727	0.252700668972227	0.0884358028030659	-0.102810122424413	"IS04"	1.75949355099008
"FIGF"	"FIGF"	-0.507543453744217	0.0355454018247618	0.0113726950511238	1.75891941195608	-0.275540066606635	0.616244656144699	-0.126946857586771	-0.114600897619582	"IS04"	1.75891941195608
"MYOCD"	"MYOCD"	-0.568907240656645	-0.0512173982911412	-0.091717797613891	1.7393092229628	0.0260888984801134	0.42165609698947	-0.029609338284874	-0.120242610988469	"IS04"	1.7393092229628
"SCN7A"	"SCN7A"	-0.695747905019443	0.111127116174282	-0.0667282864760125	1.70303913067479	0.120966570125913	0.555397584796388	-0.0733861324342687	-0.0897734670669014	"IS04"	1.70303913067479
"DES"	"DES"	-0.438543250109201	-0.055864470782298	-0.168337250996679	1.69096593743888	-0.033148429706079	0.370771135213436	-0.0847908406731313	-0.222581000940913	"IS04"	1.69096593743888
"CPED1"	"CPED1"	-0.745933966050889	0.155587527371772	-0.0417745644122281	1.68632321215152	0.32343951622363	0.248855771542168	0.0760242332720657	-0.166067176974943	"IS04"	1.68632321215152
"ACTG2"	"ACTG2"	-0.420596641142157	-0.159622960684187	-0.112984466287873	1.66806200256791	0.170527671154925	0.12201112897479	-0.0498133478216979	-0.280147844385531	"IS04"	1.66806200256791
"SVEP1"	"SVEP1"	-0.844384947233769	0.295152891610189	-0.130227755295192	1.59934163972613	0.489008536766161	0.380372772652137	0.162215775417181	-0.225702906181074	"IS04"	1.59934163972613
"KIAA0408"	"KIAA0408"	-0.718190361981491	0.125630905783607	-0.053035213705042	1.5975254378443	0.17590818412602	0.556041686274818	0.00363398668374348	-0.0747975428387329	"IS04"	1.5975254378443
"ACTA2"	"ACTA2"	-0.530834746305266	-0.103856820032924	-0.189912897447859	1.58713710104968	0.561404503229492	-0.0659544807425274	-0.0365246533914878	-0.309238237960776	"IS04"	1.58713710104968
"F10"	"F10"	-0.504527461545207	0.0423776182421715	0.278545401122679	1.58116452156018	-0.0817943786203535	0.285245047393143	-0.0931725509801828	-0.154081122484641	"IS04"	1.58116452156018
"NECAB1"	"NECAB1"	-0.74751023237141	0.0838179495822453	0.00141345810602731	1.54458283827999	0.19839143725135	0.618046314672342	-0.0432499690613447	0.0183085271972891	"IS04"	1.54458283827999
"CFD"	"CFD"	-0.474881826954769	0.338566688375139	-0.00900166120798685	1.50845044958769	-0.217282577933526	0.422422375799859	0.0800965184856838	-0.333917210957323	"IS04"	1.50845044958769
"MASP1"	"MASP1"	-0.486286775422345	0.0147021764350008	-0.00255789278356378	1.48922304202652	-0.0799503582243413	0.122877128061695	0.118259778088742	-0.0813671939044272	"IS04"	1.48922304202652
"CMA1"	"CMA1"	-0.65523383882776	0.625456352117452	0.00108083432408053	1.47926696531798	-0.0287870695739408	0.236689198211665	0.0561249050652849	-0.288463041866223	"IS04"	1.47926696531798
"POPDC2"	"POPDC2"	-0.496789574941577	0.26691366045316	-0.178956659920143	1.47661875204512	-0.0346701341941694	-0.0286437417491694	-0.140942675717968	-0.0757404220130685	"IS04"	1.47661875204512
"NEGR1"	"NEGR1"	-0.759188275458768	-0.0123187962258166	-0.066015746954855	1.47019002087855	0.467978076112617	0.362054868418912	-0.0695277089660847	0.0544244308317531	"IS04"	1.47019002087855
"ADAMTS8"	"ADAMTS8"	-0.677891655489872	0.238066668038857	-0.0610062066353893	1.46328886906269	0.00637264089536408	0.977577040764491	0.010891824980447	-0.146521263920826	"IS04"	1.46328886906269
"RAB9B"	"RAB9B"	-0.624455762220683	-0.0993522227924666	-0.0880563966244996	1.40319556612926	0.0475698631436635	0.0385302617233075	-0.220959261187595	0.431023556116037	"IS04"	1.40319556612926
"GPR17"	"GPR17"	-0.53752016724049	0.107057700192177	-0.023170638544712	1.3820004941425	-0.189347861585496	0.498693762207797	0.00894159394121688	0.0421337220627333	"IS04"	1.3820004941425
"S1PR1"	"S1PR1"	-0.791253854047296	0.472981465628643	-0.0616040787286978	1.35989572158129	0.216125093144985	0.517454824108869	0.30140075187357	-0.215334648936732	"IS04"	1.35989572158129
"MAS1L"	"MAS1L"	-0.602816916383372	0.579765474976734	0.00737246314028985	1.31885568659187	0.0567684074278963	0.266240962008686	-0.139484636623608	-0.23711830372945	"IS04"	1.31885568659187
"CTSG"	"CTSG"	-0.617855810472561	0.683540369942118	-0.0180016991881384	1.29421891277157	0.0259804087427482	0.25318763555705	0.0838141336655852	-0.343184449765685	"IS04"	1.29421891277157
"FMO2"	"FMO2"	-0.567982755788428	0.349333340447557	-0.228589584281903	1.29333039093593	0.0349508289087687	0.649712444915445	0.130801756269815	-0.266600095422195	"IS04"	1.29333039093593
"AKAP12"	"AKAP12"	-0.613384863317627	-0.0360494483717071	-0.131334320779262	1.27712320925234	0.27786707996668	0.0398921078909525	0.306400482965033	0.0185700578756684	"IS04"	1.27712320925234
"ADRA1A"	"ADRA1A"	-0.51182147835209	0.0977513464628502	-0.023913735130239	1.27222462989989	-0.162399205863348	0.271563097901223	-0.101678200447508	0.171871065892292	"IS04"	1.27222462989989
"PARK2"	"PARK2"	-0.706420225034446	-0.0148984987170392	0.0646267020639275	1.26647798724404	0.149366501400399	0.313835389399072	-0.203910527419765	0.391278722058056	"IS04"	1.26647798724404
"GLP2R"	"GLP2R"	-0.414109020110696	0.0392270402238852	0.138365256754354	1.25795870437848	0.0582158453493283	-0.0033322566589919	0.0497428549523116	-0.167830165978671	"IS04"	1.25795870437848
"PTGFR"	"PTGFR"	-0.558239593487463	0.204717987695868	-0.199499289921529	1.25610429085964	0.270013420434658	0.206883835452823	0.173716725939619	-0.229121787466454	"IS04"	1.25610429085964
"TMEM100"	"TMEM100"	-0.503229358753444	0.125045021548348	0.11846303849279	1.21839161741645	0.0307956163688662	0.566894758386081	-0.0171949890124046	-0.15801593038912	"IS04"	1.21839161741645
"RP5.877J2.1"	"RP5.877J2.1"	-0.538139755745193	0.0297871745117672	-0.0765198239531559	1.17439377212414	0.0257137874510089	0.576835297650527	-0.0346548013395695	0.0744229433979613	"IS04"	1.17439377212414
"CYP2U1"	"CYP2U1"	-0.829455223705531	0.187012220366237	-0.0232990603226154	1.17098127030118	0.447972359263383	0.417439485974892	0.0385242000733018	0.161206447258124	"IS04"	1.17098127030118
"P2RY14"	"P2RY14"	-0.735713300444168	0.78693265149692	-0.0325762444087517	1.16095752467823	0.185181645026599	0.239365570154675	0.177714105878123	-0.280461370915494	"IS04"	1.16095752467823
"C11orf96"	"C11orf96"	-0.48398589538002	0.117173746310368	-0.136514680448246	1.1596646484475	0.06083330872027	0.323198791815866	0.719188383970729	-0.374304755614501	"IS04"	1.1596646484475
"ERVFRD.1"	"ERVFRD.1"	-0.720121499104591	0.405617424791597	0.114940893047746	1.15294014257487	-0.00537429474458852	0.532856844497579	-0.141547168653023	0.17276957748742	"IS04"	1.15294014257487
"TMEM47"	"TMEM47"	-0.631466825085855	-0.0862134731287885	-0.0331956741242526	1.14459751156277	0.411171018017005	0.394432498925919	0.0117759982607109	0.0715126490878045	"IS04"	1.14459751156277
"RNF112"	"RNF112"	-0.452124188757845	0.145337209089403	-0.0411863414203299	1.10211633117888	-0.0970889481745393	0.0428587265572498	-0.0928777571660492	0.148772001737159	"IS04"	1.10211633117888
"PDGFRA"	"PDGFRA"	-0.860053569975808	0.293824328172144	-0.000648402336676809	1.09834491236402	0.831712740518191	0.0522206723379093	0.389649611891728	-0.189101539626253	"IS04"	1.09834491236402
"CCL23"	"CCL23"	-0.556555554337702	0.666202404816888	0.0958566773891713	1.08195110798653	-0.125992105520224	0.526754430388298	0.486608397322631	-0.486811606814508	"IS04"	1.08195110798653
"CCDC136"	"CCDC136"	-0.70161262484476	0.222593380951766	0.0344085625855694	1.07583508838814	0.0287186168093532	-0.0879714043359695	-0.102344396060085	0.500487748937944	"IS04"	1.07583508838814
"NR4A3"	"NR4A3"	-0.537976415564978	0.0214626049044242	-0.092723438506777	1.07197964506594	-0.024502983461423	0.275290637683682	0.999437980315744	-0.196457643848853	"IS04"	1.07197964506594
"PGR"	"PGR"	-0.652417515083108	0.019755834024494	-0.163291837086864	1.0653971710091	0.490475973911167	0.585671796600683	-0.0386927251087159	0.0131648750807817	"IS04"	1.0653971710091
"GIMAP8"	"GIMAP8"	-0.666286399112264	0.721916258204215	-0.197358335596303	1.05510861823165	0.100624645517591	0.387495653984625	0.0978441962787483	-0.187057805451262	"IS04"	1.05510861823165
"FGF10"	"FGF10"	-0.491843365418162	-0.0321106636440736	-0.11066661129529	1.05118374176715	0.26496717368315	0.18653423221137	0.0135742113945143	0.0273260705186078	"IS04"	1.05118374176715
"GIMAP6"	"GIMAP6"	-0.804235594049518	0.935024727771385	-0.115769976803284	1.04891415873752	0.196123510718518	0.344448459077924	0.212392892855983	-0.230364338942113	"IS04"	1.04891415873752
"SLC8A1"	"SLC8A1"	-0.632308247600659	0.268963968684493	-0.115169678437951	1.04780488961499	0.37670084149972	-0.0564460081029584	0.17505749576647	-0.0332646491018825	"IS04"	1.04780488961499
"RGS9"	"RGS9"	-0.602134106898694	0.359117096973244	-0.147790895107275	1.02126382767665	-0.00748494810445575	0.180964350951286	-0.116762360579539	0.240434428102778	"IS04"	1.02126382767665
"BMX"	"BMX"	-0.43177714352327	0.0729253080903185	0.265594261301375	1.0129053812685	-0.000374099020408247	0.220531445517774	0.0198066324845754	-0.0433619764958592	"IS04"	1.0129053812685
"DMPK"	"DMPK"	-0.535164514119427	0.134713512310135	-0.126681485078843	1.01242834276767	-0.0555964247755203	-0.0566417311273939	-0.0982595412602588	0.395727158483845	"IS04"	1.01242834276767
"CCDC141"	"CCDC141"	-0.695918263443058	0.624183887241612	0.150409137320562	1.00284406732305	-0.126985829977906	0.528198071403534	0.142165354338191	0.00934937410128896	"IS04"	1.00284406732305
"SLIT2"	"SLIT2"	-0.712927425636191	0.138806456141934	-0.163979991437019	0.988387250277603	0.621961433323	0.462739192968374	0.0909221484696446	-0.0462151139364499	"IS04"	0.988387250277603
"ABCB5"	"ABCB5"	-0.529100911940079	0.115217151864566	0.0991920617095819	0.984650019797731	0.030747478795855	0.151703249464784	-0.079727931153691	0.213432608824388	"IS04"	0.984650019797731
"ABC7.42404400C24.1"	"ABC7.42404400C24.1"	-0.647677120802519	0.496377665028082	-0.121578913813926	0.977768161639355	-0.00521613293461289	0.437448131111052	0.0769964248241351	0.0676378985821538	"IS04"	0.977768161639355
"RBFOX3"	"RBFOX3"	-0.308322532106989	-0.0805609470416799	-0.0710185795362737	0.956629717915108	-0.0466639047873415	-0.0956607429023962	-0.127108700967832	0.175072036766608	"IS04"	0.956629717915108
"FLNA"	"FLNA"	-0.214840984279169	0.019976682883046	-0.274453679525721	0.94616394376161	0.284862563513406	-0.1180223270539	0.122721048581687	-0.401723869446365	"IS04"	0.94616394376161
"SSC5D"	"SSC5D"	-0.740136344015319	0.169002273672298	-0.113844496854621	0.943629105640454	0.895402559039105	-0.0241271736631955	0.170314721163424	-0.113086312893837	"IS04"	0.943629105640454
"PRDM6"	"PRDM6"	-0.682384142122342	0.121479074720757	-0.174878227200662	0.938505232063571	0.733203415853057	0.232287626411499	-0.0279768540844301	-0.0194938818153725	"IS04"	0.938505232063571
"AGTR2"	"AGTR2"	-0.390101657886162	0.0663776747657239	-0.0947378882840838	0.934608525008191	-0.0754557051544138	0.809258907579239	-0.00923064999194947	-0.0764850511013219	"IS04"	0.934608525008191
"CLDN5"	"CLDN5"	-0.464595413341448	0.464913645584925	0.173066546647466	0.933154345994318	0.0420198924539814	0.256034029348889	-0.0480343672213018	-0.230075185629059	"IS04"	0.933154345994318
"RSPO2"	"RSPO2"	-0.534362665635028	0.13373970898199	0.116882901793277	0.926519029337058	0.245233621806026	0.534088079181512	0.0566108207096516	-0.115257599160527	"IS04"	0.926519029337058
"ZNF385D"	"ZNF385D"	-0.612599088456972	0.311267057248863	-0.0864382359689021	0.912306817687048	0.50936384119751	0.106970180919328	0.164291796052235	-0.17798199570596	"IS04"	0.912306817687048
"TLL1"	"TLL1"	-0.664301559612142	0.239278755540246	0.0125940807194957	0.911019356320627	0.542211433400807	0.163833650709499	0.306044050136615	-0.158706272933149	"IS04"	0.911019356320627
"SLC5A4"	"SLC5A4"	-0.802748651128731	0.186674312032983	0.306916447302107	0.884562305747636	0.113089623666054	0.529440972037631	0.144678363344297	0.397524030709251	"IS04"	0.884562305747636
"MS4A2"	"MS4A2"	-0.917308507609069	0.804063076884001	0.0910899588956734	0.883810363894606	0.517325164398971	0.442747305413096	0.116080210139029	-0.107516479045401	"IS04"	0.883810363894606
"RCVRN"	"RCVRN"	-0.578749299052084	0.360569382164619	-0.0318100847553148	0.870005491505701	0.298930440006359	0.135326774633334	0.0671581287847301	-0.0602604611534048	"IS04"	0.870005491505701
"GPR182"	"GPR182"	-0.459549712703568	0.269910118981981	-0.0442248789289696	0.834896035478785	0.00609846279132561	0.244314511750225	0.145002013147184	-0.0192867896536318	"IS04"	0.834896035478785
"KCNS2"	"KCNS2"	-0.729104204825656	0.472334970226631	0.129182120474598	0.825806179674339	0.481816456866284	0.125997513813229	0.0746804816054762	-0.0279520944364725	"IS04"	0.825806179674339
"RAB23"	"RAB23"	-0.56842189917453	-0.115772247861957	-0.191547148511376	0.821283191327402	0.619494048675046	-0.0840195753296157	0.158544441687628	0.136788645900373	"IS04"	0.821283191327402
"KCNK3"	"KCNK3"	-0.372755737157641	-0.103859080616954	0.0638649867386723	0.799353373703908	-0.109052343683534	0.297316010586529	-0.105385305983366	0.301532769890252	"IS04"	0.799353373703908
"MUSK"	"MUSK"	-0.543229140570874	0.543896723291539	0.229840607923891	0.789342042997089	-0.0905014164903387	0.513992685801567	0.0399849523431962	-0.0776129682565468	"IS04"	0.789342042997089
"MAGI2"	"MAGI2"	-0.587384072979358	-0.116741469371885	-0.0448493650775923	0.776700403887782	0.221797441330011	0.183468845133796	-0.200239493038083	0.572882183836194	"IS04"	0.776700403887782
"LDB2"	"LDB2"	-0.459970738154421	0.0990340220316767	0.110584680122713	0.774827314835046	0.21261398118266	0.27657712000326	0.24842962778302	-0.11216200832667	"IS04"	0.774827314835046
"HGF"	"HGF"	-0.768070266086345	0.499254264977825	0.033117631459978	0.773458379635309	0.614986651138076	0.188391037313623	0.31197141227885	-0.154183745078649	"IS04"	0.773458379635309
"CNR1"	"CNR1"	-0.523135824902891	0.258518696909107	0.154822966451523	0.741136477324355	-0.0796447172133319	0.197118600139289	-0.0121782242565259	0.27600548597191	"IS04"	0.741136477324355
"HPGDS"	"HPGDS"	-0.662563667955542	0.58006591167033	0.151983030023246	0.730437668757727	0.456282762953672	0.414518548942867	0.186383477258667	-0.3046964778721	"IS04"	0.730437668757727
"ERICH4"	"ERICH4"	-0.396036893228928	0.0571353195659748	0.696033849049445	0.721078404733453	-0.190728499984123	0.414621013911647	-0.0127134285898052	0.0858105228859296	"IS04"	0.721078404733453
"GLDN"	"GLDN"	-0.398307724171816	0.134957703633939	-0.0184768415931761	0.715085349453956	0.0842519839391716	0.22043142332394	0.142450086040444	-0.0128012903878885	"IS04"	0.715085349453956
"C3orf49"	"C3orf49"	-0.56974604024481	0.0627576729697314	-0.0898252957747195	0.692583407770812	-0.115941639899936	0.368694011025829	0.13821207927517	0.524298606330427	"IS04"	0.692583407770812
"PTGDR2"	"PTGDR2"	-0.483458426234056	0.324059184502407	0.508236061464242	0.687722433007125	-0.229502038028418	0.339687683720403	-0.20852091563961	0.258045039341042	"IS04"	0.687722433007125
"COL6A6"	"COL6A6"	-0.598397975243155	0.489295890650638	-0.141881890542438	0.677571677255272	0.331669565586041	0.410818569297962	0.101696756099693	-0.098618709997438	"IS04"	0.677571677255272
"ALAS2"	"ALAS2"	-0.410069374790186	-0.0114317390278319	0.0388903903765293	0.675877074411115	-0.150154828360308	0.315639668993164	0.516422039435357	0.123854557129937	"IS04"	0.675877074411115
"KLF17"	"KLF17"	-0.45099603404004	0.0328985053729293	-0.0803116347070407	0.667104797576481	0.31114279280531	0.273099195180694	0.133561405209691	0.0188312372961345	"IS04"	0.667104797576481
"OVCH1"	"OVCH1"	-0.471343000817955	0.128907985906492	-0.0892329202794403	0.63615324716221	-0.121352167137103	0.531666872990946	0.298214195368081	0.200517861857498	"IS04"	0.63615324716221
"NPY5R"	"NPY5R"	-0.294716685190802	0.0485480322155994	-0.0407054390603583	0.633806248545395	-0.0570744396724165	0.147322358966538	-0.0702347790107379	0.154989825005122	"IS04"	0.633806248545395
"SLC18A2"	"SLC18A2"	-0.840551867941436	0.56238869303152	0.190696688035323	0.627375872386964	0.488551141525509	0.370337567628545	0.176542909974916	0.0962408023603161	"IS04"	0.627375872386964
"TMX2.CTNND1"	"TMX2.CTNND1"	-0.468177900811534	0.182451801871872	-0.138919454004149	0.591658778466827	0.225402100424951	0.121902150733507	0.220783043826264	0.0733979210007495	"IS04"	0.591658778466827
"PLPPR4"	"PLPPR4"	-0.571030968530018	0.226882713663249	-0.132516146268993	0.587306406954875	0.520806938892735	0.0768041076992456	0.275048440884116	-0.0180722957231055	"IS04"	0.587306406954875
"HBM"	"HBM"	-0.204029614897336	-0.0439473320921692	0.0835814058477456	0.539892277725858	-0.24382028544781	0.406029441260465	0.308343375454492	-0.020116043788328	"IS04"	0.539892277725858
"MTMR9"	"MTMR9"	-0.600550270470444	-0.0135714019382507	0.0408071804217244	0.484256803862721	0.402038840097191	0.0834180938477952	0.185512267824063	0.386453916462164	"IS04"	0.484256803862721
"RTN1"	"RTN1"	-0.562183702344452	0.43983939560212	-0.0752746077204279	0.467828389960184	0.16318887827905	0.41468202666341	0.00619782044068009	0.171232580372122	"IS04"	0.467828389960184
"SPOCK3"	"SPOCK3"	-0.299571784760617	-0.0908815932697521	-0.113904185990243	0.465757906847554	0.395512094161636	0.0201065226441271	-0.109412571342592	0.0916420034107773	"IS04"	0.465757906847554
"RAB3C"	"RAB3C"	-0.313588613153081	0.128692993487658	0.138296124210882	0.459521974244065	-0.0752299385024399	-0.0536728984006198	-0.0611925867718337	0.264861559066245	"IS04"	0.459521974244065
"PLA2G2C"	"PLA2G2C"	-0.264374036779771	0.195924143804023	-0.00742477717633248	0.437553731302491	-0.0994817318735152	0.183051145388349	-0.0680179475978186	0.121166326138135	"IS04"	0.437553731302491
"STXBP1"	"STXBP1"	-0.399309020818782	-0.0460856488828603	-0.155998711551575	0.408942806258798	0.201306422893355	0.0796646640920324	0.170539122140935	0.303696947352669	"IS04"	0.408942806258798
"MSRA"	"MSRA"	-0.228867866448435	0.0809970132033559	0.184893384380674	0.397360140665952	0.0884913259340245	0.202959853287437	0.109112253180759	-0.122945371577831	"IS04"	0.397360140665952
"CLVS2"	"CLVS2"	-0.193320644017594	-0.0865095043982931	0.051300612356369	0.377272517215566	0.237366546823129	-0.00892099894714962	-0.0979837383307416	0.0320278281959805	"IS04"	0.377272517215566
"RIMS1"	"RIMS1"	-0.326134424207502	-0.0514621846893033	-0.0851266313685261	0.373823245140799	0.120046198375378	0.098869476180397	-0.0690835585299886	0.344794432234222	"IS04"	0.373823245140799
"RGCC"	"RGCC"	-0.321600026723348	0.162650509030166	-0.0363345584369874	0.356817888189537	0.248071921905765	0.310121660459338	0.199534202086668	-0.131386742822097	"IS04"	0.356817888189537
"HAND1"	"HAND1"	-0.254327081426526	-0.0810831647580435	0.116446308238775	0.338239697322728	0.107120330907498	0.246111570563001	-0.0580722844848199	0.160648166415517	"IS04"	0.338239697322728
"A4GNT"	"A4GNT"	-0.459746146147766	0.279792107551963	0.28482350173752	0.328589468925689	0.015716035335033	0.252177147481328	0.0882283149635525	0.229778550758316	"IS04"	0.328589468925689
"LRRC32"	"LRRC32"	-0.215587236451668	0.0967700704384818	0.00261753499464327	0.288313785703732	0.20418246982556	0.101267635289287	0.153198764156096	-0.124589645938479	"IS04"	0.288313785703732
"EIF4E"	"EIF4E"	-0.243835240861813	0.0210085218613543	0.0131075879536136	0.243035824721525	0.0706222104261524	0.0679128035901064	0.085556020872504	0.167000302857586	"IS04"	0.243035824721525
"TAF9"	"TAF9"	-0.147936640765985	0.0807417155406093	0.0025782122284756	0.222749855755503	0.0647468149248316	-0.246078111198252	0.0226092097050368	0.084230811087507	"IS04"	0.222749855755503
"OMD"	"OMD"	-0.724931300838237	0.139749216131709	-0.135874545820663	1.07572542305716	1.10981049461828	0.0581431277720669	-0.0236297251890908	-0.308815413236753	"IS05"	1.10981049461828
"TGFB3"	"TGFB3"	-0.744104703286004	0.294835310707091	-0.251809000674193	0.531915579474711	1.10388299726407	-0.112246805318485	0.19666692186126	-0.0565576378117569	"IS05"	1.10388299726407
"TMEM119"	"TMEM119"	-0.86255823477759	0.750048827102731	-0.0586779657299637	0.573221860965263	0.881953783375663	0.225705342295584	0.209559160050049	-0.201210132022733	"IS05"	0.881953783375663
"TNN"	"TNN"	-0.57194123468334	0.198586416000552	-0.0691542968235788	0.512130470009428	0.838545142829852	-0.114174820166028	-0.109944067181702	0.0167669934106274	"IS05"	0.838545142829852
"ETV1"	"ETV1"	-0.469517718276348	-0.087887797315447	-0.130156368483044	0.316492882664054	0.757413677889395	0.107374672995405	0.0977087979485795	0.0944534125550035	"IS05"	0.757413677889395
"NTM"	"NTM"	-0.422221204341135	0.0793760065681797	-0.172758449565698	0.129284884886085	0.711947657867771	0.107186576240246	0.265086647182011	-0.0363230264517829	"IS05"	0.711947657867771
"PRND"	"PRND"	-0.535764365351219	0.0901064640672835	-0.0461824517481248	0.495787472381042	0.695354974719943	0.127110271255083	0.0016584691272801	0.0291903951707345	"IS05"	0.695354974719943
"CCL11"	"CCL11"	-0.408107291558196	0.451194634775243	0.0962980797956749	-0.0232644453118066	0.628800607476396	-0.157406239167879	0.612593901765169	-0.344652676042307	"IS05"	0.628800607476396
"ANOS1"	"ANOS1"	-0.461035159862715	-0.0500215313557653	-0.204224813325314	0.0552194056421721	0.622388182421641	0.345164692494194	0.173396096116095	0.23948592950816	"IS05"	0.622388182421641
"OLFML3"	"OLFML3"	-0.436178702180265	0.110756195725943	0.00557670302824114	0.509351105527256	0.592105820632034	0.0820265020147368	0.0233647573392564	-0.11117000920588	"IS05"	0.592105820632034
"CHRD"	"CHRD"	-0.518984195856346	0.119048606705898	-0.0413665379141861	0.420470095834937	0.48727014519024	-0.14494339627092	0.106296561943059	0.227169580148599	"IS05"	0.48727014519024
"TYRP1"	"TYRP1"	-0.321666076595128	0.0755939046119125	0.122376091110083	0.261065588671483	0.358454792733349	0.281498864812021	-0.0307364980534773	-0.0165000396084647	"IS05"	0.358454792733349
"GPR85"	"GPR85"	-0.289479173634459	0.124528749258515	0.236897704839682	0.089944797958019	0.280062956525683	0.123045487918231	0.120748969650574	0.00606458403022293	"IS05"	0.280062956525683
"FAM216B"	"FAM216B"	-0.411034682950327	0.34172645407306	-0.0763567609041097	0.0829820841967808	-0.118288929205555	2.36178909808168	-0.123888914637383	-0.0983869051747135	"IS06"	2.36178909808168
"CATSPERD"	"CATSPERD"	-0.210731344836226	-0.0229012439387726	-0.107804168557711	-0.0676659573627188	-0.133704740751776	2.26975860109129	-0.157216016172903	-0.0263454513563228	"IS06"	2.26975860109129
"ZMYND10"	"ZMYND10"	-0.191316993516018	-0.120506496719399	-0.15187209532046	-0.28823266005429	-0.114141114055672	2.16035293455233	-0.139065873356444	0.178848909370125	"IS06"	2.16035293455233
"DNAI1"	"DNAI1"	-0.280983388792128	-0.0671067836302717	-0.0503726610012214	-0.12945828900642	-0.185646711475901	2.06286766353348	-0.118856379213408	0.255561509975465	"IS06"	2.06286766353348
"LRRC18"	"LRRC18"	-0.537732802809471	0.36661089305692	-0.13524523704849	0.463892558166859	0.018862869109402	1.93716384898136	-0.103580115526109	-0.0992847902169497	"IS06"	1.93716384898136
"STMND1"	"STMND1"	-0.364101527748174	-0.00494716678850322	0.120608650990505	-0.140929508153859	-0.101585170196926	1.85217154751671	-0.239758455669634	0.378362756979565	"IS06"	1.85217154751671
"DTHD1"	"DTHD1"	-0.500439006251907	0.848771205567565	-0.199569820580584	0.0300446118020124	-0.038136849964965	1.74285804705521	0.0213993127586257	-0.206355562858052	"IS06"	1.74285804705521
"MS4A8"	"MS4A8"	-0.306400892909884	-0.0688783538955789	0.498998531883116	-0.142434012111971	-0.10925345431556	1.73107674335762	-0.146046094887385	0.218625136550256	"IS06"	1.73107674335762
"ECT2L"	"ECT2L"	-0.316848959621989	-0.0127672822152089	-0.105315432020999	-0.0214767047926101	-0.0519298658797414	1.59016961904169	-0.145394103749753	0.27422271280404	"IS06"	1.59016961904169
"RIIAD1"	"RIIAD1"	-0.181560127598775	-0.136226011093934	-0.0263179484954347	0.196906051678576	-0.16399032895985	1.56828722532131	-0.251342870558361	0.099800957519134	"IS06"	1.56828722532131
"SFTPA2"	"SFTPA2"	-0.209197054333326	0.0170057055009776	-0.0319520895666891	0.0667039704837164	-0.0677673037720443	1.36467298322037	0.0971578859257636	-0.0617432097099959	"IS06"	1.36467298322037
"GGTLC1"	"GGTLC1"	-0.190110378175735	-0.0386999153648578	0.2727041865097	0.103068520561626	-0.139806854098339	1.28056029359821	-0.0444537586026686	-0.00841983491071632	"IS06"	1.28056029359821
"TEX26"	"TEX26"	-0.350136444637773	-0.00233176221933057	-0.00216829079212043	0.583344063783219	0.0792457043125066	1.27738663153418	-0.093080582552541	-0.126443302331159	"IS06"	1.27738663153418
"SCGB1A1"	"SCGB1A1"	-0.169962654277213	-0.00584715408257153	-0.0868614141002379	0.282765024144607	-0.121230744739355	1.25200393464888	-0.0206377164037228	-0.11033378814964	"IS06"	1.25200393464888
"SEC14L3"	"SEC14L3"	-0.513354735271592	0.155623902873117	-0.135880387122691	0.262095173457779	-0.256674858740622	1.22378011968857	-0.0401753704764016	0.569387528883062	"IS06"	1.22378011968857
"SFTPC"	"SFTPC"	-0.198084281753474	-0.0623884816794235	0.096845070574951	0.261107272937932	-0.158524066785264	1.21922949469241	0.080687670945612	-0.0538794460372527	"IS06"	1.21922949469241
"NAPSA"	"NAPSA"	-0.217368313747421	0.14902032192708	0.00739502361205889	-0.0175309060540644	-0.107376076695862	1.18745285141195	0.0399924822562802	0.00665936581554893	"IS06"	1.18745285141195
"C6orf229"	"C6orf229"	-0.340289892188604	0.34151518573019	-0.141722639970318	0.150478653500139	-0.266768515283662	1.18288097803987	0.0269488230695964	0.15603389161127	"IS06"	1.18288097803987
"SERPINI2"	"SERPINI2"	-0.308096373639917	0.149661635914327	0.335856858772293	0.101957336113658	-0.170679687196304	1.17942087338103	-0.0726495472687045	0.119448210987811	"IS06"	1.17942087338103
"C8orf34"	"C8orf34"	-0.503634735451265	0.0741216522018672	0.0310934955456945	0.320836347733868	0.130638360161199	1.16586512410525	0.0472842255952348	0.19319367458139	"IS06"	1.16586512410525
"AP000322.53"	"AP000322.53"	-0.424677862335503	0.0319620194156199	-0.0574139802693962	0.0911231920067244	-0.0510801090294706	1.08115675041654	-0.00147474505500278	0.447033590950995	"IS06"	1.08115675041654
"AZU1"	"AZU1"	-0.221267475401302	0.0794491854557238	-0.0736590824134733	-0.0412154199187651	-0.103716508413156	1.02212571389465	0.342724265276427	0.0134991649266892	"IS06"	1.02212571389465
"SFTPA1"	"SFTPA1"	-0.155601704178556	0.0749710843824401	-0.0354388135353846	0.0898444311865752	-0.0510587240860342	1.02118084029566	0.00971755346641019	-0.0906886263319651	"IS06"	1.02118084029566
"AGER"	"AGER"	-0.355869840079154	0.434379611386401	-0.0351448404015625	0.132735055982154	-0.404625113262744	1.01646412435079	0.0654370313554321	0.240749844482808	"IS06"	1.01646412435079
"OR6N1"	"OR6N1"	-0.106286311544057	-0.0632412617977591	0.0479270575090141	-0.0171861447486859	0.0515475206567513	0.904447276236452	-0.000916298656995875	-0.0702783867669435	"IS06"	0.904447276236452
"MS4A15"	"MS4A15"	-0.218097618219961	-0.0687394916553263	0.196927647166768	-0.130551730687175	-0.0317218570114331	0.878014789064742	-0.0141889441670751	0.262694224529843	"IS06"	0.878014789064742
"RS1"	"RS1"	-0.1511769089438	-0.0495685374771871	-0.016959859120327	0.274381679932108	-0.114721123311208	0.811868954747822	0.0374357135102722	-0.0211311663454869	"IS06"	0.811868954747822
"SUSD2"	"SUSD2"	-0.251332519505236	0.143257454006589	0.191291607185787	0.148414634358744	0.130188317898455	0.781328416622197	0.129091849726661	-0.191753624982268	"IS06"	0.781328416622197
"SLC46A2"	"SLC46A2"	-0.348213924760999	0.302007204019359	-0.0249903781819928	0.299055526108652	0.0956039512371518	0.775785986211858	0.229385459449758	-0.190265176533205	"IS06"	0.775785986211858
"SFTPD"	"SFTPD"	-0.11219802008392	0.118943005081117	-0.0512485472384205	0.0542271036939597	-0.164280864364816	0.763054713541535	-0.00490618359166942	-0.00175564741298972	"IS06"	0.763054713541535
"CHIA"	"CHIA"	-0.130472873155935	0.0169271801552234	0.145455136109517	0.117354886813551	-0.101225128255375	0.750183927885693	0.00545601489155088	-0.0321680800406848	"IS06"	0.750183927885693
"SLC6A4"	"SLC6A4"	-0.299458277738306	-0.156882333678142	0.226041811503223	0.128905660718136	-0.028631503701296	0.740120681506036	-0.137064924888711	0.408522206581877	"IS06"	0.740120681506036
"C4BPA"	"C4BPA"	-0.296810808876382	0.16476592404762	0.427758714419806	0.315994915788256	-0.160838985268634	0.730278237887481	0.263314085113065	-0.103820025790164	"IS06"	0.730278237887481
"MOGAT1"	"MOGAT1"	-0.093090240075091	-0.129573494574155	0.110189638788915	0.15003202818673	-0.109706742229816	0.707827104684007	-0.0284408168059767	0.0373700597684483	"IS06"	0.707827104684007
"AQP10"	"AQP10"	-0.19909751312417	-0.00314162100172015	0.354690140295302	0.0273141674330072	0.122432876277173	0.696693982785157	-0.100024121513285	-0.000597955354919784	"IS06"	0.696693982785157
"CLDN18"	"CLDN18"	-0.223334145307252	0.0183698307618159	0.449283252363259	0.103806154401675	-0.103206638650875	0.689867443901477	0.175224627507309	0.0114131164694465	"IS06"	0.689867443901477
"HHIP"	"HHIP"	-0.504210381401506	0.071128816934966	0.320456601042335	0.54052858191908	0.339405629303218	0.669804849168953	0.0267278333638985	-0.0317628887722517	"IS06"	0.669804849168953
"RASGRF1"	"RASGRF1"	-0.264570306714883	0.241345791433662	-0.0663390421296675	0.0516256164486753	0.141792947051398	0.650794573939263	0.341101680710581	-0.180471743448816	"IS06"	0.650794573939263
"RTKN2"	"RTKN2"	-0.263026499933855	0.113969796217579	-0.205117304579838	-0.365994004987102	0.0944141859232759	0.640781110121858	0.298496341207272	0.288233809665726	"IS06"	0.640781110121858
"SLC39A8"	"SLC39A8"	-0.292619071341122	0.0535513295449365	0.159378978549129	0.0794469445452886	0.141250149228359	0.609481606182882	0.563009740809903	-0.146814507880618	"IS06"	0.609481606182882
"INSL5"	"INSL5"	-0.215720547294625	0.103737081847493	0.170088373420251	-0.0531527473373301	-0.136653202792413	0.597509792950477	-0.147883360341168	0.312629369885127	"IS06"	0.597509792950477
"CEACAM8"	"CEACAM8"	-0.408645514908076	0.100641178942592	0.179172374028944	0.12549879798857	-0.162761349148464	0.573326665228233	0.193710309473154	0.432994396224474	"IS06"	0.573326665228233
"TEX14"	"TEX14"	-0.471276817235066	0.244704128357821	-0.0574031568183153	0.0539888249133995	0.083809731979873	0.519648129008447	0.134740341170053	0.39013749460915	"IS06"	0.519648129008447
"RP1.179P9.3"	"RP1.179P9.3"	-0.147894273691234	-0.00432105727390846	0.0461182005987372	0.11428762757181	-0.00770369114757067	0.518658953443093	0.161156862844262	-0.0309703453873224	"IS06"	0.518658953443093
"C16orf78"	"C16orf78"	-0.205927677005192	0.0211676560206342	0.179227376333222	0.349025350636128	-0.0835297480360767	0.48531078678288	-0.0399479076470276	0.0368738071206643	"IS06"	0.48531078678288
"LRRC49"	"LRRC49"	-0.264253321301083	-0.0979317044342386	-0.0968550663718855	0.0956035527910915	0.0339713554501279	0.449354883483491	-0.0738387273043865	0.412312975136107	"IS06"	0.449354883483491
"C5orf38"	"C5orf38"	0.00693446877545549	-0.0791262742288564	-0.154325723200676	-0.174988981086647	-0.0187216380238015	0.365076799613416	-0.134626582943733	0.170306843038964	"IS06"	0.365076799613416
"OR2M4"	"OR2M4"	-0.104462403111421	-0.00876732788742243	-0.0449414483315595	0.0223059854715504	0.0858926691275158	0.312078652761737	0.0190091084172187	0.0278005731663556	"IS06"	0.312078652761737
"C9orf57"	"C9orf57"	-0.126525319136981	0.134596755463475	0.230718600106539	-0.0740999445415473	-0.103720217863745	0.235202960747245	-0.0799633302930955	0.169034371251267	"IS06"	0.235202960747245
"OSM"	"OSM"	-0.330587520982242	0.216491270156406	-0.0595406372483284	-0.203167948469167	0.150426580372482	-0.0292089928250773	1.78464256008154	-0.341726784018969	"IS07"	1.78464256008154
"CXCL8"	"CXCL8"	-0.106891631421216	-0.217226070598963	-0.0866465154154711	-0.198667129098773	0.104785085089407	-0.101944766557931	1.66213030958795	-0.300822004930257	"IS07"	1.66213030958795
"IL1B"	"IL1B"	-0.269699834134507	0.166751562785884	0.0223988335867074	0.0171599966246958	0.0166124827979265	-0.0441479825814948	1.56510085409507	-0.366752351944107	"IS07"	1.56510085409507
"MCEMP1"	"MCEMP1"	-0.416646214520535	0.122384195910957	-0.0865241200827172	-0.0148539304908679	0.228481402083067	0.657624455731732	1.55367903267994	-0.386443889440113	"IS07"	1.55367903267994
"ADAMTS4"	"ADAMTS4"	-0.498331732788445	0.0177771422942219	-0.116977480032582	0.538748061795423	0.323962374927995	-0.0836235594803573	1.22374794400777	-0.194596978816133	"IS07"	1.22374794400777
"CSF3"	"CSF3"	-0.266186756518735	-0.104490890916019	-0.107782674697982	0.610248228121628	-0.204367226995796	0.337051358209429	1.21294869380575	-0.280761398597112	"IS07"	1.21294869380575
"CCL3L3"	"CCL3L3"	-0.307395853045845	0.517538689418161	-0.149589196533723	-0.120855385663656	0.0445851963200123	-0.136993347716837	1.18344520650113	-0.254421738686204	"IS07"	1.18344520650113
"ADGRE3"	"ADGRE3"	-0.670803571406744	0.651113009796818	0.030005564647639	0.367644327741537	0.153055055058236	0.561398940134473	1.17959808251513	-0.337751947039713	"IS07"	1.17959808251513
"CXCL2"	"CXCL2"	-0.285657776886073	0.00345408328473658	-0.0402721172761752	0.625900668121811	-0.249994873438255	0.446881884794492	1.1624429718882	-0.331008787427201	"IS07"	1.1624429718882
"FPR1"	"FPR1"	-0.628609072210319	0.631461152079151	-0.107291227522903	0.224112144895315	0.42967442696154	0.197984917691189	1.1620482415292	-0.377871755236543	"IS07"	1.1620482415292
"OLR1"	"OLR1"	-0.522169464257865	0.409559173692121	-0.141145015120338	-0.301905864167946	0.647736784754059	0.456238817879858	1.05574641052402	-0.261350134313124	"IS07"	1.05574641052402
"CMTM2"	"CMTM2"	-0.420756791864025	0.127633072535837	-0.0576006947901232	0.418871357831793	-0.13200705258026	0.348750787234554	1.04347378519893	-0.0443859044946375	"IS07"	1.04347378519893
"FCN1"	"FCN1"	-0.672963899875281	0.853260607579487	-0.0845062209715471	0.573898332534691	0.0718471477947874	0.362124893963136	1.03615232775677	-0.402834572233732	"IS07"	1.03615232775677
"SLC11A1"	"SLC11A1"	-0.331227892064594	0.175899861169354	-0.148373048557733	-0.226421051300608	0.272730638160529	0.4088108298287	1.00584404470428	-0.141246157177083	"IS07"	1.00584404470428
"SIRPB1"	"SIRPB1"	-0.54444958015655	0.713690041782133	-0.0264315066258	0.05660286617784	0.219379424340977	0.396614203052955	0.990275839375823	-0.32562721605645	"IS07"	0.990275839375823
"CCL4L2"	"CCL4L2"	-0.299556002947047	0.685781366257996	-0.142300367826511	-0.137385553115602	0.155896223462757	-0.155473431137369	0.958102525355744	-0.374586456322869	"IS07"	0.958102525355744
"CCL4"	"CCL4"	-0.409944737618056	0.851441749754345	-0.214978720380991	0.161343207989029	0.0987710748070705	0.0286557497877489	0.939612624104255	-0.472493414180799	"IS07"	0.939612624104255
"SRGN"	"SRGN"	-0.591826165793946	0.737213917346435	-0.0746376809722158	0.397142021083736	0.296984216556359	0.164599261769453	0.8774252454786	-0.401647455945057	"IS07"	0.8774252454786
"FFAR3"	"FFAR3"	-0.424251796997753	0.336697965211611	0.0362292819466035	0.611965505892298	0.0221032034672882	-0.0330942423931028	0.865390444915974	-0.279743442706008	"IS07"	0.865390444915974
"MRC1"	"MRC1"	-0.668957691399507	0.642232291464228	-0.142844252175568	0.655144633621896	0.321675075914916	0.352409816560687	0.828947399534412	-0.384216038740006	"IS07"	0.828947399534412
"RND1"	"RND1"	-0.236917827505527	0.00243738799110177	0.139332442472276	0.0429928162769795	-0.14518479363068	0.338435204353049	0.778772117564001	0.0341861937897632	"IS07"	0.778772117564001
"IL13"	"IL13"	-0.402677343537667	0.511808121008589	-0.0264842478171776	0.455035227088019	-0.169168342464213	0.179742542652078	0.687106776747014	-0.167515551913659	"IS07"	0.687106776747014
"PGLYRP1"	"PGLYRP1"	-0.542638786349345	0.241109460602305	0.188757033922161	0.439045180390823	-0.321466987006393	0.314050317257194	0.683382183009477	0.351228645889751	"IS07"	0.683382183009477
"MMP19"	"MMP19"	-0.391958504534994	0.205505769252289	-0.0573970913606872	0.482904011259959	0.14899258793005	0.266565623068662	0.589277201706912	-0.195238264255158	"IS07"	0.589277201706912
"RASGRP4"	"RASGRP4"	-0.584128601075897	0.52353935182022	0.065253894356172	0.434924951093451	0.208380489205783	0.306728652551727	0.544799625503816	-0.124829582156159	"IS07"	0.544799625503816
"CLC"	"CLC"	-0.321231989421499	0.417298346260307	0.137166280822704	0.210587497573345	0.000615698339547209	-0.0280924166531911	0.544150870482435	-0.140378673236402	"IS07"	0.544150870482435
"OR2B11"	"OR2B11"	-0.127225249111659	0.0386191077661017	0.0664821116759191	0.101805662840235	-0.0760098393692673	0.0328135392520941	0.521557857507612	-0.0640255352414413	"IS07"	0.521557857507612
"RP11.96O20.4"	"RP11.96O20.4"	-0.144056573854892	-0.0558734596257454	-0.038577389152543	0.0686066502255814	0.091633811558834	-0.091339697830376	0.399791443321689	0.0510889369273301	"IS07"	0.399791443321689
"OR52K2"	"OR52K2"	-0.190793178468538	0.101685886787427	-0.0675389055033192	0.0681922795211441	0.00318330402704076	0.318112024659264	0.390491649146367	-0.0271203348441204	"IS07"	0.390491649146367
"GPATCH2"	"GPATCH2"	-0.455093448736222	-0.0362422371656944	-0.102918868408626	-0.293404509112314	0.203026498555277	-0.0682510803579726	0.205866519744214	0.871708150420211	"IS08"	0.871708150420211
"FAM234B"	"FAM234B"	-0.414983938350835	-0.126263860041858	-0.247053637978703	-0.0218719911431695	0.20896291616345	-0.0289071377453527	-0.095991840552495	0.853207553733772	"IS08"	0.853207553733772
"TPH1"	"TPH1"	-0.595349125500007	0.328871358356552	0.307759729408449	0.199476651877756	-0.169846657008655	0.279172171728612	-0.127325818346084	0.770164981596087	"IS08"	0.770164981596087
"C1orf111"	"C1orf111"	-0.367372995938432	0.00372083886942146	0.0147375344239358	-0.0933981134751081	-0.0293438549243199	-0.0656956943008935	0.132054857005693	0.735073955653085	"IS08"	0.735073955653085
"MS4A10"	"MS4A10"	-0.504107173936612	0.130573633599656	0.700524002600505	0.0446687167190987	-0.117287821247809	0.102325651183977	-0.00028404570004498	0.701702153717257	"IS08"	0.701702153717257
"NAV3"	"NAV3"	-0.647330240792048	0.0871601691661305	-0.0478734770126534	0.286372784498206	0.210663530994256	0.0894535328453417	0.237200806011169	0.678132445862286	"IS08"	0.678132445862286
"PNLIPRP1"	"PNLIPRP1"	-0.375445376745089	0.166032812413899	0.447793037628036	-0.0895386139264328	-0.244542843106234	0.13419976197651	0.0025071367276234	0.676856368849852	"IS08"	0.676856368849852
"NEURL1"	"NEURL1"	-0.275909062169668	-0.0267033457112995	0.184130984949299	0.177190459931194	-0.113376051152201	-0.214371412334936	-0.13807366362609	0.60455453542655	"IS08"	0.60455453542655
"FRS2"	"FRS2"	-0.599314600165114	-0.0429602082647008	-0.111287014758066	0.199808510470344	0.515460366200464	-0.076767752848628	0.15991129012423	0.601879972904705	"IS08"	0.601879972904705
"ZDHHC11B"	"ZDHHC11B"	-0.25505319468361	-0.0899732254747485	0.0228101433211789	0.186917612137876	-0.212965315819967	0.241434524003853	-0.14831803830933	0.597738864721453	"IS08"	0.597738864721453
"C1QTNF3.AMACR"	"C1QTNF3.AMACR"	-0.512108479922149	0.00336060510847081	-0.0253366755018872	0.0591191782500176	0.434203897463585	0.0244541902444091	-0.0401198857912316	0.595894369526344	"IS08"	0.595894369526344
"KAT6A"	"KAT6A"	-0.426266818522758	-0.0330354104010918	-0.0314980050750946	0.0925141047692025	0.216584005307623	-0.0183873668281953	0.10977028717087	0.5627649358238	"IS08"	0.5627649358238
"AGL"	"AGL"	-0.497109804506277	-0.0240295104952685	-0.0985372606534248	0.356522938736828	0.290574878925482	-0.033050516087449	-0.0560080538903773	0.558222291657329	"IS08"	0.558222291657329
"EXOC2"	"EXOC2"	-0.536539665450046	0.160864760295097	-0.160746239500212	0.0449060645257419	0.3736676946207	-0.0518689893406297	0.136600125690544	0.55335108482997	"IS08"	0.55335108482997
"P2RY4"	"P2RY4"	-0.441215411798676	0.164525399881679	0.282475164807686	0.114955841451155	0.0912938042874337	-0.0627717727842133	-0.0630129563586322	0.531656478814308	"IS08"	0.531656478814308
"TTC36"	"TTC36"	-0.184177349570452	-0.0565684819041108	0.411262451401343	0.0212075121004362	-0.119694458386407	-0.0850340336768296	-0.274794866716752	0.52306819618639	"IS08"	0.52306819618639
"SEZ6L"	"SEZ6L"	-0.20189878150763	-0.0637514907020601	0.00618069170626872	0.0119475951270261	-0.0610413920257623	-0.0684741199121077	-0.0538298738055321	0.521386967285769	"IS08"	0.521386967285769
"CCDC117"	"CCDC117"	-0.343457807784831	-0.00640352766281652	-0.0523634285615473	0.00749191161614147	0.25277214882481	-0.133720664447582	-0.0244214262266484	0.51355655740135	"IS08"	0.51355655740135
"SLC1A2"	"SLC1A2"	-0.305357844214474	0.132316082992205	0.341437067502589	-0.0551620750374609	-0.11950699242748	0.142831558107227	-0.0727924245033311	0.506930118179949	"IS08"	0.506930118179949
"ZNF703"	"ZNF703"	-0.167619530340613	-0.144274191289717	-0.0583532924258406	-0.069138810724883	0.11667615283295	-0.0899660476370398	-0.171776610951723	0.506678382284349	"IS08"	0.506678382284349
"ATRNL1"	"ATRNL1"	-0.345639072939348	-0.053761474575351	-0.0170095643262164	0.423862451904916	0.028753263621944	-0.0105095453886216	-0.191025691687207	0.498142364295059	"IS08"	0.498142364295059
"SLC18A1"	"SLC18A1"	-0.514113390314804	0.468411181915177	0.364234255815586	-0.0205249166049952	-0.0408837257733494	0.0950276866944132	0.0756428967259749	0.489187303246537	"IS08"	0.489187303246537
"GRPR"	"GRPR"	-0.39168542051951	-0.134596523724295	-0.0529784743701465	0.212338980557215	0.380705947821345	-0.062955961474377	-0.0964609155051274	0.481532756844868	"IS08"	0.481532756844868
"MON1B"	"MON1B"	-0.527996507885083	0.122499507403224	0.220925906887177	0.0543277216432028	0.244152774810296	-0.0208882305176639	0.313138658010544	0.472782886951264	"IS08"	0.472782886951264
"RDH8"	"RDH8"	-0.33762561358419	0.0946414502625169	0.0305668235456056	-0.0254425547170161	0.016831610866754	0.00429516252607889	0.204759409392849	0.464509784588306	"IS08"	0.464509784588306
"CUZD1"	"CUZD1"	-0.212894838347883	0.312070205950672	0.319597444207481	-0.136173704446379	-0.214273505594653	-0.10892117022454	-0.19493013057317	0.458739479558785	"IS08"	0.458739479558785
"BEST2"	"BEST2"	-0.28805239020744	0.174787671752949	0.114900769565726	0.176101494981666	-0.253995116379376	-0.0596502956917522	0.076703670588154	0.453681900038317	"IS08"	0.453681900038317
"NAF1"	"NAF1"	-0.364506245007407	-0.112347479220541	-0.182143017671182	0.0932152222211896	0.162423244642131	0.222440300282137	0.256397667556909	0.45001044231639	"IS08"	0.45001044231639
"ETNK1"	"ETNK1"	-0.288874225335443	0.0155674028085876	0.174917517174866	-0.113998271414839	0.0897769606824174	0.0402311984641879	0.0760284274208419	0.442709581566081	"IS08"	0.442709581566081
"CBLN2"	"CBLN2"	-0.385889395750238	0.210953334739252	0.152803193699297	0.0258684491506619	0.150918990013697	-0.0772461444307853	-0.0377265309762159	0.42620802976619	"IS08"	0.42620802976619
"OTOGL"	"OTOGL"	-0.206350735726988	-0.0657848140525991	-0.062486291724988	0.114368686437813	-0.0534874068055915	-0.0579905888399555	0.066390983445019	0.417938101013209	"IS08"	0.417938101013209
"SLC7A2"	"SLC7A2"	-0.323825539944685	-0.0619831732390245	0.0400369090720403	0.104061493455355	0.0907072236519674	0.16290533925352	0.125821126068103	0.403650103775032	"IS08"	0.403650103775032
"CYP51A1"	"CYP51A1"	-0.205090091756518	-0.306969369703591	0.105209114964833	-0.184777828495385	0.238574968256085	0.0747067359277374	0.238419326805163	0.396711707489211	"IS08"	0.396711707489211
"TOB1"	"TOB1"	-0.240681161475423	-0.0990691330657877	0.052778238281495	0.0136553293956318	0.0157433808939447	0.179562075225498	0.134473027978266	0.382428790607369	"IS08"	0.382428790607369
"GPR139"	"GPR139"	-0.126216133097598	-0.0223255272967571	-0.0663748518691245	-0.0306017596222167	-0.0437853213428035	-0.0349556189095521	-0.0829157481899405	0.380773489637832	"IS08"	0.380773489637832
"NLRP5"	"NLRP5"	-0.186254178843839	0.0138083474052301	0.185052947593912	-0.00600146981352412	-0.0840543389844429	0.128558563777621	-0.0808184778368394	0.364021015637135	"IS08"	0.364021015637135
"MLN"	"MLN"	-0.216158384637372	0.196180962969581	0.351246909692046	-0.0751768305114785	-0.143058709042647	-0.0110192460388081	-0.0612954228859895	0.358247341301343	"IS08"	0.358247341301343
"ANKRD30A"	"ANKRD30A"	-0.240765656409817	0.0655105472566884	-0.0481933210311911	0.0169855062332934	0.134756907302131	0.142759619851272	-0.162023722521221	0.329017822844864	"IS08"	0.329017822844864
"SSFA2"	"SSFA2"	-0.283434370857491	-0.154695008619552	0.120597433599409	0.0925022934080469	0.204141257977885	0.0734121439044736	0.124035175305618	0.322182860715184	"IS08"	0.322182860715184
"GABRA1"	"GABRA1"	-0.244619859314584	-0.0214602731678678	0.163321358316551	0.0954802800436942	0.0937275666137567	0.116666935605901	0.00418177215473345	0.261724518580594	"IS08"	0.261724518580594
"POTEJ"	"POTEJ"	-0.102307806822891	-0.0722240861579873	-0.0513827843155107	-0.0861157752561994	0.0620473465449117	-0.00182046770008008	0.0329726248817643	0.256256066289372	"IS08"	0.256256066289372
"PVALB"	"PVALB"	-0.150707170061182	0.157005968748945	-0.00969120246553395	0.0104667995301701	-0.0587732813752375	0.007637742842688	-0.109808831397938	0.254391157872869	"IS08"	0.254391157872869
"TFAP2B"	"TFAP2B"	-0.142156717639845	0.0172408700091331	0.0324644329278595	0.150072682669616	0.0449629869612052	0.0229211393554971	-0.166181272227779	0.184074178348458	"IS08"	0.184074178348458
