"IS01"	"IS02"	"IS03"	"IS04"
"MMP12__pos"	4.43391459525633	5.05096572188218	9.19643782439568	4.41244029291492
"IL10__pos"	4.05263756259163	4.27216347036457	8.10418996588155	1.48287079086552
"MARCO__pos"	2.22044604925031e-16	0.463864507490845	17.6250432955784	4.72936181909987
"IL8__pos"	1.65405797563787	2.22044604925031e-16	5.05438507111714	14.2632309661771
"ISG15__pos"	6.55223009022924	1.66244602325139	12.318391964079	3.59582010955233
"LILRA3__pos"	0.714047133931592	2.31691263328325	21.0131775952099	0.662853250491176
"PLS1__pos"	6.36200709180601	8.21354708804428	2.1869039438703	7.02162967148844
"CR1__pos"	2.53883788645076	6.64558499393257	7.2551476120003	6.72879035138751
"EMR1__pos"	0.664828992558736	2.94057779512448	13.891349584693	2.95609639617396
"TCF21__pos"	2.69349022936342	0.651527491064338	1.34779619080215	18.2958648230322
"TMTC1__pos"	0.292518459591177	3.56620048968699	3.36569905033001	14.6965252155917
"C15orf48__pos"	2.78297833075875	2.22044604925031e-16	12.0615635070336	10.2665194601351
"PITPNM3__pos"	2.22044604925031e-16	9.86066853360525	1.16194720982719	13.1861581138951
"GDPD2__pos"	2.22044604925031e-16	10.3487202936759	0.391542628071111	10.9437152613294
"SLC8A1__pos"	1.73293559515712	3.53127936572961	11.4222437536187	6.1360109148369
"PCDH17__pos"	1.50089984049162	2.99934323343731	1.33142427050141	14.7489616086908
"CCL8__pos"	0.433658575068692	2.22044604925031e-16	23.9200086127061	0.45527664577056
"CXCL1__pos"	0.639696285590388	0.36687723535892	5.17083605444197	13.4178264061012
"SIGLEC9__pos"	0.293346335658715	4.27427110607595	13.5525921449921	4.31380671099985
"GPR116__pos"	1.02589673645962	1.85470189037153	0.587964621046361	14.4159712283422
"ENTPD2__pos"	2.22044604925031e-16	4.00262770111087	4.93292338404289	13.1174515156425
"HSD3B2__pos"	1.36909056120274	8.80032791450703	1.25799327762149	9.3078120584349
"CSF2__pos"	2.58663443405731	4.10369367285186	12.6635208292075	6.64315070369946
"ADRA1A__pos"	0.206790773907345	9.34373156202109	6.02113606171692	6.60416781559249
"SERPINB4__pos"	2.22044604925031e-16	7.03489022705047	0.8833455624367	13.8130436640645
"CSF3R__pos"	0.126625397124365	0.394552135634704	16.5066053992922	7.59065516689476
"CXCL5__pos"	3.20989155013667	2.0077073768646	3.19939709853875	12.2821528913971
"DOCK5__pos"	2.22044604925031e-16	2.48133121640178	13.0716842608758	9.49753058869991
"DCLK3__pos"	0.973945967012944	5.72789706201075	2.22044604925031e-16	16.9604915781427
"CPD__pos"	1.70388924961236	4.13810881324381	4.68020955789118	9.78766777380834
"KRT8__pos"	1.69632401457797e-10	0.365027155873231	2.22044604925031e-16	15.5769765629457
"FLRT3__pos"	2.59173626880584	3.09142456079494	1.24547214540921	13.3265019500541
"TNFAIP6__pos"	2.70996427420175	2.22044604925031e-16	8.34665922492216	11.5142007614882
"CD93__pos"	2.22044604925031e-16	3.57495052989328	1.52056660125955	14.1889561747531
"MERTK__pos"	2.22044604925031e-16	3.83563696280674	8.44365981057048	10.3924505309239
"RSAD2__pos"	2.87330334031007	1.75317250519384	11.5142470936451	5.36340942365905
"GPIHBP1__pos"	2.83827830337775	5.25914183531325	2.79240011026419	12.4162848965627
"S100B__pos"	3.82642642173327	3.7633825213509	7.52626848944229	5.3173538589952
"WDR63__pos"	2.27556332549209	10.9959451591173	2.85110938284191	2.94382120912886
"C9orf46__pos"	9.0557643813084	3.12652990803194	4.58436996508033	4.42732907026206
"STARD8__pos"	2.22044604925031e-16	1.79389852380603	12.6115568732896	7.27126386790864
"PPBP__pos"	2.22301167981616	1.58203792753858	1.13862720345284	12.989581882553
"PDGFRA__pos"	0.595373417656184	0.394270582348382	2.04276400195988	16.9181568260377
"ELTD1__pos"	2.08215380602893	2.68913802383366	2.2706517622418	13.9566754520346
"MEGF9__pos"	1.90706868630955	6.19613638826485	6.15704265571459	7.04529827947148
"SLC6A4__pos"	0.555441825396265	4.22890007308203	1.79747792546514	11.1881918930264
"GLDN__pos"	0.0803923005504357	2.47957286727712	11.7316282751413	8.37160237996248
"ADM__pos"	3.30350533238932	4.16770070607138	6.82010955112943	5.30486352063628
"CXCL2__pos"	0.803902285140546	2.92850571750327	7.14753811742544	8.04001084836798
"TRIM58__pos"	2.22044604925031e-16	3.70314487695688	3.34256277334339	15.5455844442601
"KRTAP5.8__pos"	0.237577079489953	13.5668906327044	1.10171867559988	6.03746931273578
"CCL20__pos"	3.10357280657562	2.82312869624041	4.57348242231371	12.9630044441251
"HBB__pos"	2.03166655811859	3.90425281708507	1.61360259034105	9.49770565817881
"ALAS2__pos"	1.00569282440934	9.2180923351524	1.77641573933877	8.69744404218983
"HSD17B6__pos"	3.43126863018638	0.399194286397133	2.22044604925031e-16	12.3524932370217
"CD5L__pos"	4.03438478366901	9.20094394307487	8.54538039650043	3.18526807136517
"CDKN1A__pos"	1.23444105962715	3.56296583095998	9.15479017272923	7.69944198827842
"NAMPT__pos"	4.22471023570504	2.436719700845	9.10420034333423	6.7971699926811
"TNFRSF8__pos"	0.475201316387304	5.51994252801411	4.34553116888958	10.6575119726521
"TRIM55__pos"	3.69592925652206	5.18695094093659	2.22044604925031e-16	11.0118031858256
"AIF1L__pos"	2.85514141921367	4.68879378129385	3.65890608910302	13.0348095951754
"APOBEC3A__pos"	0.102421970901956	2.22044604925031e-16	18.4676107982282	4.55757840492547
"TMEM136__pos"	9.79182602709214	3.99172923900609	3.18051005922541	5.120496470296
"DDX58__pos"	2.0084155457364	4.32357207117228	11.4771311194143	4.78864592640704
"SLAMF9__pos"	3.60187275990849	0.953010275331708	3.81257496379841	13.0211057576778
"VSIG4__pos"	2.22044604925031e-16	2.22044604925031e-16	24.5608987312647	2.22044604925031e-16
"CHGA__pos"	1.34046013574804	1.05150961455359	0.0046167190791711	16.210154683571
"IL6__pos"	1.68829130201802	4.77162725873958	2.41277023653704	12.7371738327016
"IL8RA__pos"	0.427927201046133	1.29734359212807	1.90748000802938	18.0264492838002
"SPATA9__pos"	4.58015502603161	6.62641004315348	5.41779540882551	2.71538763095789
"GPR183__pos"	5.39337397138433	7.01176119188019	3.37718687418631	7.74200434732528
"CXCL6__pos"	3.53514575073004	0.37939685841361	1.44660155850529	16.8742863360028
"GK__pos"	3.91574453321664	4.30942341031749	11.8894812154325	2.73349869631325
"CD300A__pos"	1.73466069588488	3.24716792111585	15.5607928605579	2.48819716142729
"CXCL3__pos"	0.487645387369777	2.17251872331726	9.24428407714568	10.7718282543538
"TMEM56__pos"	3.28513283100646	6.42464926390978	2.42973008556878	10.2848250003122
"NAIP__pos"	4.19816737962128	5.95329152668916	9.6027302342301	3.76955851806626
"RORA__pos"	0.665861381096348	5.72801865751179	7.67260408726853	8.17515352534068
"CGN__pos"	0.89041579630217	10.3642492552229	2.30775579403307	10.419609901067
"NTN4__pos"	0.695288223636608	0.278429744776986	2.22044604925031e-16	17.2371268235343
"STOM__pos"	2.22044604925031e-16	1.61950794474436	17.5222375177351	4.64191603467972
"DSG2__pos"	0.99165084808231	5.84209853209361	4.49512199454935	10.7945957365222
"LOC100128993__pos"	0.0339744051754731	10.3385354549772	7.22146590793666	5.18257093822767
"LOC100130520__pos"	1.46996016051642	0.494487276440459	13.8793127262769	7.50188465431359
"LILRA5__pos"	0.311765355601965	2.22044604925031e-16	18.2227243626809	2.98814691269662
"PLB1__pos"	0.985179710840836	3.95595793799956	12.5758139052288	6.02844165911902
"S100A12__pos"	1.94085299652129	0.0841697507843439	9.58169207920932	11.1156672906101
"PLAUR__pos"	2.22044604925031e-16	2.22044604925031e-16	10.924911748949	10.8845833541161
"FCGR3B__pos"	0.168352544402352	2.22044604925031e-16	3.9455421609677	16.3935598510508
"ITLN1__pos"	4.04639670123939	1.93448191635312	11.8205216494829	4.90653042565651
"KCTD14__pos"	0.176228199778641	0.0725141526137983	17.7062532082276	6.1691402457558
"PADI4__pos"	3.30578169461687	5.80651537026224	6.08881895129372	7.61142734059012
"SOCS2__pos"	1.02005719588249	2.0916998483017	0.529384203035594	16.6274258304911
"BMP8B__pos"	2.22044604925031e-16	11.8901616831356	4.71257605285648	7.51820294279525
"PTPRH__pos"	0.266345631580192	3.78659209813141	3.28483561557391	14.4897766197063
"GPRC5A__pos"	0.138981151062909	1.32349624959981	2.22044604925031e-16	19.7004597622269
"CSF3__pos"	1.17669107747328	3.74082020025479	3.90834454190136	15.7453497764029
"SCG5__pos"	1.71427405622468	5.79180260731407	0.637558790944956	14.4506035751953
"SLITRK2__pos"	0.172222449764227	4.15146050497094	8.38126858548462	9.9629886269585
"PTGS2__pos"	0.454663556417667	1.42810388009343	3.86557576930178	15.336090238696
"LOC100288679__pos"	7.18027908280686	6.94389088816887	0.744467309354558	4.63727833352517
"C19orf21__pos"	2.22044604925031e-16	1.77191390054915	2.22044604925031e-16	16.9683565540469
"MYCT1__pos"	0.578514528184162	2.22044604925031e-16	2.22044604925031e-16	20.1342186937096
"NIACR2__pos"	2.22044604925031e-16	0.0376965332790701	12.0098204518075	9.31398726921916
"LYVE1__pos"	1.70434533190411	2.71039933809869	1.26701676477164	15.755644896065
"TCF7L2__pos"	2.22044604925031e-16	4.67194919914081	8.08528787593832	12.5604682117701
"STX12__pos"	3.79664481217075	2.81829808893215	7.96556299674183	7.73463509795804
"INHBA__pos"	2.22044604925031e-16	2.22044604925031e-16	1.0563079687108e-11	20.98008757671
"GPR88__pos"	1.4216456297459e-12	6.19663549504759	7.9956920514691	10.5411983557236
"FCN3__pos"	2.17223913805472	2.22044604925031e-16	3.14647972985948	11.9460985722488
"MAMDC2__pos"	2.17580541691533	4.49937504358167	1.95348698643594e-06	16.8905718678872
"CCL1__pos"	2.66001060255186	3.12569004929898	14.0163830942143	5.24473466818591
"P2RY1__pos"	0.445113121713816	4.14962839269449	6.63307505529168	8.66262764217035
"TRIM15__pos"	0.124729230328926	6.07107276228909	4.16748623502266	10.0157217486903
"FNDC3B__pos"	0.117721886372501	1.92098279680037	6.0999915391745	14.4154765035306
"TLX1__pos"	0.196639203467303	7.15408612156969	2.22044604925031e-16	11.3595702440853
"PTPRR__pos"	5.72151525549113	4.70301236676725	4.87746243821908	7.96461200671092
"FFAR2__pos"	2.22044604925031e-16	2.23776375067422e-16	21.1687539264985	4.73260912346468
"CCL7__pos"	1.55762964770898	0.260387327698218	15.5830274438063	8.00973565243971
"IFI6__pos"	2.60556051414404	2.22044604925031e-16	14.9564244731688	2.12618620571214
"C4BPA__pos"	1.64068384981663	1.10611550674255	3.51800550612263	10.6042187250898
"DEFA4__pos"	3.25442433252626	4.93009902862913	2.51045671802014	9.08463955256322
"SLC4A1__pos"	2.68226738512047e-09	9.40369422791533	1.80964382083752	10.3852168638469
"FAM123A__pos"	2.50428389580702	5.01709121904233	2.31962145722614	8.85568716682118
"ENC1__pos"	2.22044604925031e-16	4.26381406144443	2.64502950622734	14.9425197271455
"LMAN1L__pos"	2.90665665934042	11.410247750027	1.62209747525684	6.67978845254282
"DUOXA2__pos"	0.203259355925788	2.98044220190819	2.22044604925031e-16	16.2783582110807
"PYGL__pos"	2.22044604925031e-16	0.632305421459669	11.9057316975916	8.38426617083317
"NFE2__pos"	0.512928666379559	1.70480264502448	5.0800175165802	13.9160682347925
"NID1__pos"	2.22044604925031e-16	2.04489042430376	0.547630634897928	18.8444198385056
"ITGA2B__pos"	0.294474786731929	10.5935012879263	1.98606315747593	11.7594514030027
"SULT1B1__pos"	1.12944008263183	2.37499505029156	9.49715329252885	10.370216995487
"C3AR1__pos"	2.71517343421445	0.0413342963839153	18.9589501873655	2.50541656305341
"NRP1__pos"	2.22044604925031e-16	2.22044604925031e-16	3.96297558011563	17.1166741014664
"C1QTNF7__pos"	2.44511136623946	2.0285569218517	1.86105665961874	16.1717219464254
"SIGLEC7__pos"	0.842661174074239	2.14484293797181	18.7689858387339	2.61940010552779
"IL8RB__pos"	0.638067678995453	1.44311782156911	3.17137064228435	16.8720549448328
"HERC5__pos"	1.26264087617348	5.06313869881653	10.9433400082699	5.41178075944472
"IL1B__pos"	0.00780634537182955	0.35625903920371	11.7326897237061	11.5734292719329
"C19orf59__pos"	0.771159657633999	2.22044604925031e-16	6.92506853105265	14.3499234527482
"PROX1__pos"	2.8513648788536	9.67876165679653	2.1627406925668	8.85914497784648
"CHRM4__pos"	2.22044604925031e-16	4.83245295224097	0.234152527512324	13.0827630212118
"EDNRA__pos"	1.85151340692954	2.40515745539812	3.32004764646567	13.205620912895
"CLEC4D__pos"	2.22044604925031e-16	2.22044604925031e-16	19.2842266259261	2.65053468446698
"ITGA9__pos"	2.22044604925031e-16	0.156450298001881	6.39042860591817	14.5979901743514
"TDGF1__pos"	4.40149294063812	2.10444447786941	1.54082064282094	13.4782768701605
"VMO1__pos"	0.0879187925987821	2.22044604925031e-16	14.0680360189897	6.88580577977587
"DACH1__pos"	0.339661429823999	2.22044604925031e-16	3.83717594068127e-07	20.0623432863584
"UPB1__pos"	1.10214195015305	8.46373244673895	5.33707061278759	8.84503836640734
"LOC441601__pos"	7.64232751403571	5.55862688030405	0.537980266243374	7.99251384020131
"EPHA7__pos"	2.38513320498175	1.37731596392157	0.163201522065378	16.8668699676918
"CASP1__pos"	2.14241325748681	2.46460482994756	12.8373547066188	2.59827094340805
"LOC100288575__pos"	17.2602859990337	2.22044604925031e-16	3.31471831939947	1.39289865241506
"OPRM1__pos"	0.10077348433031	9.8590912517122	3.07888840455219	7.14394715274559
"LOC93432__pos"	0.600000889820617	4.85145264483654	5.8526266713128	9.56925044568577
"TREML2P__pos"	11.533146190493	2.65298101029001e-05	3.44312087062148	4.9139034232279
"LOC100287739__pos"	2.22044604925031e-16	10.1741979375602	6.16279428833625	5.00511541554762
"IL28B__pos"	9.91978663908852	2.24346612481617	2.56139081675855	6.11550491158031
"PABPC1L2B__pos"	2.22044604925031e-16	5.84088754360506	2.22044604925031e-16	10.5728920972554
"LOC388931__pos"	2.22044604925031e-16	8.08962705658183	2.22044604925031e-16	9.58017972017844
"C2orf80__pos"	2.22044604925031e-16	14.0065286945385	3.60754586979918	4.01910683554161
"ANKRD33__pos"	2.22044604925031e-16	14.5273371660566	2.14588175758854	5.98894401445716
"ZP1__pos"	1.97906800906356	5.67744421466634	0.154686531707852	10.4919986703524
"FAM157B__pos"	2.22044604925031e-16	9.29404486455315	4.79047503182323	6.31325819569678
"HAS2__pos"	2.22044604925031e-16	0.991337255189129	9.28014906076629	15.1839675479298
"HIGD1A__pos"	10.7415926542813	3.50568011415712	3.38041236117753	3.14428071806466
"LOC100288388__pos"	2.75621110821136	3.06365010974719	2.48535044648436	12.2916582112708
"AQP9__pos"	2.22044604925031e-16	2.22044604925031e-16	20.1382429740671	4.0513069509502
"TM4SF18__pos"	2.42443916264684	1.03777355699977	3.72208993092431	13.0802387743624
"CEBPD__pos"	0.620831259202925	2.22044604925031e-16	9.79525734832706	12.290748336978
"FAM13A__pos"	11.3553217259005	6.33274521492451	2.08612795636283	0.12865922114923
"RALB__pos"	7.92849765730404	6.57009392749019	3.23805634745544	2.37650369875536
"CD244__pos"	2.70047458827453	5.58002884143986	10.4881304450288	3.25258398452816
"RPS27L__pos"	10.8660876598567	1.61948656686415	5.74617708729891	4.3416699534683
"LOC100132146__pos"	2.22044604925031e-16	12.3274510896966	3.19875704045982	6.30425804508091
"CYP19A1__pos"	0.838075332409445	2.22044604925031e-16	6.47058114099179	14.2863177648272
"PECR__pos"	7.49528171036796	5.19124035317656	3.5534427076056	4.49171223476276
"TRIM40__pos"	2.22044604925031e-16	2.22044604925031e-16	0.395522482993498	15.4008398499718
"DOCK4__pos"	2.22044604925031e-16	2.58425147898459	12.4024217934714	9.04007131460255
"LIN7A__pos"	4.66592426150007	4.31577333883541	4.4208548456998	7.91397559585777
"REG1B__pos"	0.544798476479871	3.05614295069842	2.22044604925031e-16	11.9538678367064
"GPR27__pos"	2.22044604925031e-16	2.22044604925031e-16	6.80823103359098	11.737571332699
"SLC35D3__pos"	1.3692873994825	6.36849754181049	3.54647753735365	6.57867044094755
"RNASE3__pos"	0.90273424344984	0.861910720123294	9.64387254820038	10.6375552424612
"IFNG__pos"	1.043524673414	0.974787548854616	22.5155458597033	0.468897584752177
"PLSCR1__pos"	5.73867467616694	5.31348814198522	3.27676972231375	3.11228510711524
"ZNF503__pos"	2.22044604925031e-16	0.872041180962876	3.45275432340749	18.0349304325979
"DCUN1D3__pos"	4.14954959550779	5.97772978365281	6.55462879938623	5.7773852418959
"CNIH4__pos"	4.61112830845048	10.8980773370868	1.6875790117229	1.97513768155861
"MSRB3__pos"	1.33682400954152	2.22044604925031e-16	0.04309250112139	21.3303863711513
"TMBIM1__pos"	7.49673140276969	7.0673053503662	1.53219158404971	2.37420585448566
"SLC26A8__pos"	1.11616285481247	7.80303227954819	6.22939758705547	9.1172867246011
"MPO__pos"	0.348416157382456	1.84515430092107	13.6366756181453	8.11230728548152
"LEMD1__pos"	0.290597809532733	6.17179000498798	9.50606207874997	5.52568652449709
"C1orf88__pos"	5.74346039327071	7.00590875057088	3.50586697920403	6.76992257679717
"SEP15__pos"	4.1747431179646	5.20121993060804	5.28463690487995	4.67952134219551
"PF4V1__pos"	2.22044604925031e-16	12.9574122282654	2.40291132064772	5.31844008741595
"C1orf138__pos"	1.94793049846534	9.63014151432746	7.904842343041	3.40158068578171
"LIMK2__pos"	0.302974492547875	9.56222455170683	6.87494560964081	4.91630878830062
"RNF149__pos"	5.59734637987048	5.55420146473685	5.41272467644329	5.54464532947396
"LOC100287221__pos"	2.22044604925031e-16	1.00110637270932	0.684743986688024	18.2645581441525
"SOCS3__pos"	3.69715052601366	6.79634035210149	8.07001214732989	3.6644331392387
"CPNE8__pos"	1.2535709186106	0.168448205739589	9.08138313211319	8.81805561174281
"RNASE2__pos"	2.22044604925031e-16	2.22044604925031e-16	13.5593907353409	5.96328861881515
"SLC2A14__pos"	0.681282206707356	4.71091913265074	5.1006082203023	9.80984866112122
"PHC2__pos"	0.722286013862956	11.031313709327	5.53450440925999	3.86441896757407
"VAMP5__pos"	4.76193515254289	0.659623195608994	14.9680664010702	2.66865130869926
"ARMCX1__pos"	2.79192348336738	2.59717426945231	8.05800523361203	8.53252088250433
"BEST1__pos"	0.124691764117861	2.22721676678635	10.3839835151801	9.44417245765097
"C1orf52__pos"	5.59101962292417	8.20255655500654	4.50212092521659	2.32912251364018
"C2orf62__pos"	5.16730016068392	5.59897695716036	7.03918178942562e-10	7.07612578878661
"LOC100129417__pos"	2.22044604925031e-16	13.1744203850135	1.30928528038657	7.7146854210654
"LOC100130938__pos"	3.80348969098034	2.35800596848062	3.76092258879485	11.9854635531595
"TMEM140__pos"	0.58956268203945	4.89453009627011	12.4135881816072	3.1704543592712
"LOC441864__pos"	2.22044604925031e-16	14.5372444635613	2.10675437660947	4.25947941311753
"IFNAR1__pos"	2.97342247289429	4.36462469182377	9.22895625472459	4.19006782565327
"ADRB3__pos"	2.22044604925031e-16	5.16863474842383	10.9580139228004	7.04438399954159
"GDPD1__pos"	4.54876841770065	8.06976231791372	4.93854515447522	4.21626900468179
"C10orf27__pos"	1.00750488747463e-09	3.66399099060249	1.90788378027995	11.2659184822482
"LOC643332__pos"	0.0521119731311092	0.46271927265465	8.62355423938014	12.1783582141008
"CCDC103__pos"	3.54582350397736	5.48577971422683	3.09332391379977	8.06941237578137
"CLDN12__pos"	4.34628719489502	3.73385323455842	1.7889323654345	12.1012906053891
"DYNLT1__pos"	6.62176041740292	8.56795646007096	3.66422288441257	2.8349946333222
"SNAI2__pos"	2.56347609858149	0.292520445954046	2.22044604925031e-16	18.4531734698272
"CCL23__pos"	1.74009855476393	2.22044604925031e-16	13.3088953289513	7.76259565741844
"PLS3__pos"	0.989721885935651	0.274086225182887	4.48269171361234	18.5274480295191
"MPP4__pos"	5.66035588643129	6.92937177875366	3.99259463127258e-12	7.65261495073533
"SLC31A1__pos"	1.23455826999873	9.59751155621794	2.72257806813245	0.91969920267857
"HMGA2__pos"	1.62429306963593	4.53322795887281	1.51150912771701	11.8343169115346
"RND3__pos"	2.22044604925031e-16	6.11340419446079	2.55089881574373	3.41434222002415
"GYPA__pos"	0.759895089082368	2.90817487251507	0.808825484437139	11.1005336894949
"PPEF1__pos"	3.79915990898926	4.39696544020167	1.14469190111324	11.7840172496238
"PGLYRP1__pos"	2.22044604925031e-16	15.5757710347943	0.243557797563832	6.54567542513272
"KCNK13__pos"	2.22044604925031e-16	2.22044604925031e-16	16.0013690046269	8.3285145047695
"NME5__pos"	5.09458019534803	5.22524776596048	0.629375609450294	10.8752643183146
"CLEC4A__pos"	4.73152109558883	1.11897728173119	13.1168130293556	3.74562607161653
"DKK3__pos"	2.22044604925031e-16	2.22044604925031e-16	2.2615073790146	20.9398431969978
"EMR3__pos"	0.538587512091593	10.9857287616057	2.27907811506223	8.54582292560227
"ACSL1__pos"	0.223805509112194	4.17912011906763	8.76225385968834	5.05854240466918
"TMEM37__pos"	0.873018040337368	0.906397721038357	13.2747018077459	6.74836115433068
"LOC729127__pos"	0.175575668491297	2.11090095000083	10.3640027026845	5.72272651785763
"ZDHHC19__pos"	1.61681728476962	5.53802021230673	6.35432671514208	9.52219295419689
"IFIT1L__pos"	2.22044604925031e-16	13.0283817439337	1.80650649330123	6.80827245646863
"TREML3__pos"	0.268772477126616	6.72157043939484	7.49053794807952	7.81943957592498
"LILRA6__pos"	2.22044604925031e-16	3.46046362468135	18.2891706253343	2.02615738656358
"VEPH1__pos"	0.370340388080363	3.71329534070294	2.22044604925031e-16	14.3375421020383
"VSTM1__pos"	1.33478640280852	1.1073885869533	7.96794810738141	11.1505528762586
"LOC399715__pos"	0.169414954426332	7.12493526959322	3.85869923002238	8.94329088062771
"TSPAN15__pos"	2.21543224118616	6.47327779289769	0.59188220842338	10.3761933022711
"IL1RL1__pos"	0.0106271362592957	2.22044604925031e-16	8.43858046267439	13.0188039886348
"GALNT8__pos"	1.25776834195635e-11	10.2802494186451	3.42164181226877	7.73434540091723
"C19orf35__pos"	2.22044604925031e-16	0.8805755582527	13.4964908202886	7.22493012071892
"DEFA3__pos"	2.50098474880455	1.45004231804041	0.22823402031941	11.5904623601413
"MSR1__pos"	1.91231883459898	2.22044604925031e-16	13.7679438221925	9.03443679080046
"LOC388210__pos"	2.22044604925031e-16	8.93737793566975	3.03872168835491	7.549166890061
"CD300LF__pos"	0.967957157729084	1.78176625015881	17.1236827815992	4.7888624256848
"UNC13C__pos"	5.71360519776395	2.27103629168949	1.39534422176719	10.3057256781321
"NBEAL1__pos"	3.90272146737145	7.62559642514574	3.45520826339816	6.95279624874153
"LOC100289646__pos"	1.4810116357621	1.80265198699073	9.51266105589031	10.0323018122619
"SPIC__pos"	4.67392357476844	4.13203091400926	3.52274280576098	6.36822121486447
"LOC100289645__pos"	2.10147728928838	5.79402618763867	6.29771223918315	7.88986031037166
"SLC22A4__pos"	0.801338347628507	2.25368228796174	7.3643379452247	11.4805681293029
"GPR35__pos"	0.51022777579474	6.76101713242114	5.83462672123609	7.88675659843856
"G0S2__pos"	0.0582295647785087	2.22044604925031e-16	2.49405704008085	15.5005869156809
"PNPLA1__pos"	0.718986312889241	6.60428402886288	7.37725455002677	8.37736722087185
"LPHN2__pos"	2.22044604925031e-16	1.31978034238155	1.90113689696531	20.2826321604736
"STMN2__pos"	1.87232415322197	2.22044604925031e-16	2.22044604925031e-16	15.5871847900176
"CATSPER1__pos"	1.54113092260849	2.22044604925031e-16	11.7819188783535	12.1857748155681
"B3GNT8__pos"	1.0275264804951	1.5549821490555	10.7597764023845	9.27109218411312
"LOC100288897__pos"	1.55156224603112	8.92027371300556	2.22044604925031e-16	5.33540930849693
"FAM26F__pos"	2.00293560587742	1.65227546317386	20.3240349316525	6.98836018818813e-10
"KCNE3__pos"	2.99635594491679	2.49775128030064	9.39229371650683	6.53002600610092
"KCNJ15__pos"	2.22044604925031e-16	2.22044604925031e-16	8.58398860373146	11.556233899383
"KCNJ2__pos"	2.22044604925031e-16	0.842390676990469	19.4646286563889	3.0270171438882
"LOC100130454__pos"	2.22044604925031e-16	3.91357627009033	2.66468513011876	15.1315051441936
"HLA.G__pos"	1.90442244935274	3.98306908670423	7.35899186024458	9.06029229624776
"LOC400499__pos"	2.22044604925031e-16	9.98565269271096	1.81929269639703	8.4737188080312
"FPR2__pos"	2.22044604925031e-16	2.22044604925031e-16	23.1576495729606	0.904064269951265
"SLC25A37__pos"	2.76461690919374	9.62042885559124	2.3293860896499	7.17812972805832
"OTP__pos"	3.75887781629093	9.27745673630334	0.543098870300769	7.46606283846839
"OSM__pos"	0.261226187166354	2.22044604925031e-16	4.41861063114507	15.203413226176
"CAMK1G__pos"	2.22044604925031e-16	0.0645764922209773	4.92948723872033	14.7487427894891
"ELANE__pos"	2.22044604925031e-16	1.52896874531636	2.7358210153073	15.4286836717165
"USP18__pos"	1.95748026637867	4.99243064697069	11.4624552240398	4.39457343811175
"LOC100129836__pos"	0.251525216008753	7.08434437500821	3.65805170637646	6.16179985826674
"NRXN3__pos"	0.578806253336577	3.63444262971917	3.45781002595741	12.8070847792115
"TMEM26__pos"	0.292474647854576	2.56996417043366	4.41323838662248	12.3865595616898
"LOC643802__pos"	3.34457115727538	2.18362756174481	3.14361853829077	12.3081561148988
"SAT1__pos"	2.66293085016953	3.21884494520073	11.6538771015938	4.53411735692039
"LOC647055__pos"	0.152149851239053	1.72561976609258	2.22044604925031e-16	15.3901510061707
"CYP7B1__pos"	2.50192600865087	1.29774765275314	3.10119841243	15.0680080564528
"TNFSF4__pos"	5.49814951572315	5.9326269027833	7.64045534375348	4.24619697327934
"FAM124A__pos"	2.22044604925031e-16	1.96393387739245	11.3657607960209	10.6544941032917
"DNAI2__pos"	2.22044604925031e-16	4.07834106867916	1.38256167738556	15.9791515440826
"IL1R1__pos"	2.22044604925031e-16	0.672301308065379	6.21552273931409	16.5332374316911
"IDH1__pos"	5.67626871752893	3.46662396701716	10.0442395629377	4.41511592340924
"CD14__pos"	2.22044604925031e-16	2.22044604925031e-16	20.0087049411739	1.12598424011925
"C19orf41__pos"	0.134488825891567	6.30776704624836	0.382291011951239	11.8484433996773
"NEURL3__pos"	2.22044604925031e-16	2.09758443867159	8.72164246867544	8.0587196229688
"LOC100288077__pos"	0.881880087428049	4.10439574013851	1.39486267695395	12.7062798313291
"FAM153B__pos"	3.04404051140656	7.59728654345885	0.773730113564483	8.1899242180153
"LOC100133669__pos"	1.75531486538345	5.87556881303244	4.92731115158147	8.01231360781229
"GNG12__pos"	2.09927258656856	0.426047062341612	2.1744055957796	18.7407810284278
"C6orf25__pos"	2.22044604925031e-16	10.8655265585056	0.945757450371406	8.83017903137049
"GATA1__pos"	2.22044604925031e-16	10.1456442885817	2.22044604925031e-16	9.02230415555727
"SGIP1__pos"	0.0544337846647299	1.54811758083681	0.929281381352065	17.9580638337108
"GRIN2A__pos"	2.2405448647582	6.53728044718546	0.37650372731231	9.78985900310057
"CCL2__pos"	2.81716323887871	3.10534103879825	10.6165708754729	7.65510576363405
"EFCAB6__pos"	0.440164014409697	5.59362619225366	4.18161493094054	10.8280548097972
"LOC100288608__pos"	2.09774939679269	6.08536695851098	2.91031966791731	13.6341147933773
"IL17B__pos"	0.336527765963748	11.2032974072031	0.230208085844979	8.01237592841524
"PF4__pos"	1.83892861332666	1.9804721818884	0.0287371370150264	16.0193631784854
"MS4A7__pos"	1.13830649319487	0.0270230578086195	16.083144508888	3.94879066208276
"LOC100288781__pos"	8.05521948825224	6.33310110767013	1.72903213823511	4.51457726197194
"C4BPB__pos"	4.39332401118314	5.62708074728221	1.7317122801917	7.28172279913067
"SMPDL3A__pos"	1.8022851322011	0.784223949978147	18.2706968033164	1.11755185133742
"C17orf73__pos"	3.92467435434826	3.88810432529447	0.493068198094738	10.7689311361486
"SCG3__pos"	2.22044604925031e-16	0.0813632567877774	16.757734754629	3.87281635556504
"MGAM__pos"	2.22044604925031e-16	0.811205206097948	3.24319759687416	15.1220256103153
"IFIT3__pos"	0.568381745078644	0.967448276108231	18.7087407473493	2.38768200062508
"PROK2__pos"	1.11739212071034	0.056579972803574	2.86123102591925	16.1869744839688
"FFAR3__pos"	1.94069806673517	2.66056648500268	3.3925686194762	12.0038642767767
"FADS6__pos"	2.22044604925031e-16	5.9242314742792	1.46253971179064	13.7347965333906
"OR2L1P__pos"	0.697791952370069	6.29676151117068	4.02869546520699	9.35938882280947
"FCGR3A__pos"	2.22044604925031e-16	2.22044604925031e-16	23.1316204645664	0.773197658721799
"LOC100289009__pos"	2.22044604925031e-16	14.0959540951323	3.79860904668491	3.72041861806401
"SCARB2__pos"	2.22044604925031e-16	2.22044604925031e-16	14.3894795756146	6.51522912401325
"IFIT5__pos"	3.40634787982825	2.13278617604265	12.611801409875	3.49002232029139
"RHOBTB1__pos"	0.0980086375879759	0.139862552426189	2.14376124552791	19.2998795768658
"BCL2A1__pos"	11.3650126359657	1.5077070280081	6.88843727979877	1.38591428126114
"TRIM69__pos"	2.65385313617138	11.4695205261792	8.10313128679788	1.0749895535728
"SH2D1B__pos"	0.35413346530324	2.22044604925031e-16	10.3432450732314	8.09467357700589
"DUSP1__pos"	1.2100645786246	2.22044604925031e-16	5.2996650790455	15.7857146882409
"MEFV__pos"	2.22044604925031e-16	1.18189795257969	20.4824973360696	4.15342715174186
"C8orf56__pos"	0.708327602537251	6.05982339457138	5.50532761111897	8.52311721849915
"C6orf100__pos"	3.74580155907782	3.98153745141221	11.7908989748859	1.59173323912143
"LOC100288856__pos"	2.17781824579425	6.13102438412868	9.35192014941581	3.31058383494689
"LEPROT__pos"	4.25683780114936	0.989248059424484	6.3888563530557	10.5776066887374
"LRTM1__pos"	2.22044604925031e-16	11.6333820445024	0.947357525713389	10.1120868857508
"ELOVL3__pos"	0.00185516500180542	0.00304390226661702	12.9750448898874	7.11680391025481
"NPM2__pos"	1.93253931121799	7.75181078402378	7.04100154903462	5.44451979129648
"GPR97__pos"	2.22044604925031e-16	1.81115811659363	0.199189109636246	17.4197241807315
"TNFSF13B__pos"	3.33252123410165	4.32662854836949	10.5829624901128	4.88495772022246
"LOC400696__pos"	2.22044604925031e-16	0.585758070305105	22.379828523087	0.25382601294133
"EPB42__pos"	2.22044604925031e-16	8.16749741568596	1.78327090427629	10.0801963129389
"MT1L__pos"	0.68462951518751	0.234496497045479	17.0051986222413	4.46353080721045
"MS4A6E__pos"	4.5139338069479	2.95598179378048	8.8971561637541	7.94214451555828
"SLC16A10__pos"	2.84152564901362	2.7429431039918	1.57211468768786	13.0886663360214
"NIACR1__pos"	3.04153603277926e-06	1.06912346372496	14.0147520745617	10.6903496417097
"CYP4F3__pos"	5.63517772188052e-09	3.75775546824844	3.43826827387271	15.1316430381223
"FOLR3__pos"	0.146737734411104	3.02470410430969	7.13045941292004	11.6350877408462
"C21orf109__pos"	4.58757157712292	6.97931473622098	9.9481935076655	1.2529652124025
"HEMGN__pos"	8.70030396679159	2.88081430161608e-10	2.22044604925031e-16	8.95332645228516
"CEACAM3__pos"	1.96661022343412	0.478395894521651	13.927495614998	6.67008988441783
"MS4A3__pos"	0.508717891316328	4.82221094156943	1.82620340210846	12.1166988781174
"CFHR3__pos"	2.22044604925031e-16	8.71280311485868	4.99011420592605	8.49827987194429
"EGFL6__pos"	1.43720772203789	2.22044604925031e-16	5.92314521732618	16.361723515301
"SCARF1__pos"	2.22044604925031e-16	1.34347553559913	13.1851816189147	9.19989672836902
"PLOD2__pos"	1.07297501364834	0.376999856259279	1.03377348175226	17.2539544792395
"MXD1__pos"	2.22044604925031e-16	4.91863484131168	9.20506582024296	8.63270816277648
"CLLU1OS__pos"	5.76882072478181	5.47980250304693	6.18771036753387	3.19521559248626
"EPHA8__pos"	2.22044604925031e-16	5.8554210169494	10.6504463210671	4.11669202647898
"FAM157C__pos"	2.22044604925031e-16	7.32442297893614	9.88783572292911	6.27288975229424
"SLC31A2__pos"	2.22044604925031e-16	0.175580292100464	22.5854056983368	2.39556051217342
"TNFRSF10C__pos"	1.83317044329102	4.6794432131804	1.89387553454185	13.4554199659177
"BXDC5__pos"	6.27745346613331	5.23891610193898	3.46751856495014	5.7002400212818
"IDO1__pos"	2.22044604925031e-16	2.22044604925031e-16	22.0615738815268	0.415098464936554
"TMEM158__pos"	0.258169825633797	2.22044604925031e-16	2.59091273689588	18.3983554822968
"TREM1__pos"	1.46640056401429	2.22044604925031e-16	4.48270789980226	15.1728333606071
"LOC100124692__pos"	0.21469437760009	7.06154534803863	6.94042231837221	7.38732627328657
"RBM47__pos"	0.00569019202088744	5.35761384924758	11.1041630497075	4.60548894694643
"GALNTL2__pos"	1.76026003096868	2.22044604925031e-16	0.0447599223584258	16.9659000356238
"CD300E__pos"	2.22044604925031e-16	2.22044604925031e-16	18.9888544838535	5.44089658020761
"TUBB1__pos"	2.22044604925031e-16	17.5029678949497	2.79329352061533	2.88026865927652
"KCNT1__pos"	2.22044604925031e-16	8.03906711648841	1.27469461765713	7.41132324699073
"JAG1__pos"	1.8132866853062	2.22631561650175	2.25097726965986	15.0649415643091
"CXCR7__pos"	5.61009660236712	4.04926527249044	1.11521819311062	10.0736673411366
"CLEC2B__pos"	4.58495433545448	2.22044604925031e-16	13.0518003674338	3.82430785785793
"BCL2L10__pos"	7.18162180504944	7.40222321111542	5.07989869195805e-12	4.50456794737089
"SLC22A18AS__pos"	1.76103103235326	2.20083049556828	14.9111351976506	3.16443290642568
"OR2W3__pos"	2.22044604925031e-16	8.11243256455167	0.031465541019186	12.6337457307732
"DSE__pos"	2.27403270409572	2.19973792528998	9.18802183454626	8.73142732054498
"GLIPR2__pos"	3.23144117337725	2.17958231686841	15.6664491059218	1.62314272817299
"PPT1__pos"	5.18319870829869	4.10195010786807	8.85331233818802	4.0503501685805
"OLFM4__pos"	3.43391214209568e-06	2.22044604925031e-16	2.22044604925031e-16	15.7076181739561
"TD1__pos"	2.22044604925031e-16	10.7470935205754	2.22044604925031e-16	10.9378854923198
"MT1H__pos"	0.106618057579189	2.22044604925031e-16	20.1649363729629	2.22044604925031e-16
"KLF1__pos"	4.49913836962954	5.31186413657057	10.3922932250024	2.22566454782525
"TRIM10__pos"	5.07344064266543e-12	7.53993270725047	7.01530256872964	8.02598346466879
"LOC100288058__pos"	2.93886373903264	6.39153111410489	7.91133816079199	4.31395875518025
"VNN3__pos"	1.14634021334066	9.03242993828185	2.77718382922802	7.72083789657289
"LILRA1__pos"	2.22044604925031e-16	1.25569829189719	16.1040075486203	1.23232992943361
"MARCH2__pos"	4.26632545463876	3.43999225279604	8.2173051255442	6.18650730475374
"TLR1__pos"	5.69953455089121	6.85693729199834	3.10243697849276	2.15910342556026
"SLC11A1__pos"	2.22044604925031e-16	2.22044604925031e-16	8.6801295186565	12.7544154632623
"FGF12__pos"	1.75898279880143	3.93540064931049	2.22044604925031e-16	11.3689328427998
"EIF4E3__pos"	3.99012174710851	2.64208053945065	8.79796513602137	6.43147511084826
"LOC100286936__pos"	2.22044604925031e-16	7.75302110026351	11.2458476920799	4.78539547287947
"LOC728940__pos"	2.22044604925031e-16	9.3168853406586	4.03342223006515e-06	11.4505393153471
"VTRNA1.2__pos"	2.7990131442764	7.32021880254302	1.80847434870287	9.18705516868708
"SERPINB10__pos"	1.27566190994339	7.14323087865562	3.91569334564017	9.37233104844242
"CCRL2__pos"	0.174491913774867	2.53175776128905	18.3960340805416	1.00088679100233
"ITGA2__pos"	0.18214063909762	5.27794267487884	2.30511091994953	12.633989339731
"MT1M__pos"	2.22044604925031e-16	2.22044604925031e-16	19.3476811207809	1.7340640866233
"RETN__pos"	4.3381904578915	0.450559620925429	6.68122496006775	12.4746470276321
"TSHZ3__pos"	2.22044604925031e-16	2.54333352656471e-09	9.87747947804248	12.8368182834428
"RASL11B__pos"	3.51824037660041	2.22044604925031e-16	0.171542422722092	18.0060754863159
"IL23R__pos"	5.74577101584838	0.316649378900323	6.44919038826372	5.99853400516544
"MT1G__pos"	2.22044604925031e-16	2.22044604925031e-16	19.3782942591503	2.22044604925031e-16
"ANKRD45__pos"	6.01607606317263	6.12661330236957	1.4459940398011	5.59559151776715
"IRG1__pos"	2.22044604925031e-16	2.22044604925031e-16	21.7250107303315	2.22044604925031e-16
"GPC5__pos"	4.50578434048963	5.1012466633777	1.85460165968438	9.89483529857559
"IER3__pos"	0.190939782157575	2.27533046993076	3.12930514477426	15.1236851214261
"SLC17A8__pos"	2.22044604925031e-16	9.81963277041008	2.88781513655254	9.76193346800673
"TLR8__pos"	0.0511569563964364	0.71817734058868	20.7254316088776	0.258448141808981
"MMP12__neg"	6.88446983756135	8.39177326262399	2.22044604925031e-16	6.31469205214572
"IL10__neg"	5.53391578982207	8.36978586872305	2.22044604925031e-16	2.60170122330174
"MARCO__neg"	10.6234463072488	8.34068618985825	2.22044604925031e-16	0.942214533039459
"IL8__neg"	5.09693716282106	13.7152750439154	0.683168747242329	2.22044604925031e-16
"ISG15__neg"	6.04470303115948	11.1074179277188	0.405813731511829	4.25271452840278
"LILRA3__neg"	8.76314267242226	8.61599456161434	0.169973207961184	3.86123661938477
"PLS1__neg"	7.37151280603653	8.10021738567936	5.98451246242649	2.88808277378547
"CR1__neg"	10.5851113941351	7.5038614412719	0.258949144860241	3.85293514051858
"EMR1__neg"	11.3166382388947	7.00475636958494	2.22044604925031e-16	2.22044604925031e-16
"TCF21__neg"	7.08569466383551	10.8370215544188	4.96962439842108	2.22044604925031e-16
"TMTC1__neg"	12.103237390013	7.44432190872341	2.06321716522791	2.22044604925031e-16
"C15orf48__neg"	5.52945252617226	15.6145063729462	2.22044604925031e-16	1.26253115410681
"PITPNM3__neg"	12.6045774211238	5.59624950850727	6.83532325409306	0.394720791460702
"GDPD2__neg"	9.41939867597628	4.92516823048867	6.19252852196911	2.42805244123987
"SLC8A1__neg"	10.5808124726424	9.38429892719672	2.22044604925031e-16	0.942851137415158
"PCDH17__neg"	9.47479623173065	7.64616404192318	3.56265854192726	2.22044604925031e-16
"CCL8__neg"	6.75351840437253	12.7314364047672	2.22044604925031e-16	1.15240868162936
"CXCL1__neg"	12.9099158922084	5.57841163221003	0.190259604184927	2.22044604925031e-16
"SIGLEC9__neg"	12.7285902951027	7.31674867707688	2.22044604925031e-16	0.391044938394781
"GPR116__neg"	11.3072856604098	5.02479388551368	1.60241357990988	2.22044604925031e-16
"ENTPD2__neg"	12.9258900023202	5.35284922281322	2.07360833050493	1.34425207561186
"HSD3B2__neg"	14.1614606109923	0.538661926536254	4.09295458522716	3.02039802066517
"CSF2__neg"	9.43717695475445	10.2341525215585	0.675143849490468	3.61570608859826
"ADRA1A__neg"	10.9655915209417	5.08883345232888	2.77791106932244	3.27246718967042
"SERPINB4__neg"	17.9192394566297	2.22044604925031e-16	4.90741254787229	0.128265931943008
"CSF3R__neg"	13.2459731932803	8.43171794908515	2.22044604925031e-16	0.204943773178531
"CXCL5__neg"	7.28363399306717	11.3422461309245	0.687349513857107	0.465885103817937
"DOCK5__neg"	15.7059337345628	7.33348773082633	2.22044604925031e-16	2.22044604925031e-16
"DCLK3__neg"	9.73303593429776	7.89467649916603	6.98545894450758	2.22044604925031e-16
"CPD__neg"	10.0683877675581	9.03466486683561	0.0148592986185941	0.298653900121697
"KRT8__neg"	5.3651617894134	6.61397522310976	3.4705748485197	0.640153885615003
"FLRT3__neg"	11.4168555847664	5.31623542672706	3.84365731303911	2.22044604925031e-16
"TNFAIP6__neg"	4.68247515404243	15.7000960325933	2.22044604925031e-16	2.22044604925031e-16
"CD93__neg"	13.9221286887768	4.84766089886342	0.425899273529576	2.22044604925031e-16
"MERTK__neg"	13.5724390341245	7.1900681864347	0.738149026578015	2.22044604925031e-16
"RSAD2__neg"	8.64176901187404	10.6618362046161	2.22044604925031e-16	0.0415379187738518
"GPIHBP1__neg"	9.69873008927733	7.56613487860639	4.95261721619212	1.32123090109827
"S100B__neg"	6.57496242973841	8.88562743716528	1.95213463176845	1.92254970792838
"WDR63__neg"	10.5897790430138	5.0882475341407	1.69501998693859	2.00111005026763
"C9orf46__neg"	5.02852966096344	6.00691232041254	6.13279272718468	4.01656038823147
"STARD8__neg"	9.32253797220762	6.886958752744	1.78732695079057	1.90514082695024
"PPBP__neg"	11.5735950189167	2.86476517058071	2.94132355625357	0.828412853302645
"PDGFRA__neg"	8.39986710516664	8.52888850508457	2.66748344056467	2.22044604925031e-16
"ELTD1__neg"	6.78848987827681	11.2188588063	2.52509380508039	2.22044604925031e-16
"MEGF9__neg"	7.53104234595691	9.07715627612728	3.39259313950958	0.783941913556466
"SLC6A4__neg"	14.8537351230483	2.22044604925031e-16	2.95546379327284	0.554397501411554
"GLDN__neg"	10.3610658244353	10.235490005774	2.22044604925031e-16	2.22044604925031e-16
"ADM__neg"	7.7879425526119	8.06430931242136	0.980891321709089	1.72523578191167
"CXCL2__neg"	13.535251563015	4.40592304397825	2.22044604925031e-16	2.22044604925031e-16
"TRIM58__neg"	14.9533133457532	5.08635128642104	2.50322877921546	2.22044604925031e-16
"KRTAP5.8__neg"	15.6672664184247	0.334379567050802	4.95076011430289	1.5650336332274
"CCL20__neg"	8.60535703361088	12.1134026094528	1.80622617068915	2.22044604925031e-16
"HBB__neg"	4.70421951122922	6.85125032568205	3.7201972364132	1.90988840318177
"ALAS2__neg"	10.2631149569119	3.40203265264973	4.81963205911224	3.12414494366038
"HSD17B6__neg"	4.33092637509223	6.2107268131733	3.94808872578092	1.88948771274486
"CD5L__neg"	7.75357684033484	6.84754164806392	2.55761909966594	7.1453396602322
"CDKN1A__neg"	8.1076733825026	9.86927566618413	0.839034322235581	1.31384779427951
"NAMPT__neg"	6.13801769193787	11.989233926177	0.490944394901335	2.11636588348626
"TNFRSF8__neg"	7.68053267176915	7.72519545273931	3.14869281526421	2.20755419295806
"TRIM55__neg"	5.81699354039609	7.04802597771928	7.13043879328788	0.819064268566077
"AIF1L__neg"	9.88162891208118	8.62273480334906	4.83225644873996	0.889061524896379
"APOBEC3A__neg"	7.68377030435484	11.745975350855	2.22044604925031e-16	0.381978666337968
"TMEM136__neg"	5.00734555640208	11.1627615135575	5.09694696378096	0.574405000374843
"DDX58__neg"	8.23218491182215	8.08780264409459	1.44356784568985	3.22509812640758
"SLAMF9__neg"	9.31527317166615	6.48999324057086	4.28950935655573	1.06431084774718
"VSIG4__neg"	7.08240384810778	11.8744180104036	2.22044604925031e-16	1.40482336090953
"CHGA__neg"	7.69760242069449	6.55124366342357	3.14884345588669	1.36961351267088
"IL6__neg"	8.610498981738	9.21818763000752	3.46923689627846	0.248918275942485
"IL8RA__neg"	11.9138006346841	7.22188330384805	2.32221803377232	2.22044604925031e-16
"SPATA9__neg"	4.02373028906465	6.3560328106098	3.62513875631264	5.09053096069657
"GPR183__neg"	7.52090046425448	9.17851956737281	5.43515773542562	1.56586723894535
"CXCL6__neg"	7.3602662704671	9.19466962425384	5.74011548325859	0.022663280979486
"GK__neg"	6.05392140464948	9.46305235385161	0.519206597058307	4.87794831656295
"CD300A__neg"	8.61976747945552	9.97867963891905	2.22044604925031e-16	1.84907130781836
"CXCL3__neg"	11.1991971786928	9.08009262899076	0.616413324862016	0.21657691569552
"TMEM56__neg"	7.826999014288	9.11556057265527	5.84340581249818	4.35375898312506e-11
"NAIP__neg"	5.12933235402839	8.04611677861054	5.26249677096071	4.34064603723762
"RORA__neg"	14.7646300466194	6.30879844505805	0.218565094751176	3.11279453921094e-07
"CGN__neg"	12.0580112616656	5.92152034678611	6.74764322565311	0.296986751735478
"NTN4__neg"	6.91949473826002	8.86537387410604	2.25846445153233	2.22044604925031e-16
"STOM__neg"	7.64879610838923	12.444058583948	2.22044604925031e-16	0.570333618543861
"DSG2__neg"	8.25918389381488	9.66741605802772	3.94915049686841	2.22044604925031e-16
"LOC100128993__neg"	16.803662335752	2.22044604925031e-16	3.47803036689303	2.81175366622105
"LOC100130520__neg"	8.41908298255266	11.8366476724517	2.22044604925031e-16	0.448267563346327
"LILRA5__neg"	5.83208771750771	11.1355038222805	2.22044604925031e-16	1.29149682045849
"PLB1__neg"	9.90260641635304	7.80456496035803	0.658710215855971	3.32512173679523
"S100A12__neg"	6.60406013307034	13.1141980327639	0.166847680074731	0.698723571785555
"PLAUR__neg"	7.86356795371134	10.3257923060039	0.392192185519547	1.13970532811956
"FCGR3B__neg"	7.75808607226559	11.3613521850974	0.198090842337704	2.22044604925031e-16
"ITLN1__neg"	4.92615105955702	11.8928996454955	2.22044604925031e-16	3.56542631594671
"KCTD14__neg"	9.40701877437015	11.5453778357974	2.22044604925031e-16	4.43463625984483e-14
"PADI4__neg"	10.8550773077951	9.67440492741234	0.921703026047589	0.454365879657347
"SOCS2__neg"	7.06658054246826	7.95646031359647	5.66300251600122	2.22044604925031e-16
"BMP8B__neg"	11.0956658631717	5.55949443335873	4.74895501691504	3.25213559596376
"PTPRH__neg"	11.2690162905254	8.39412480310369	1.76757637205353	2.22044604925031e-16
"GPRC5A__neg"	7.36515332543492	8.38235922704559	5.87380980788516	2.22044604925031e-16
"CSF3__neg"	9.40740712095389	9.6893820339471	5.28164010625523	0.0916596719758905
"SCG5__neg"	7.76444558171721	8.61969720748688	6.03793262301073	0.824708165653482
"SLITRK2__neg"	12.5426042031465	6.05501442315711	0.3660072884091	2.57016048056249
"PTGS2__neg"	12.5541268113221	7.70205285902679	2.22044604925031e-16	2.22044604925031e-16
"LOC100288679__neg"	5.81712904533946	5.67093910791099	4.99195853820155	3.69998094581674
"C19orf21__neg"	7.77596544226312	5.54639455308279	5.35929396035093	0.662500180994665
"MYCT1__neg"	7.01883760751071	8.92926477809753	4.96329104014373	2.22044604925031e-16
"NIACR2__neg"	10.0783977680782	9.09046048348285	2.22044604925031e-16	1.47217799563004e-05
"LYVE1__neg"	8.07317704710213	8.99547832601994	4.48970324604604	2.22044604925031e-16
"TCF7L2__neg"	13.7098449449425	8.64761285242139	1.96608617983896	0.0106655452208542
"STX12__neg"	5.36260363788746	7.67484407660441	4.43369994975091	4.04180935648199
"INHBA__neg"	7.76935895728883	9.46895413456813	3.74601697511425	2.22044604925031e-16
"GPR88__neg"	10.4030508719146	8.52814748464487	2.36987953083207	2.59037617298923
"FCN3__neg"	4.97121213694282	8.36914500599195	2.70468121729566	0.64409676144741
"MAMDC2__neg"	9.74468546024327	8.05451544855604	6.5527690912832	2.22044604925031e-16
"CCL1__neg"	9.17783293918811	10.3228210094307	2.22044604925031e-16	3.14913441339548
"P2RY1__neg"	11.6579082480485	7.00020797234554	2.22044604925031e-16	0.221554934452358
"TRIM15__neg"	15.9140022261952	2.06546202088226e-05	1.93983546769037	2.77105976228094
"FNDC3B__neg"	12.081968742894	9.08076241850303	0.216236905498173	2.22044604925031e-16
"TLX1__neg"	13.5690426053526	2.22044604925031e-16	3.754685888686	2.53050241514012
"PTPRR__neg"	6.87418452338135	12.11737494154	3.23877558986232	0.333945245347967
"FFAR2__neg"	11.1451159302648	10.7814832028023	2.22044604925031e-16	0.374305307754018
"CCL7__neg"	7.8553839875373	13.4255539283745	2.22044604925031e-16	1.11978483494282
"IFI6__neg"	5.53651924387711	9.58869463619778	2.22044604925031e-16	1.83801127930907
"C4BPA__neg"	8.32439022025056	3.38206343107599	3.04764718193752	1.9721925654712
"DEFA4__neg"	13.9027243609635	0.0680892677132554	4.42569277949673	2.08651243613207
"SLC4A1__neg"	11.3606133580863	4.39001771165797	5.05030534012869	1.70769893871923
"FAM123A__neg"	12.4606951768111	0.576296804232942	4.13698240915935	2.1773671866479
"ENC1__neg"	10.4483599318762	8.12460997791677	3.22306892033704	2.22044604925031e-16
"LMAN1L__neg"	9.02618990996036	4.9361585676211	7.33802961418052	2.62002360243157
"DUOXA2__neg"	9.37115692811604	4.38010431318587	5.40612535543295	1.08425636547502
"PYGL__neg"	9.742267820499	8.06835910992762	0.210560558839868	0.854623293222339
"NFE2__neg"	17.042269228705	2.59801289508596	1.12991158765337	2.22044604925031e-16
"NID1__neg"	12.5898696886952	6.348232494496	2.65635034063194	2.22044604925031e-16
"ITGA2B__neg"	14.0765411618161	4.79579148536047	7.00147535391689	2.22044604925031e-16
"SULT1B1__neg"	11.1932883207759	8.36967988072223	0.544434402915401	1.70627004858856
"C3AR1__neg"	7.36770533435558	11.2345225200563	2.22044604925031e-16	2.23693048553067
"NRP1__neg"	10.2997944551454	9.00896553083527	0.853827567236074	2.22044604925031e-16
"C1QTNF7__neg"	7.3039298448692	10.4318017039531	4.68046797274838	2.22044604925031e-16
"SIGLEC7__neg"	6.96624411481771	10.2556034094278	2.22044604925031e-16	4.01519898418864
"IL8RB__neg"	11.0754446540999	9.07216523210147	1.33216844227074	2.22044604925031e-16
"HERC5__neg"	11.1886447138472	8.97565987256489	2.22044604925031e-16	0.807906699074063
"IL1B__neg"	10.2701196417811	10.7155913131335	0.522859182049417	0.000404817137290889
"C19orf59__neg"	6.70610057116823	12.8706972772316	0.828423997471889	2.22044604925031e-16
"PROX1__neg"	10.0574713855215	7.85037593147196	6.22151305671668	0.198154614909514
"CHRM4__neg"	6.92456593055875	5.9012330359583	4.03638135638765	1.83514654019089
"EDNRA__neg"	9.79347676574767	9.02445325127946	1.3377571612603	2.22044604925031e-16
"CLEC4D__neg"	6.3477743546922	10.3383066270524	2.22044604925031e-16	1.89424685050793
"ITGA9__neg"	9.5628910384985	7.85751251840135	2.52195157439999	0.25396210869203
"TDGF1__neg"	6.27576092210974	8.1420417660307	5.6884802118902	1.63934785197951
"VMO1__neg"	6.86557498521882	11.4258379782767	2.22044604925031e-16	0.0744913488377036
"DACH1__neg"	6.23586587634756	9.36853152314939	4.96168818457237	2.22044604925031e-16
"UPB1__neg"	9.49532501006161	7.08128290434476	4.42036858780724	2.8002559190913
"LOC441601__neg"	5.12162748050069	7.16199392178692	6.20209280052599	3.92299753862966
"EPHA7__neg"	7.5864633643215	7.51514314060401	5.32194428836197	0.763216370604584
"CASP1__neg"	5.68598152492865	7.98019040689357	2.22044604925031e-16	4.22473100588904
"LOC100288575__neg"	2.22044604925031e-16	14.6311242652098	3.36889084380699	2.84075816407622
"OPRM1__neg"	9.64312354531839	3.30190929030745	3.90540963970396	3.97829630224707
"LOC93432__neg"	3.87068822195009	9.21722934294224	3.09030643298573	4.05295042441146
"TREML2P__neg"	2.22044604925031e-16	13.5920360583257	1.81942511169234	3.24122793288457
"LOC100287739__neg"	13.072462078676	0.769997324596023	3.03308798083399	4.77062474883164
"IL28B__neg"	2.22044604925031e-16	15.0948817417314	1.71909798348152	2.96559936193342
"PABPC1L2B__neg"	5.18018521014929	5.36244067676624	4.79524081050832	1.8471505447606
"LOC388931__neg"	8.31716582538813	3.58773638966937	3.92353989034787	2.78292731316629
"C2orf80__neg"	16.0289566981783	2.22044604925031e-16	2.68143888622257	3.87169492516199
"ANKRD33__neg"	18.5811324505197	2.22044604925031e-16	3.31303278441078	2.07693940360342
"ZP1__neg"	2.30881269494604	9.03678018861973	4.0883395672133	3.2163756375662
"FAM157B__neg"	16.2726517525051	1.08634223329648	3.05559654138187	0.443206938406162
"HAS2__neg"	10.5221226622236	11.7369247382421	1.23619502871423	0.228598375330972
"HIGD1A__neg"	4.62002707131401	8.31233655168608	3.95214977505908	3.59136481951298
"LOC100288388__neg"	0.424590518688045	13.1952715313618	4.1212628589888	2.4070214577227
"AQP9__neg"	7.35280520690768	13.1865283006167	2.22044604925031e-16	2.05008443585987e-10
"TM4SF18__neg"	5.74674224689174	9.23893468360446	4.95935895476815	2.22044604925031e-16
"CEBPD__neg"	8.75071767576401	11.1694049361634	0.270023058726319	0.520403306918712
"FAM13A__neg"	2.22044604925031e-16	5.14123700935819	8.29906525906866	7.30422610719672
"RALB__neg"	3.93887680413987	10.2295190049719	1.12203319202303	4.24039877964707
"CD244__neg"	7.71497337048654	8.41822135840972	2.22044604925031e-16	4.26106415932668
"RPS27L__neg"	1.83813223415591	12.3506847214585	2.6809027858739	4.47297376001781
"LOC100132146__neg"	17.465924015728	2.22044604925031e-16	3.44309888141555	1.94398866046457
"CYP19A1__neg"	6.17024114062659	12.2404823144222	1.35404441217162	0.36354045632084
"PECR__neg"	3.20373427688368	9.31729843175482	4.36481379585513	3.64780087246672
"TRIM40__neg"	7.45271251756685	3.45206731406141	4.16776014165019	1.11862187920808
"DOCK4__neg"	10.848457310151	10.6763026952603	0.212726626816884	0.141557745160065
"LIN7A__neg"	8.07538070058939	10.9796319326578	1.44072502261679	3.44894827601472e-12
"REG1B__neg"	4.92035622428625	5.2803810122925	3.88435262764511	1.92699911435851
"GPR27__neg"	6.74468945476423	7.9977198015846	0.933096493819273	1.58574344712293
"SLC35D3__neg"	3.87883064845046	6.58848471180954	3.87096448685251	3.58373510452478
"RNASE3__neg"	9.6401686682869	5.84972295359756	2.32063969651754	2.96098659050168
"IFNG__neg"	6.62905765746094	10.4612621717358	2.22044604925031e-16	4.14384771220982
"PLSCR1__neg"	3.72527360212393	11.1971594769818	2.22044604925031e-16	1.64783123139129
"ZNF503__neg"	12.168762582286	7.53950712040408	2.1665695573838	2.22044604925031e-16
"DCUN1D3__neg"	6.01426090937188	12.2490762332614	1.68852194963546	1.42628274294622
"CNIH4__neg"	4.98805162856967	5.2151661075987	4.60937895054298	5.14896484577501
"MSRB3__neg"	8.25706134439455	10.867564688374	3.44027713227767	2.22044604925031e-16
"TMBIM1__neg"	6.47357572452616	9.81952679238409	0.62585819213903	1.23259861500838
"SLC26A8__neg"	12.5355342998402	7.07919882881204	3.78821760582891	0.68448618304077
"MPO__neg"	11.2843102971105	9.73461530169977	2.22044604925031e-16	0.583489145332271
"LEMD1__neg"	11.5857155548996	2.82964684338498	3.40895207318858	3.13806113751446
"C1orf88__neg"	5.92906351938395	8.35661114338622	6.96957986335536	2.17866021099753
"SEP15__neg"	5.05503222600919	8.96902737284925	1.3576264531167	3.16307718084355
"PF4V1__neg"	17.9599578989056	2.22044604925031e-16	3.68733803752296	0.248637409927975
"C1orf138__neg"	11.1336291275127	5.10618276109767	1.6819619462911	4.46693043459732
"LIMK2__neg"	9.07845709800141	7.34941250454289	2.15057106343247	2.64178604270692
"RNF149__neg"	9.17055308534787	8.12503523482087	1.51838187219443	2.61089473276966
"LOC100287221__neg"	7.92965173685509	7.18483075636539	4.54724100203189	0.52434309651871
"SOCS3__neg"	11.1174284076949	7.40337252528159	1.58214273747753	1.23958992675267
"CPNE8__neg"	7.03978856160939	8.683483906081	0.00018027176961497	1.81199079574638
"RNASE2__neg"	6.53153519692325	10.0811653166165	2.22044604925031e-16	0.391275987361358
"SLC2A14__neg"	6.23224220746167	6.92791681208152	3.80964558867755	3.06462248018793
"PHC2__neg"	13.0681417320727	5.57913748463722	1.69046421303738	0.75275384021555
"VAMP5__neg"	5.73389933027968	10.9439925878806	2.22044604925031e-16	3.58755275715755
"ARMCX1__neg"	6.19462281692301	11.5288857585389	1.8502864588695	0.977227917922583
"BEST1__neg"	9.89029869539281	7.51698880014494	1.26275981281138	1.97033873861608
"C1orf52__neg"	3.70052596113356	5.80753067645634	5.13104059546687	6.21044671302126
"C2orf62__neg"	4.87494440236784	6.30840399861547	4.26145794723234	2.95665091881278
"LOC100129417__neg"	19.5411674265303	2.22044604925031e-16	4.12389787736342	2.60830167720445e-14
"LOC100130938__neg"	12.496586903325	5.1667278936647	4.22184942885163	2.22044604925031e-16
"TMEM140__neg"	9.07632807614247	8.04179416600526	2.22044604925031e-16	2.06560861485066
"LOC441864__neg"	20.1809761825357	2.22044604925031e-16	1.68175469740673	0.140329095815105
"IFNAR1__neg"	3.50281434727086	7.3767591475724	4.71844029998099	4.32564772471926
"ADRB3__neg"	7.43112154726034	9.90294297543772	2.35511591885394	2.02702510458913
"GDPD1__neg"	10.1307223280796	5.57139035447954	3.34238207132087	2.72320942342618
"C10orf27__neg"	5.76325193883891	5.14506785727384	3.90504827284807	2.27550553389833
"LOC643332__neg"	7.49629518195096	8.11402391719114	2.71226539892936	1.73444889264513
"CCDC103__neg"	7.27323347178146	8.10159727519828	3.58788394146993	1.17271942772054
"CLDN12__neg"	7.402554857032	9.55487232044295	5.14772175296073	2.22044604925031e-16
"DYNLT1__neg"	5.71221106785307	7.44686113991273	1.21222499660931	7.03058679278502
"SNAI2__neg"	7.24202833339289	10.17121586239	3.85599095032389	2.22044604925031e-16
"CCL23__neg"	6.45105100585898	12.0876340206799	0.157129569866382	1.50550582822916
"PLS3__neg"	9.14066195932143	11.5844309107256	2.64016287067987	2.22044604925031e-16
"MPP4__neg"	5.82949532246228	7.11460556224358	5.85084191980492	2.272266739505
"SLC31A1__neg"	5.15900991939635	7.30938876888257	2.22044604925031e-16	1.80804754968892
"HMGA2__neg"	9.94332140545055	4.63857986232477	5.06899160934865	0.442988111726619
"RND3__neg"	5.68492426747057	5.77144861534269	0.398497492583788	2.22044604925031e-16
"GYPA__neg"	10.5796852117819	0.743967690507524	3.78784236403997	1.13726803043377
"PPEF1__neg"	6.01119046820183	8.38721772966047	5.49934638558547	1.61363881478482
"PGLYRP1__neg"	10.9373938941844	2.09980825714355	8.7332374604693	2.79807144311631
"KCNK13__neg"	9.48397676951421	11.6087470244606	2.22044604925031e-16	0.302664154357195
"NME5__neg"	6.44474029563594	9.40380101785197	6.21204344890669	0.304211679456018
"CLEC4A__neg"	5.78882843260301	10.5060732137585	0.593565313105906	3.43968674829738
"DKK3__neg"	9.10992696498124	11.4573515169885	1.943808107438	2.22044604925031e-16
"EMR3__neg"	9.86692378500336	4.9490806728211	6.4591424658773	2.16267634615302
"ACSL1__neg"	7.76153863427778	6.76111700054787	0.00582951339303831	2.3592347616992
"TMEM37__neg"	7.50076036649219	8.90852284859431	0.690731363644668	2.4588505824142
"LOC729127__neg"	6.76230398658526	5.17265786014805	2.41073606455646	2.76477538965954
"ZDHHC19__neg"	12.1437810249014	8.12585798549081	1.05911699165358	0.892425368891961
"IFIT1L__neg"	18.9315954257487	2.22044604925031e-16	4.08564324885835	0.000132037284662217
"TREML3__neg"	17.2291589301329	2.24288950039872	0.506424357467112	1.79823614232252
"LILRA6__neg"	10.7269868812985	7.90214565920862	2.22044604925031e-16	2.36385136388772
"VEPH1__neg"	7.84779453842089	6.3359744259324	4.67000298324313	0.144395106009557
"VSTM1__neg"	12.0207571900622	4.65025052143473	2.19538357030713	1.75575355898234
"LOC399715__neg"	10.4967638706164	4.93559171592218	2.84282526295218	1.92942367890063
"TSPAN15__neg"	7.98591306699101	8.38015429571991	3.66829639898218	2.22044604925031e-16
"IL1RL1__neg"	8.51586776833948	8.9890451211343	2.64483717634232	2.22044604925031e-16
"GALNT8__neg"	9.90957106954335	5.14997627940549	3.58023849373091	3.25857406439417
"C19orf35__neg"	10.6982313679322	7.21752637408437	0.175696969874709	1.31361499630502
"DEFA3__neg"	7.64393898588422	2.85595855802842	3.89546321558846	1.86199369569084
"MSR1__neg"	7.2823047788099	12.8199198019565	0.590808133543873	1.36738444065062
"LOC388210__neg"	11.332704136621	4.36734189027135	2.876315447228	1.3442115329004
"CD300LF__neg"	8.00390961669887	11.1049452529614	2.22044604925031e-16	2.58059314417475
"UNC13C__neg"	4.39728290644332	7.6176864743873	5.38324558509964	2.49572779704164
"NBEAL1__neg"	5.99492584287887	5.71923664118694	4.38404031882859	6.11686471892421
"LOC100289646__neg"	8.99639176517807	10.6182102019078	0.246792972824531	1.15400006185149
"SPIC__neg"	5.21062327933031	6.41095228620121	2.87189457819137	3.96853887154029
"LOC100289645__neg"	7.35075032648726	7.68729984772486	2.32247972645847	4.08894900661935
"SLC22A4__neg"	11.0622056314216	9.43166849202634	9.04817417897429e-13	2.22044604925031e-16
"GPR35__neg"	8.77728553413979	6.88267572944427	2.64378635013399	2.31464656428619
"G0S2__neg"	7.11492898064447	9.08458021636204	1.14809734531302	1.06753359645627e-05
"PNPLA1__neg"	10.4826177946921	9.00822614406864	1.7972165539182	0.942706526173414
"LPHN2__neg"	11.6813816628922	9.00061390324822	2.5405196412715	2.22044604925031e-16
"STMN2__neg"	5.57599945533759	6.85847538863184	4.12978623801472	1.0797640672119
"CATSPER1__neg"	6.57899119895812	15.7674470602641	2.22044604925031e-16	0.512494995877248
"B3GNT8__neg"	8.68864428720707	10.2460419949299	0.529833342716164	1.20767355685211
"LOC100288897__neg"	8.12205165636383	2.13816954019993	4.32421788184739	2.35062077077624
"FAM26F__neg"	5.09452362875428	10.5298981736527	2.22044604925031e-16	4.91163632217191
"KCNE3__neg"	7.79264299520444	10.6910122891707	2.22044604925031e-16	1.11256057926931
"KCNJ15__neg"	7.32303965808616	10.9576702940503	2.22044604925031e-16	0.00260267185957369
"KCNJ2__neg"	10.2426355070863	9.84012490741096	2.22044604925031e-16	2.22044604925031e-16
"LOC100130454__neg"	10.7790470117338	7.1852380720914	3.40099998767935	0.353517897644264
"HLA.G__neg"	8.57538080728467	9.02731002848216	1.30700530484796	2.27803926718171
"LOC400499__neg"	12.112642597604	3.67596343945996	3.90138291123281	1.42555452995576
"FPR2__neg"	8.28005839644099	10.4779660282	2.22044604925031e-16	1.40818414676259
"SLC25A37__neg"	7.0305573734523	6.96264367826042	6.190475122534	2.47828825255468
"OTP__neg"	7.23221110204318	5.91943366450314	5.395005059745	3.44653779666021
"OSM__neg"	8.10773783800835	9.31482040785238	0.927111198078945	0.515680331243148
"CAMK1G__neg"	7.38159751524605	8.61920177336943	1.98657793176691	0.860119960372781
"ELANE__neg"	12.9915755150162	2.05270609138805	4.79880370986582	0.250826690438091
"USP18__neg"	8.61358819664528	8.01971657934294	1.05841815353033	3.50568241103453
"LOC100129836__neg"	7.1176495533474	3.86395911056323	3.96338534890531	2.53713803137397
"NRXN3__neg"	10.7287702553734	5.66910576488618	3.783513048495	0.320634888043501
"TMEM26__neg"	7.16455538303908	8.20681090270373	3.08234505945736	0.72703373389151
"LOC643802__neg"	7.51171396146384	6.45066456659002	5.15656238221302	1.91648498158468
"SAT1__neg"	5.49633621857148	12.1504681390388	2.22044604925031e-16	2.21093748937727
"LOC647055__neg"	6.54031008111979	5.10578703936993	4.21160447241684	1.8609208224712
"CYP7B1__neg"	6.5528892027024	12.6269178184012	1.93093703894509	2.22044604925031e-16
"TNFSF4__neg"	6.57428942468018	8.25316421057981	2.5267651052959	5.09445672361757
"FAM124A__neg"	14.1645024499813	7.74823782468905	2.22044604925031e-16	0.226739318537376
"DNAI2__neg"	8.32211969330054	8.3848472614614	4.31984596946398	0.642824629894783
"IL1R1__neg"	11.1965358472619	10.2444339741185	0.691505689093511	2.22044604925031e-16
"IDH1__neg"	6.56807372441896	12.2754376001969	2.22044604925031e-16	2.76348959740391
"CD14__neg"	6.76339073727169	9.5747623367263	2.22044604925031e-16	1.39269940290709
"C19orf41__neg"	6.92599316844943	5.13102051609614	5.55951148056498	1.94486878783649
"NEURL3__neg"	8.72444824594157	7.12230378181795	2.22044604925031e-16	1.55451892639696
"LOC100288077__neg"	6.99963649350488	7.06498361716788	3.46942575447763	1.72336489704547
"FAM153B__neg"	6.226862023105	5.32695386847204	4.65062438479524	4.13540223070477
"LOC100133669__neg"	6.85458641508066	7.01142765451395	3.1785634831011	3.25761371418458
"GNG12__neg"	7.61810215291663	12.7763681793221	2.32617316435984	2.22044604925031e-16
"C6orf25__neg"	17.3111130152844	2.22044604925031e-16	4.45864815199399	0.264267763145935
"GATA1__neg"	8.80624628600385	3.78987063916198	6.97366210195595	1.10056208455708
"SGIP1__neg"	9.16977401618831	7.65025163845836	3.77905439911446	2.22044604925031e-16
"GRIN2A__neg"	6.83442477655052	6.63937168344867	4.2530964754801	1.8134516118688
"CCL2__neg"	8.97468396739001	11.7728270308377	2.22044604925031e-16	1.43563420081318
"EFCAB6__neg"	12.0567056247406	6.14197953907881	2.72671486439533	2.22044604925031e-16
"LOC100288608__neg"	9.7112504703634	9.35816539589956	5.12145497620819	0.722030865419632
"IL17B__neg"	8.48265891066052	4.76123215598953	6.18383214733838	1.70997885910598
"PF4__neg"	10.6118429999901	4.72022149393671	4.16925385743678	0.873965681999452
"MS4A7__neg"	7.92847609030545	9.6619387761884	0.0275748262271365	0.736034522020838
"LOC100288781__neg"	5.52844825769379	5.95768013037284	5.32097486805157	4.33460994669696
"C4BPB__neg"	7.85242324525097	7.27688732725256	1.47309372183732	2.32479326464991
"SMPDL3A__neg"	6.28439001902958	9.4810405560758	2.22044604925031e-16	3.08590803499136
"C17orf73__neg"	10.6056564959616	2.18604691388759	4.46379098454811	2.56836898967468
"SCG3__neg"	7.42878434661717	8.73858685253779	2.22044604925031e-16	1.6713751936003
"MGAM__neg"	8.57533527148041	7.93846767619203	1.31342671404129	0.703921851357463
"IFIT3__neg"	8.51823603575733	10.2927029747779	2.22044604925031e-16	0.631978179897377
"PROK2__neg"	7.62904118096149	9.57134386624333	1.99345886454418	0.357554575677478
"FFAR3__neg"	8.28810468438913	7.54160811359993	2.0858175415588	1.64748627715902
"FADS6__neg"	16.4523766783701	0.522261336190651	5.18255161696	0.022913618653011
"OR2L1P__neg"	10.6907450431724	3.74817546828535	4.22337080789136	2.02108161823659
"FCGR3A__neg"	7.63869831373881	11.4984550466846	2.22044604925031e-16	0.802780666508501
"LOC100289009__neg"	17.3022255015746	0.812705498516031	2.82991355938312	1.57977728877081
"SCARB2__neg"	8.78340750457825	9.06259812486055	2.22044604925031e-16	0.511846652521726
"IFIT5__neg"	6.43193760052876	9.01582852765643	1.63495734606876	2.57776663359755
"RHOBTB1__neg"	9.88645353292131	8.87270861425243	2.51432642659712	2.22044604925031e-16
"BCL2A1__neg"	2.44659548224816	9.48683285675203	1.67138584462969	6.18408435326887
"TRIM69__neg"	8.80094281879944	5.95779456515195	1.83527930628958	6.23659316769409
"SH2D1B__neg"	6.0999165190205	7.82919164760794	1.47856514414586	1.67331247688146
"DUSP1__neg"	9.0924285946563	10.6565076506534	1.38101374548608	2.22044604925031e-16
"MEFV__neg"	13.7209456999126	8.74870173633686	2.22044604925031e-16	0.0819017943006469
"C8orf56__neg"	12.7579469343041	1.78483222251262	3.78631109791949	2.62923442589038
"C6orf100__neg"	6.6278466838875	5.766104289263	3.23341171109127	4.17655810010591
"LOC100288856__neg"	9.02236410348727	4.42487136367727	3.28554791412877	3.55713782533749
"LEPROT__neg"	6.04095318409386	10.7237385045529	4.20082562083516	0.32263579801694
"LRTM1__neg"	17.8696953964994	2.22044604925031e-16	5.13992104010552	1.22859922125873
"ELOVL3__neg"	7.99568243031628	9.20682800772172	2.22044604925031e-16	0.531592027389798
"NPM2__neg"	9.26010713851055	7.02102251559906	1.1932364337179	3.98722702253044
"GPR97__neg"	11.4359977808791	5.50515893666279	2.73438186352868	2.22044604925031e-16
"TNFSF13B__neg"	7.0021522565059	10.7754717376041	2.22044604925031e-16	3.46029361911604
"LOC400696__neg"	7.16118248576309	7.49673669949804	2.22044604925031e-16	4.99628528992385
"EPB42__neg"	16.8088028266018	2.22044604925031e-16	4.18720136096861	0.0888577623901169
"MT1L__neg"	7.03274811978584	10.7360185954389	2.22044604925031e-16	1.57934654704904
"MS4A6E__neg"	8.08863926983775	11.2283394106365	1.11163692416596	2.27142474603083
"SLC16A10__neg"	6.04191836271652	10.1130122798735	3.99222045905091	2.22044604925031e-16
"NIACR1__neg"	11.933011336615	11.0057272901653	2.22044604925031e-16	0.319365088613901
"CYP4F3__neg"	15.1638187564831	3.37391585004106	4.06808752432203	2.22044604925031e-16
"FOLR3__neg"	19.2658660984725	0.314734821215578	2.00686581225935	2.22044604925031e-16
"C21orf109__neg"	7.88480427972695	9.84401308614654	2.22044604925031e-16	3.46911049563313
"HEMGN__neg"	4.13120486597981	6.76002185517415	4.96804894733108	2.01576816120949
"CEACAM3__neg"	9.05139256457424	9.45400379236249	2.22044604925031e-16	2.0436164855338
"MS4A3__neg"	15.3903808796286	2.22044604925031e-16	3.32681164018812	1.24388820853679
"CFHR3__neg"	16.1995089514895	0.756695532802565	3.72762273336054	2.0277052554066
"EGFL6__neg"	7.75569812850186	12.3569704979951	2.36877238039682	2.22044604925031e-16
"SCARF1__neg"	15.8651942330207	5.78648106864555	2.22044604925031e-16	0.0778065166039683
"PLOD2__neg"	5.74047302288578	10.1232582332823	3.66815305914238	2.22044604925031e-16
"MXD1__neg"	16.1671969729118	5.41726622590896	2.22044604925031e-16	1.71262941521173e-11
"CLLU1OS__neg"	5.08348957774669	6.5162594268489	4.18868982287827	4.48319816040727
"EPHA8__neg"	16.6562270515087	0.25663618082061	1.12764259687893	1.7654765307796
"FAM157C__neg"	15.8588098001591	4.29394289000144	2.22044604925031e-16	2.28856081043073
"SLC31A2__neg"	9.19310619150877	10.6350330360864	2.22044604925031e-16	1.52561278562188
"TNFRSF10C__neg"	8.68937566122562	9.09949959039929	4.18760909100138	1.02941113812147e-12
"BXDC5__neg"	4.85517607271032	7.13811240380369	4.55045682531037	4.15644868782131
"IDO1__neg"	6.75020513507767	9.72789937898202	2.22044604925031e-16	2.29166280887022
"TMEM158__neg"	8.24098059502482	10.0290013604946	2.38341289334314	2.22044604925031e-16
"TREM1__neg"	5.99993786132512	12.2458708835148	1.69567664295114	0.0373141663306951
"LOC100124692__neg"	16.2266389561302	2.22044604925031e-16	1.98004567743204	3.31982269593742
"RBM47__neg"	7.39208151197344	10.154293660296	0.0883566646612247	1.63448909129599
"GALNTL2__neg"	6.54546513785628	7.6964597144792	4.75343781386086	4.38508836693802e-13
"CD300E__neg"	10.8887347508788	9.8205492717482	2.22044604925031e-16	0.490692665360957
"TUBB1__neg"	11.4365376250568	1.57332587790331	6.09669501360018	5.69778119568311
"KCNT1__neg"	6.95862310480607	4.23245494895324	3.77822707556471	2.43494379227026
"JAG1__neg"	11.4070908710443	8.03149335390793	1.54271598035092	2.22044604925031e-16
"CXCR7__neg"	6.01968624648181	8.47757296190867	6.89280516486625	2.22044604925031e-16
"CLEC2B__neg"	5.07586702728996	12.8470000440817	0.0110112599515998	0.838039848768004
"BCL2L10__neg"	5.16431295707072	5.61283571988307	4.1145245167361	4.8782999912739
"SLC22A18AS__neg"	7.55934507202602	7.36948617980426	0.259275985713969	4.48539968644699
"OR2W3__neg"	14.4542133726412	1.10393902477113	5.23857718710475	1.33435890944721
"DSE__neg"	9.16868906681842	9.85998915967544	0.550862914470089	1.15841942007085
"GLIPR2__neg"	6.5354963815428	10.1927282361364	0.00531279195085771	3.24775439293458
"PPT1__neg"	4.63697560490583	8.08756800032029	1.5556498165193	6.60269049025777
"OLFM4__neg"	4.55760684520987	6.20202654713897	3.79709646963499	1.33969907609639
"TD1__neg"	18.7952527225586	2.22044604925031e-16	4.22770838942518	0.16491444850759
"MT1H__neg"	5.25972163886929	8.3764055400943	2.22044604925031e-16	3.26966334119577
"KLF1__neg"	6.6964527060775	7.76327036093649	2.22044604925031e-16	6.3506900761311
"TRIM10__neg"	20.1349719774373	2.22044604925031e-16	1.66165801961133	0.726425062909949
"LOC100288058__neg"	5.58848337833966	6.37720374252145	3.5810730849875	5.4203724524689
"VNN3__neg"	9.67427269958481	6.11728810359027	2.89577705735293	2.28731973609124
"LILRA1__neg"	7.01157282796551	6.24965792364047	2.22044604925031e-16	2.78402653183076
"MARCH2__neg"	7.03932109767657	9.79110960126536	1.79662604928831	2.18465843016181
"TLR1__neg"	6.31993816448379	4.81526418218064	2.65276335192081	4.10496423263982
"SLC11A1__neg"	8.13529309661505	11.4081550799147	2.22044604925031e-16	2.22044604925031e-16
"FGF12__neg"	5.41079908965957	6.52757145521754	4.57688115391187	1.07252531399023
"EIF4E3__neg"	6.81872273880001	11.396308866168	4.94254030203608e-12	1.85364411869656
"LOC100286936__neg"	12.1720573458832	5.17779390570091	1.33443918635985	3.98352891440625
"LOC728940__neg"	14.1463078585751	2.02346877447873	5.01715181847882	0.921993853093914
"VTRNA1.2__neg"	14.1002907167211	0.292458785279953	4.47623909916927	3.20407137665352
"SERPINB10__neg"	12.818976406212	1.93349332617089	3.84913998442982	3.55805150698862
"CCRL2__neg"	7.26399005222477	9.1322307313701	2.22044604925031e-16	2.72969197951892
"ITGA2__neg"	11.2876835531001	6.16890386976683	3.12089274843642	2.22044604925031e-16
"MT1M__neg"	5.60796519215201	10.8208535720708	2.22044604925031e-16	1.25017030085149
"RETN__neg"	6.72195248887973	13.2661455349376	2.5633241410328	2.22044604925031e-16
"TSHZ3__neg"	11.9824652016822	8.28556610112269	0.732834909216085	1.47775777433795e-06
"RASL11B__neg"	5.75855385370081	9.82499811433439	5.98413890016577	0.344701582046467
"IL23R__neg"	4.84991036548614	8.11293141268327	2.93862828423087	1.59235090340233
"MT1G__neg"	5.02653480082543	7.66472913269665	2.22044604925031e-16	3.478331726995
"ANKRD45__neg"	6.1856845928281	8.08733981677641	4.7158367453009	0.53676426278497
"IRG1__neg"	7.18103350242401	7.38620892453104	2.22044604925031e-16	3.6554113959029
"GPC5__neg"	7.59654298271676	7.77599872166145	3.55066240844385	2.53516064307579
"IER3__neg"	10.3928829127544	7.35345143533661	2.69092986307612	4.84247272719568e-09
"SLC17A8__neg"	18.5077125104607	2.22044604925031e-16	4.72579798738121	0.334446733644852
"TLR8__neg"	7.39441250949876	8.08132190962453	2.22044604925031e-16	2.9210306516424
