"Gene"	"IS01"	"IS02"	"IS03"	"IS04"	"IS05"	"IS06"	"IS07"	"IS08"	"IS09"	"IS10"	"State"	"MaxFC"	"InitialState"
"NLRC4"	"NLRC4"	0.399649796585508	1.99629369802976	-0.651331396034041	-0.876453981114786	-0.270047007472734	-0.285523095427968	-1.10217249630315	-0.469534517241792	0.709236202669988	0.346418150423289	"S01"	1.99629369802976	"IS02"
"GLIPR2"	"GLIPR2"	0.263470067700049	1.95073607334652	-0.370361488428866	-0.733660295311627	-0.660167394296689	0.129683928848063	-0.901585204785544	-0.421534910906701	0.807248786177067	-0.299363496754589	"S01"	1.95073607334652	"IS02"
"OSCAR"	"OSCAR"	0.695342361872871	1.91586368498161	-0.442455801482108	-0.928751017974133	-0.0872127013317471	0.16389634352949	-1.28844009805048	-0.429436399622354	0.629834274466332	-0.0805468127444264	"S01"	1.91586368498161	"IS02"
"PDE1B"	"PDE1B"	0.434187747863904	1.89404452906921	-0.358795922834719	-0.696835247290887	-0.432486434218237	-0.051278462365662	-0.830136659975641	-0.794705478146317	0.294351089142178	0.182594399779164	"S01"	1.89404452906921	"IS02"
"C1orf162"	"C1orf162"	0.588599204875139	1.8936924545068	-0.732896701907267	-1.04494422549575	-0.339019921607253	-0.195474533858652	-1.12563308922682	-0.303145085236328	1.01076053918963	0.194531519665971	"S01"	1.8936924545068	"IS02"
"ZMYND15"	"ZMYND15"	0.624374550222201	1.85951233161257	-0.501901906242579	-0.821480822333497	0.416680690968877	-0.543126212750125	-0.703661459985761	-0.78770544160536	-0.202031514834376	0.159395895823283	"S01"	1.85951233161257	"IS02"
"MARCO"	"MARCO"	0.409530109743612	1.80148260462469	-0.549782555603405	-0.973577375723766	0.336815838103729	-0.0226599807782131	-1.18970933601252	-0.330204870112098	0.707979258386867	0.0295990412387529	"S01"	1.80148260462469	"IS02"
"ADAMTSL4"	"ADAMTSL4"	0.563148843857121	1.79790619780479	-0.616748084656741	-0.825859028913126	0.134489753848439	0.220671945968582	-0.794357648266071	-0.812550036193524	0.292104115116164	-0.0712066796578111	"S01"	1.79790619780479	"IS02"
"TMEM150B"	"TMEM150B"	1.04895662940049	1.78946504745476	-0.172508274894252	-0.998822373755348	-0.369612298037355	-0.0128837927655327	-1.12172348047079	-0.452340426542467	0.581725629121549	-0.333413186495235	"S01"	1.78946504745476	"IS02"
"DOK2"	"DOK2"	1.00187847064852	1.7822462492487	-0.496770779596374	-1.00342557175417	-0.268499338186856	-0.0750500786243243	-1.21016352456212	-0.587394074939736	0.842408762884229	0.0292896460226023	"S01"	1.7822462492487	"IS02"
"PTCRA"	"PTCRA"	0.821940273141676	1.76712986944795	-0.18150592677204	-0.987062472708746	0.128652600869574	-0.677417116332499	-1.2229588731263	-0.344560362365962	0.785009744805778	-0.199051989750647	"S01"	1.76712986944795	"IS02"
"CD300C"	"CD300C"	0.844831365775291	1.76373208512954	-0.467939536600875	-0.95273068238614	-0.499708593994436	-0.117675164787081	-1.14557947797921	-0.504252741410174	1.14262657968871	-0.119110893884212	"S01"	1.76373208512954	"IS02"
"TRPV2"	"TRPV2"	1.07716379612922	1.75436377718223	-0.515185043769373	-0.878538450534078	-0.287443371255124	-0.0991777767863	-1.19719418951622	-0.613319253220436	0.789534514589392	-0.110721911380576	"S01"	1.75436377718223	"IS02"
"NCF2"	"NCF2"	0.619798800875985	1.73803783283495	-0.258688129154291	-0.905351411639971	-0.500331802474588	0.271652378564029	-1.17253349272682	-0.517409562763561	0.957455086525742	-0.0567210804122521	"S01"	1.73803783283495	"IS02"
"PPARG"	"PPARG"	0.0258968555793601	1.73472569353681	0.0104312507975636	-0.530366612095024	-0.528241258459098	-0.646309507411332	-0.508477153937148	-0.449830565292565	0.267149188914187	-0.0962067001165048	"S01"	1.73472569353681	"IS02"
"SLC11A1"	"SLC11A1"	0.477870030709754	1.73333549175874	-0.515880795959078	-0.442922077285375	0.000811978397455471	0.466376859564782	-1.02436985919048	-0.811730307400376	0.387816763782639	-0.289468729589763	"S01"	1.73333549175874	"IS02"
"CD33"	"CD33"	0.622750175565619	1.71770028278544	-0.597261286393211	-1.04233418393137	-0.441328469730921	-0.270984121710991	-1.2215129443459	-0.224925243543125	1.15319412733193	0.376986517762032	"S01"	1.71770028278544	"IS02"
"TYROBP"	"TYROBP"	0.901600301978494	1.70991333324097	-0.477760649690368	-1.03148754455286	-0.543951174069452	-0.320014997125912	-1.18429091152188	0.00552241160107629	1.18035834898501	-0.294018030402236	"S01"	1.70991333324097	"IS02"
"FGR"	"FGR"	1.17609576518683	1.68621420776713	-0.532727026686729	-0.741544940668742	-0.262801197678709	-0.227566595014706	-1.20938459555649	-0.711104035652557	0.745235141304996	-0.105202643151712	"S01"	1.68621420776713	"IS02"
"GMFG"	"GMFG"	0.823562248386364	1.67738212435029	-0.927907879490583	-0.968945724109637	-0.540360206132043	-0.397478058912828	-1.12015662531072	0.0854638996742919	0.915462528928058	0.306618396267086	"S01"	1.67738212435029	"IS02"
"AMICA1"	"AMICA1"	0.788967480151949	1.6749793520081	-0.586395098009376	-1.01862521507543	-0.058923996647973	-0.314667297458042	-1.36388374432412	-0.472575613705091	0.763550546600663	0.764611220567883	"S01"	1.6749793520081	"IS02"
"LST1"	"LST1"	0.465283672403898	1.66248619619792	-0.858727573996579	-0.917221376640009	-0.65303099103953	-0.227436565675746	-0.995575962383386	0.000821209671279086	1.15691401839932	0.25881330533583	"S01"	1.66248619619792	"IS02"
"SLC7A7"	"SLC7A7"	0.95128563073577	1.66147922562571	-0.53005159698292	-0.920541202553039	-0.767688581139918	-0.623134996105006	-0.653253983313824	-0.762727023917457	1.00072503830841	0.0112744436789497	"S01"	1.66147922562571	"IS02"
"C10orf128"	"C10orf128"	0.667380067771918	1.6545315322836	-0.435140312657036	-1.09453442511614	-0.609328300446359	-0.544777225108327	-1.15744753496173	-0.100368763612723	0.85263457879064	0.723776018306637	"S01"	1.6545315322836	"IS02"
"VSIG4"	"VSIG4"	0.567593285825118	1.6519896423538	-0.370583743289301	-1.23216556010169	-0.295562793346121	-0.0931835476230236	-1.21380536219604	0.079486030937433	1.21969617459573	0.0152553995375795	"S01"	1.6519896423538	"IS02"
"ALOX5"	"ALOX5"	0.760011992010387	1.65010332427813	-0.540362586002511	-0.913500919520671	-0.0720240510368454	-0.122970106426039	-1.19132727629228	-0.777867060412807	0.753566748661546	0.54971959196818	"S01"	1.65010332427813	"IS02"
"C5AR1"	"C5AR1"	0.561668358018722	1.64801313177653	0.0479493333773706	-0.819919515551239	-0.374310304607031	-0.14321505134293	-0.924217568732769	-0.637686334856175	0.872433819650354	-0.349374754096247	"S01"	1.64801313177653	"IS02"
"HK3"	"HK3"	1.17388974936725	1.64503625162543	-0.312197381336788	-0.841453125973273	-0.0426319016835457	0.160437436584316	-1.30138603550871	-0.512751402854136	0.517370450233726	-0.325762642226245	"S01"	1.64503625162543	"IS02"
"TM6SF1"	"TM6SF1"	0.696473821701725	1.64105382796047	-0.0841914371058243	-1.03874344321093	-0.675424579116568	-0.46394981302859	-1.20337607163801	-0.40970125889568	0.853533956476473	0.682362530467681	"S01"	1.64105382796047	"IS02"
"LY86"	"LY86"	0.351292729175595	1.64057402261021	-0.491820866873121	-1.09198285250903	-0.515464986367812	-0.539450432910887	-1.09774138302109	-0.0764063570513516	1.22229698480419	0.611646743953853	"S01"	1.64057402261021	"IS02"
"FLVCR2"	"FLVCR2"	0.648097300473271	1.6397486519504	-0.347199846277173	-1.21818991322918	0.0337570809214044	-0.178778111158951	-1.03385651107044	-0.464803965507379	0.885337724537144	0.225423170537694	"S01"	1.6397486519504	"IS02"
"CD300LF"	"CD300LF"	0.894859795775153	1.63195270307455	-0.054504829943311	-1.16821016943285	-0.295396765177498	-0.346717537941482	-1.40711929955178	-0.166185150038799	0.848729700976184	0.333046254557851	"S01"	1.63195270307455	"IS02"
"CD52"	"CD52"	0.653658071461813	1.62258819468828	-0.547908368756619	-0.9497094609965	-0.0216135200309273	-0.432358541365071	-1.44432799071472	0.116407422979724	0.713524497421372	0.509493444437382	"S01"	1.62258819468828	"IS02"
"RMDN3"	"RMDN3"	0.333600088721693	1.61680023598056	-0.381589024889321	-0.413810781893622	0.254715261951011	-0.351916136269304	-0.633847378821309	-1.14230819863401	-0.152027253273207	0.371505784128277	"S01"	1.61680023598056	"IS02"
"TNFSF12"	"TNFSF12"	0.555127858761667	1.610144929851	-0.434541553140664	-1.09455636419648	-0.110242432878376	-0.205840457186823	-0.958316226779056	-0.644814851734351	0.744974357111535	0.611565049299459	"S01"	1.610144929851	"IS02"
"MS4A14"	"MS4A14"	0.906247199422067	1.6039014610655	-0.189744115087265	-0.741659217685244	0.142751666804523	0.350311881028286	-1.20460781459868	-0.83881470444818	0.402164023728543	-0.196135072606613	"S01"	1.6039014610655	"IS02"
"SELPLG"	"SELPLG"	1.12853036499207	1.59397729942022	-0.466352286342308	-1.05052420677469	-0.533034859715423	0.0860023571879356	-1.265154612454	-0.65463181420342	0.885068079480666	0.469672048037457	"S01"	1.59397729942022	"IS02"
"PILRA"	"PILRA"	1.10787130798897	1.59381485221371	-0.211187310808657	-1.04226880245625	-0.477462907037392	0.00144885640663374	-1.16915939112972	-0.501824965889397	1.00560735394079	-0.196847183883301	"S01"	1.59381485221371	"IS02"
"PRAM1"	"PRAM1"	0.792280900416256	1.58279752388399	-0.202770998748033	-0.518544995545667	0.30647706345365	-0.28026605031128	-1.26149850772296	-1.00559772517473	0.348867092209778	0.193446187773105	"S01"	1.58279752388399	"IS02"
"SPI1"	"SPI1"	1.15449227618854	1.57614344510678	-0.415753448673766	-0.942719776608834	-0.245259341929788	0.0794443320117298	-1.43303775555706	-0.643572753873058	0.990963855048631	0.172967138998969	"S01"	1.57614344510678	"IS02"
"CCRL2"	"CCRL2"	0.693740077471517	1.5606420269973	-0.0923143784074877	-1.11549132297689	-0.194828083557719	-0.207801377199607	-1.28658391555598	-0.19787077476174	0.826113049890762	0.330981059236036	"S01"	1.5606420269973	"IS02"
"ACP5"	"ACP5"	0.850179012497294	1.55515993529274	0.178058173014235	-0.952205504889581	-0.137583845154255	-0.327459359942922	-1.34261416897195	-0.193958519208447	0.569879942475642	-0.00067814638667479	"S01"	1.55515993529274	"IS02"
"FCGR1B"	"FCGR1B"	0.926417116198047	1.54857674721167	-0.289647372572394	-1.07148477879252	-0.664661130213792	-0.44215487925059	-1.15038737681754	0.24477755039345	1.11790262908555	-0.241435618064225	"S01"	1.54857674721167	"IS02"
"S100A4"	"S100A4"	0.0485487295954686	1.54716687838703	-0.623046703783345	-0.916366943362631	0.0178324969209111	-0.247492928977633	-0.468968343165648	-0.162194673794287	0.521249179395436	0.065462514184193	"S01"	1.54716687838703	"IS02"
"SLCO2B1"	"SLCO2B1"	0.911630370779749	1.53664137871191	-0.222890651747643	-1.2324957317252	-0.4449857003719	0.0458014355729193	-1.21672020557352	-0.622615908085429	1.08798258956816	0.514557978868922	"S01"	1.53664137871191	"IS02"
"LILRA6"	"LILRA6"	1.12164803019909	1.53427835664303	-0.243217869613026	-0.987957202680699	-0.408100292945026	0.256547931329685	-1.142116704266	-0.660714327812459	0.884395452706698	-0.150971374041401	"S01"	1.53427835664303	"IS02"
"FBP1"	"FBP1"	0.321863685717405	1.53172683627426	-0.406418970920797	-1.09447531783001	0.664513988694946	-0.650807534163377	-0.973909615110327	-0.470032214362596	0.4958967312463	0.694677666120762	"S01"	1.53172683627426	"IS02"
"CYP27A1"	"CYP27A1"	0.638814442137058	1.53127116152799	-0.0810278426196606	-0.912793881989682	0.129953285866114	-0.756880635766645	-1.06662526179689	-0.483100136812494	0.620862792055261	0.276983176905945	"S01"	1.53127116152799	"IS02"
"CD68"	"CD68"	0.959525299537003	1.52607593650371	-0.119126709104604	-0.999992668202073	-0.553717736382611	-0.24048124181043	-0.92764348548949	-0.610046357410589	1.0457184032287	-0.192075709240383	"S01"	1.52607593650371	"IS02"
"ARRB2"	"ARRB2"	1.01372739793733	1.51716631723851	0.440306738419778	-0.923873499869278	0.0340091292254013	-0.59445162820513	-1.04269904856572	-0.858398196669508	0.432279243146232	-0.141371727292895	"S01"	1.51716631723851	"IS02"
"FCER1G"	"FCER1G"	1.02659338377199	1.5082171905444	-0.534521766440317	-0.970347596060797	-0.683825654995791	-0.161794338813904	-1.0216145334056	-0.189378823019007	1.39449035172715	-0.438871489480165	"S01"	1.5082171905444	"IS02"
"DCSTAMP"	"DCSTAMP"	0.788349005933464	1.5077522673569	-0.120261233598032	-0.868402944916038	0.136861973646507	-0.4661284994641	-1.21494551158538	-0.379618644923927	0.50454635931181	0.183468004048157	"S01"	1.5077522673569	"IS02"
"ADGRE5"	"ADGRE5"	0.728490769876525	1.49858656884847	-0.51367305085376	-1.09948767392523	0.265816765823845	-0.15325799796509	-0.770716324413073	-0.977009042333382	0.375623825836712	0.679377645293219	"S01"	1.49858656884847	"IS02"
"KMO"	"KMO"	0.688615791499652	1.49538247001615	-0.348640862155643	-1.19897031761719	-0.224980119890208	-0.39850048835608	-1.1305376208228	0.299598261847739	1.08302611360995	-0.0642118502926298	"S01"	1.49538247001615	"IS02"
"MNDA"	"MNDA"	0.81360614764588	1.48996654972813	-0.471818048011793	-1.17033952335007	-0.4789693332272	0.0140918958886454	-1.32479867343521	-0.178206389802592	1.17256019331097	0.557203856000726	"S01"	1.48996654972813	"IS02"
"GNGT2"	"GNGT2"	1.05551343147942	1.48860856979879	-0.420310201910439	-0.959213337117574	-0.374183871592941	0.05691020948366	-1.35619513422729	-0.233530061435772	0.73596432010886	0.306092783741843	"S01"	1.48860856979879	"IS02"
"C1QB"	"C1QB"	1.06021659341535	1.48268393928259	0.0658075282760071	-1.20880542717647	-0.35712374879686	-0.0832589609956403	-1.3273544060471	-0.027369807503428	1.06460204782471	-0.280459354651233	"S01"	1.48268393928259	"IS02"
"C1QA"	"C1QA"	1.11280361923264	1.47449653514183	-0.0674127296725507	-1.13588277820891	-0.266227171718287	0.0473667491061139	-1.35513185511549	-0.0773569056096789	0.982656376359228	-0.296904828666527	"S01"	1.47449653514183	"IS02"
"CLEC12A"	"CLEC12A"	0.573001114509327	1.47187267223829	-0.456900943263131	-0.801079552839759	-0.583709960906843	-0.234773811439364	-0.849614587424894	0.151872579730575	0.675904770228157	-0.112433944077599	"S01"	1.47187267223829	"IS02"
"THEMIS2"	"THEMIS2"	0.996039937530959	1.46570992779391	-0.309653533571862	-0.95947731695353	-0.188458580712718	0.172780508655886	-1.28804923447025	-0.542082721141463	0.90329938870563	0.106320526800247	"S01"	1.46570992779391	"IS02"
"SCIMP"	"SCIMP"	1.00376904889359	1.45411753602462	0.0961171606443332	-1.07525850620997	-0.267594319465892	-0.632790113196003	-1.49024779845277	-0.33110137753566	0.912255210285787	0.581445034829263	"S01"	1.45411753602462	"IS02"
"TNFAIP8L2"	"TNFAIP8L2"	1.06999283602487	1.45363936910934	-0.562019493462815	-1.06429736735632	-0.485257630252443	-0.269691299083305	-1.33404225648096	-0.162925622025876	1.14043674546705	0.421401485554278	"S01"	1.45363936910934	"IS02"
"STAC3"	"STAC3"	0.921803051277839	1.45126918359235	0.286423600929475	-0.580320728833736	-0.314531826143205	-0.115136356165093	-0.858523995140419	-0.850355539012475	0.182657751455708	-0.366671259386266	"S01"	1.45126918359235	"IS02"
"TSPAN4"	"TSPAN4"	0.496331699425514	1.45078877971466	-0.611873203011437	-1.08425688976896	0.354130676428637	0.0166800936298182	-0.840639805481176	-0.686119600328837	0.635889895985309	0.50760063703913	"S01"	1.45078877971466	"IS02"
"SLC15A3"	"SLC15A3"	1.07060612241466	1.44830741806583	-0.199950350573618	-0.954456903593072	-0.0340507052732765	0.579836715658229	-1.3717066451381	-0.658291962537421	0.654881282499211	0.0599995900988044	"S01"	1.44830741806583	"IS02"
"LAIR1"	"LAIR1"	1.18329026242026	1.44168296849664	-0.248393707825279	-1.22694720228395	-0.557679017642791	-0.353482928441002	-1.2177938093994	-0.298457416654294	1.19377429241307	0.249144045992926	"S01"	1.44168296849664	"IS02"
"IFI30"	"IFI30"	1.1013925386319	1.43875633166947	0.0456018521753774	-1.06133429650393	-0.310476031573012	-0.0358077287057863	-1.22719280407735	-0.278342513776404	0.9453483094131	-0.342927365051078	"S01"	1.43875633166947	"IS02"
"MITF"	"MITF"	0.532635782314847	1.42201528958064	-0.360127714554355	-0.862054612328035	-0.325870111589015	0.0037711542152802	-1.13153548282255	-0.675498394829628	0.946376892561247	0.694563645369901	"S01"	1.42201528958064	"IS02"
"TLR4"	"TLR4"	0.598826057297641	1.42027345529728	0.16734853079354	-0.973858416540742	-0.770632984597117	-0.358560346619235	-1.12814922419401	-0.242558151329777	1.14971259883529	0.24421062043669	"S01"	1.42027345529728	"IS02"
"SIGLEC1"	"SIGLEC1"	1.12925674710478	1.41919251203414	-0.0405951198935518	-1.08018475821998	0.126400474663667	0.347107575452951	-1.27627719350441	-0.786312988835408	0.718335746336059	-0.0223302480921405	"S01"	1.41919251203414	"IS02"
"ALOX5AP"	"ALOX5AP"	0.414034666396749	1.41296791811061	-0.859695158729619	-0.866137337815563	-0.374396948725624	0.375976053599847	-1.31308373621357	-0.086579141369876	1.14392385006584	0.687079026762098	"S01"	1.41296791811061	"IS02"
"CCBE1"	"CCBE1"	0.192874279006935	1.41174569306245	-0.36600937359789	-0.669142375210606	-0.406755423479899	0.346683253036853	-0.80039993459509	-0.499826818369359	0.674991246658243	0.235841805505668	"S01"	1.41174569306245	"IS02"
"APOC1"	"APOC1"	0.861793357281674	1.4115717553367	0.112842711264817	-0.977444762267003	0.106579160472242	-0.801001916688001	-1.3085005626823	0.321202683526447	0.635063811804249	-0.252829858363403	"S01"	1.4115717553367	"IS02"
"LRRC25"	"LRRC25"	1.15543330028964	1.40762562659802	-0.126204371809332	-0.968066687012021	-0.526036637250996	-0.0151957120582537	-1.37260691427023	-0.538345553137088	1.19747114356801	0.0893336422705928	"S01"	1.40762562659802	"IS02"
"FCGR1A"	"FCGR1A"	1.02403943746021	1.40283123169655	-0.287042992804074	-1.07377516635478	-0.484686902839125	-0.268368461491031	-1.32492194939767	0.25899184472815	1.13136047194127	-0.117593284511326	"S01"	1.40283123169655	"IS02"
"APOBR"	"APOBR"	0.915252089492497	1.40036237088623	-0.274949861295246	-0.437520033371149	0.0907517399392876	0.288598159618164	-1.35860388730461	-1.26468838558616	0.40666374937666	0.490946003584815	"S01"	1.40036237088623	"IS02"
"SIGLEC7"	"SIGLEC7"	1.17173494143098	1.39211789830607	-0.181005417222186	-1.08798450725437	-0.544743045529085	-0.116391888896353	-1.33810946685433	-0.241621071570981	1.21204652199533	0.0398429964392576	"S01"	1.39211789830607	"IS02"
"SLC31A2"	"SLC31A2"	0.901860998553412	1.3775253857274	-0.310680001563002	-1.00299508469136	-0.835298228515511	-0.162377103509251	-1.00784155523473	0.25108215909486	1.11198294272486	-0.286003770256384	"S01"	1.3775253857274	"IS02"
"LAPTM5"	"LAPTM5"	1.14665546298906	1.37739920921471	-0.4333030214844	-1.21468195461978	-0.723899356993734	-0.254748456244592	-1.21889349955168	-0.118187033264923	1.3698886194813	0.286875970561731	"S01"	1.37739920921471	"IS02"
"MS4A4A"	"MS4A4A"	0.817351499641823	1.36183660848289	-0.111891020560086	-1.25389095871377	-0.410075011896798	0.0203765534756798	-1.3172885487734	-0.071475596561668	1.25916921760385	0.274483719072742	"S01"	1.36183660848289	"IS02"
"PARVG"	"PARVG"	1.14462990137598	1.36171766811376	-0.391705925371125	-0.81257223826791	-0.127872492166818	0.0171879938424123	-1.35596825361394	-0.538302323040078	0.680482021231399	0.310540862050683	"S01"	1.36171766811376	"IS02"
"NCF4"	"NCF4"	1.08954659347607	1.35836674192693	-0.711788195741091	-0.960354293643797	-0.260282416440412	0.0938982294422376	-1.26585501316424	-0.327939881266874	0.840178095720457	0.467458452639525	"S01"	1.35836674192693	"IS02"
"LAT2"	"LAT2"	0.891021968679334	1.35786246244312	-0.216099130059156	-0.936249020546217	-0.54455123810864	-0.0433118543507374	-1.38488380409798	-0.247784235883043	1.0197112819606	0.477286437825959	"S01"	1.35786246244312	"IS02"
"SAMHD1"	"SAMHD1"	0.98521201198486	1.35786220177531	-0.127722762002857	-0.918714336827241	-0.570975251569871	0.106079390225982	-1.34964472692061	-0.629665271617296	0.941005423878182	0.581896390284411	"S01"	1.35786220177531	"IS02"
"TMEM236"	"TMEM236"	0.247628329117099	1.35194128192219	-0.405744623636203	-0.759135462825982	0.179436709860357	0.353665849379522	-1.01210169069613	-0.75984725554332	0.603717650739866	0.622293311911613	"S01"	1.35194128192219	"IS02"
"PTPRO"	"PTPRO"	0.39388096410033	1.35131936826633	0.266050628549912	-0.988242012880593	-0.644734298547349	-0.434731588749167	-0.908440967364315	-0.238874190541008	1.08479649817402	0.160551205834919	"S01"	1.35131936826633	"IS02"
"LPXN"	"LPXN"	1.1005162001735	1.34811357763423	-0.587670775848561	-0.936397115641388	-0.389552282630624	0.0633827791125762	-1.29207400221196	-0.398808478842944	0.796500893759892	0.603726778280866	"S01"	1.34811357763423	"IS02"
"LYZ"	"LYZ"	0.987298080746538	1.34369903389476	-0.0920626041452618	-1.08790955048059	-0.378872368359057	-0.615051065473	-1.3122323984384	0.206526249556242	0.637020637256113	0.497843320120982	"S01"	1.34369903389476	"IS02"
"SNX2"	"SNX2"	0.101636102679811	1.34099426085278	-0.0884358212796721	-0.751732868780897	-0.562213508807862	-0.317233393007808	-0.650593812103554	-0.680025161803226	0.739711830384455	0.715564426995781	"S01"	1.34099426085278	"IS02"
"TLR8"	"TLR8"	1.05321316561197	1.33801079330057	-0.117692146128266	-1.15139030656822	-0.536840633240378	-0.473284732625652	-1.23235368664227	-0.0939716909287872	1.0664155087544	0.335676472369555	"S01"	1.33801079330057	"IS02"
"APOC4.APOC2"	"APOC4.APOC2"	0.446318817194183	1.33676127313794	-0.308152460559833	-0.947544312939437	-0.165836659047393	-0.544383261495312	-1.23599037017771	0.42624526838352	0.968274482582717	0.26493857011269	"S01"	1.33676127313794	"IS02"
"MYD88"	"MYD88"	0.729875555154099	1.31210926402334	-0.690473708944427	-0.906708538203287	-0.47380606340219	-0.384889202802119	-0.581252311438793	-0.904738050597471	0.834556914350802	0.768262500003304	"S01"	1.31210926402334	"IS02"
"HLA.DRA"	"HLA.DRA"	0.645485891067959	1.31183146033503	-0.540964521694816	-1.15874642706267	-0.159215979358694	-0.318293378029966	-1.31516432639702	0.276613695993238	1.090748859911	0.631307147210351	"S01"	1.31183146033503	"IS02"
"SIGLEC9"	"SIGLEC9"	1.09851805545552	1.31148352940401	-0.216262209489218	-1.11161421460012	-0.280008153844473	0.319231137658588	-1.41248404959351	-0.351300530095923	1.26034014790356	0.0314423891577935	"S01"	1.31148352940401	"IS02"
"P2RX7"	"P2RX7"	0.93858447094236	1.31133181508675	-0.113320743167299	-0.993548480662686	-0.297816588818801	-0.161318975157187	-1.20599145906818	-0.37110139743576	0.949727281259231	0.226639892265589	"S01"	1.31133181508675	"IS02"
"FCGR3A"	"FCGR3A"	0.933858485948378	1.30774849623103	0.000445107988321544	-1.18423266950851	-0.675382682303581	0.0680105272961904	-1.23947921722897	-0.0553091982547751	1.29351289232898	0.0172509693413105	"S01"	1.30774849623103	"IS02"
"SDCBP"	"SDCBP"	0.287044655080481	1.30600586598207	-0.241571249451585	-0.768799957631303	-0.311760122038279	-0.157870826524254	-0.660438859634516	-0.468175758587404	0.589912785539774	0.355331614138286	"S01"	1.30600586598207	"IS02"
"CD53"	"CD53"	1.29807224830093	1.30291401626168	-0.522982194370478	-1.05136909125513	-0.79267217872699	-0.270257373549675	-1.22114196222481	-0.290027751021693	1.13056142341554	0.530803237955269	"S01"	1.30291401626168	"IS02"
"MCOLN1"	"MCOLN1"	0.667973766221412	1.29658501825449	0.402701566747855	-0.426202970488147	-0.321635359011235	0.0496930653338588	-0.56729806716645	-1.19158764777471	0.0859332440246693	-0.305551506380628	"S01"	1.29658501825449	"IS02"
"PLA2G15"	"PLA2G15"	0.673019927281567	1.29569332276286	0.0634078203230364	-0.565317548931497	-0.304018458705664	0.0142284095720188	-0.930313222226524	-1.13608587284249	0.808933230710119	0.0802315552152152	"S01"	1.29569332276286	"IS02"
"GRN"	"GRN"	0.565614885749238	1.29546378285183	-0.198389757546035	-0.440642040921291	0.224524749547087	0.104164904879545	-0.76084359347053	-0.89591973036432	0.142605510498934	-0.105809165311957	"S01"	1.29546378285183	"IS02"
"PCOLCE2"	"PCOLCE2"	-0.414387884172569	1.29085281874439	0.044539611699435	-0.0323073488011145	-0.771570188302992	0.117531929198705	-0.142741992322432	-0.126064929740196	0.189142270461675	-0.759779421759051	"S01"	1.29085281874439	"IS02"
"SIRPB2"	"SIRPB2"	1.10393518366982	1.29010465772447	-0.222523855291632	-0.942156836712422	-0.254212446645695	-0.0651706549070248	-1.43948292082999	-0.414738958879135	0.918755485274164	0.456849231503511	"S01"	1.29010465772447	"IS02"
"LILRB3"	"LILRB3"	1.20562568990999	1.28744548715279	-0.205314746424155	-0.553982500638805	-0.334325203968529	0.268032743352699	-1.29401540394079	-0.734982023580394	0.639254123227564	-0.0675685989877852	"S01"	1.28744548715279	"IS02"
"CASP5"	"CASP5"	0.87470350757634	1.28454178801422	-0.199179844712664	-0.620959535138278	-0.745579678010548	0.092928193346699	-1.05394062301874	0.00411011405422432	0.845111172024495	-0.444300671478968	"S01"	1.28454178801422	"IS02"
"NCKAP1L"	"NCKAP1L"	1.1125081601745	1.28150757046047	-0.0578016511317174	-1.0461207731728	-0.217131546190105	-0.308013108190365	-1.47563372976225	-0.324339119463258	0.874292202770332	0.592949223656572	"S01"	1.28150757046047	"IS02"
"FCGR2A"	"FCGR2A"	0.716223689393439	1.27903391255328	-0.44441270201929	-1.12588458483228	-0.542355528252047	0.58621246138676	-1.18297058170584	-0.387595515372166	1.19579720966753	0.579995154762768	"S01"	1.27903391255328	"IS02"
"CYBB"	"CYBB"	1.05068511060328	1.27694164621012	-0.385045722396862	-1.14168279374382	-0.452800802252844	-0.286257503370828	-1.29428454180074	-0.3140738368915	1.25589761083457	0.629761779584892	"S01"	1.27694164621012	"IS02"
"SOWAHD"	"SOWAHD"	1.1020025660145	1.25978109849488	0.354924605525814	-0.772765093055421	-0.245683190831009	-0.510765723706946	-1.10064968171086	-0.670447761930633	0.394177904669349	0.148147430490938	"S01"	1.25978109849488	"IS02"
"HCST"	"HCST"	1.10281721097169	1.25404988450852	-0.55394539452441	-1.10335361766664	-0.19884850933079	0.159395293276188	-1.40640723067525	-0.0545568825138679	1.09906491693353	0.306730387047344	"S01"	1.25404988450852	"IS02"
"IGSF6"	"IGSF6"	1.087054234429	1.25156540725894	-0.255280298707861	-1.15195313353286	-0.381359974669009	-0.218283565665087	-1.27007172835335	-0.248597257182296	1.1320160941799	0.431391026019252	"S01"	1.25156540725894	"IS02"
"CTSS"	"CTSS"	0.801606396049989	1.24906284346954	-0.263203497288221	-1.24138694732397	0.0410353287295137	-0.628291641926665	-1.06080070180126	-0.257386651614814	0.889628804127568	0.710092424555886	"S01"	1.24906284346954	"IS02"
"C19orf38"	"C19orf38"	0.845722439112371	1.2461183006318	0.270655135906478	-0.827627198135958	-0.514958308677748	-0.0225143728346002	-1.44838419871893	0.0402917708198668	0.772050994594358	0.10764296216995	"S01"	1.2461183006318	"IS02"
"CD163"	"CD163"	1.01015262763583	1.24374797320683	-0.267049238129859	-1.15993040553657	-0.195308737080782	0.375648846993285	-1.32406389976971	-0.182487015711398	1.12653895077807	0.0814039706768701	"S01"	1.24374797320683	"IS02"
"LIPA"	"LIPA"	0.631896726341538	1.23573708176531	0.181631304606551	-1.12676577509284	-0.358857241063643	-0.522102142583621	-1.05899422579262	-0.00360368267215963	0.913308936859263	0.342699576569637	"S01"	1.23573708176531	"IS02"
"EMP3"	"EMP3"	0.709363216000492	1.23386466559497	-0.716914931074881	-0.574739601132363	-0.387515634347693	0.860346158712728	-1.18749646687692	-0.33356921034606	0.938712125552069	-0.0272722643710135	"S01"	1.23386466559497	"IS02"
"RENBP"	"RENBP"	0.907940052026273	1.20477320990305	0.297232471596627	-0.391554227732437	-0.23233892756696	-0.633532488917304	-0.865664994336433	-0.600459619766062	0.297056438124606	-0.375725593517463	"S01"	1.20477320990305	"IS02"
"DNAJC5B"	"DNAJC5B"	0.709731314097659	1.18312384857934	0.122719682343115	-1.16174099387675	-0.211063004767824	-0.521142369941699	-1.30534681558942	0.233434246295694	0.882455176990573	0.527070179636631	"S01"	1.18312384857934	"IS02"
"FABP3"	"FABP3"	0.649946178091055	1.17189833433668	-0.36191002946258	-0.93679904483801	0.0407033149380846	-0.436838072543196	-0.838140568880657	-0.184642777398062	0.854620541667102	0.109240259278212	"S01"	1.17189833433668	"IS02"
"ITGAM"	"ITGAM"	1.13419286572274	1.16957860150479	-0.559776052734969	-0.814580358886653	-0.103054308350832	0.249923113250932	-1.2591632018495	-0.647467694519362	0.862697124529305	0.396853460599616	"S01"	1.16957860150479	"IS02"
"CFL2"	"CFL2"	0.0892601932600857	1.16124420973757	0.0700748466848151	-0.675803931923728	-0.360856286151246	-0.0994220838792016	-0.284319267440531	-0.068418024672321	0.272209228112311	-0.326484517677166	"S01"	1.16124420973757	"IS02"
"TREML1"	"TREML1"	0.780444054636885	1.16006129113726	-0.404902537790448	-0.618020272229176	0.408466215917776	0.00886971268349694	-1.34065164951782	-0.569186375234538	0.507760219118949	0.514352749847328	"S01"	1.16006129113726	"IS02"
"SLC8A1"	"SLC8A1"	0.673504912121104	1.15385325217353	0.340754978187594	-0.924188417754744	-0.986576181421379	-0.427472944678713	-0.735556958874907	-0.845056282467787	0.905948304085473	0.736839209722546	"S01"	1.15385325217353	"IS02"
"ANXA5"	"ANXA5"	0.152288072485034	1.14235471707793	-0.623735580998841	-1.09883033261717	-0.410524037488371	0.658826811107723	-0.488799923211065	-0.330754841599513	0.861707719099881	0.566017028274162	"S01"	1.14235471707793	"IS02"
"AXL"	"AXL"	0.655985708719687	1.13512688714502	-0.667036217108625	-0.680949817868562	-0.716848178181471	0.814820855521731	-0.937343712817226	-0.476982444386513	0.993884532420923	0.28942719640785	"S01"	1.13512688714502	"IS02"
"HEXB"	"HEXB"	0.0313342665533623	1.13497403836209	-0.394992236040505	-1.00525919012701	0.470801991456315	-0.0720335210608026	-0.529935106298603	-0.505684381447884	0.773930462095949	0.36588381966219	"S01"	1.13497403836209	"IS02"
"VMO1"	"VMO1"	0.187665714242539	1.13318465707604	-0.463711019436054	-0.247733192650589	-0.0398730443394732	-0.00121409379470203	-0.719155334608045	-0.263868402726046	0.476430038691534	-0.165737008379227	"S01"	1.13318465707604	"IS02"
"PTAFR"	"PTAFR"	1.01801898364474	1.12908031278779	-0.279397192597868	-0.615419318177406	-0.48125065482944	0.420018204771481	-1.28391423709718	-0.674190407413257	1.02038926253245	0.16613040747307	"S01"	1.12908031278779	"IS02"
"PKD2L1"	"PKD2L1"	0.615907071328446	1.1234501122429	0.432545359558122	-0.579237951941393	0.0915840651282935	-0.632515387829886	-1.05277923574015	0.092865914176704	0.502877302399785	-0.576414870605222	"S01"	1.1234501122429	"IS02"
"MATK"	"MATK"	1.00435118160326	1.11285836636771	-0.169625637618709	-0.525810996071229	-0.378700141378409	-0.240393286638194	-0.900636578302007	-0.683711629696595	0.859007369724598	-0.21777863055949	"S01"	1.11285836636771	"IS02"
"SLC16A6"	"SLC16A6"	0.412724072512087	1.09644080993195	-0.0225163032759567	-0.333176647070827	0.193944434590152	-0.724333742781433	-0.70022483488596	-0.695061228390085	0.214130831648443	0.210535928198948	"S01"	1.09644080993195	"IS02"
"EMILIN2"	"EMILIN2"	0.642426388561249	1.09447760137103	0.0845535285129195	-0.430722128591581	-0.738924080694731	0.10166059176917	-0.653507575880366	-0.518294059655213	0.731354808960913	-0.478094807777213	"S01"	1.09447760137103	"IS02"
"FKBP15"	"FKBP15"	0.925212153062012	1.09319083923514	0.0690122884892744	-0.704667412509717	-0.475843892831711	0.0941738884826473	-0.683767490595984	-1.09628874924978	0.421561222701111	0.329002283068565	"S01"	1.09319083923514	"IS02"
"TPP1"	"TPP1"	0.625520770491689	1.07857911111292	0.12332629028905	-0.807630790697334	-0.138127680396725	-0.18808263508653	-0.752918257331343	-1.0284511948415	0.451116888569702	0.73209335643751	"S01"	1.07857911111292	"IS02"
"MAPKAPK3"	"MAPKAPK3"	0.618284560294814	1.07618358358203	-0.431870162306551	-1.05967370788942	0.0334270416705188	-0.318219120203497	-0.609276395590909	-0.630729481376814	0.788510924367558	0.617850845141864	"S01"	1.07618358358203	"IS02"
"RHOA"	"RHOA"	0.422459732571056	1.06974593899261	-0.154214462554569	-1.29429716994315	-0.295067655947669	-0.155965830406807	-0.817376868246336	0.0335189618057298	0.919330914498917	0.724807674005658	"S01"	1.06974593899261	"IS02"
"HLA.DMB"	"HLA.DMB"	0.764076564277536	1.04438606620199	-0.189119421110102	-1.20751016795054	-0.00671861028150163	-0.137714962242817	-1.44334539969841	0.384701972590535	0.944665417462053	0.668692132970577	"S01"	1.04438606620199	"IS02"
"MTMR14"	"MTMR14"	0.721252033917383	1.01597983886091	-0.077797522023551	-0.919503076777619	0.378290230748414	-0.41146780708558	-0.650225721232954	-1.20142792005653	0.516526417928147	0.696022648461498	"S01"	1.01597983886091	"IS02"
"PLIN2"	"PLIN2"	-0.00422453782579064	1.01394782542329	-0.0559481929862435	-0.399423356935466	-0.531089190730343	0.178725742425301	-0.52353776425316	0.0470668815191898	0.672780317489587	-0.409474076524544	"S01"	1.01394782542329	"IS02"
"ATP6V0D2"	"ATP6V0D2"	0.813402900663621	0.970618953071283	0.15186991164753	-0.690434522750258	0.131184252127088	-0.428718857407041	-0.956220005638879	-0.682020521993765	0.705321848325414	0.115417941090758	"S01"	0.970618953071283	"IS02"
"CPPED1"	"CPPED1"	0.0709046144989493	0.853788894130565	0.377438241754664	-0.457932919001371	-0.583129765743686	-0.0737828448045874	-0.82663357803396	0.0582049296757021	0.719553831040173	0.0859269118320145	"S01"	0.853788894130565	"IS02"
"CD4"	"CD4"	0.802343909522462	0.841194267866285	0.33025465113324	-0.989189132809113	0.120200120166259	0.278017510027942	-1.61738461316388	0.0819415651737425	0.602336117457643	0.69365697770767	"S01"	0.841194267866285	"IS02"
"HLA.DQA2"	"HLA.DQA2"	0.49592209413778	0.833547672484542	-0.209233338155497	-0.712277955772188	-0.0208775532721559	-0.341135211549201	-1.08920110322277	0.205223143571296	0.68813186618958	0.549620552756423	"S01"	0.833547672484542	"IS02"
"AKAP6"	"AKAP6"	-0.0880755101634794	0.611092265752916	0.355862152828168	-0.396835826947158	-0.202678371697262	-0.125678112717956	-0.0781123192295718	-0.76857272362809	0.192037090172983	0.372705184540994	"S01"	0.611092265752916	"IS02"
"CYTH4"	"CYTH4"	1.54682950087431	0.740747557015517	-0.244963250367554	-0.705512645792813	-0.373215584201876	0.281135871362934	-1.42628002895591	-0.677717700837728	1.07714442068114	0.413240486761403	"S02"	1.54682950087431	"IS01"
"PLA2G7"	"PLA2G7"	1.44691381622289	0.139121929109041	0.332437715947072	-0.954342041968915	0.0197995344729949	-0.0558549284418393	-1.06983010624965	-0.0918933843705374	0.827161289465862	0.252259170621975	"S02"	1.44691381622289	"IS01"
"LILRB1"	"LILRB1"	1.39647163820881	0.972268948616609	-0.010140508391374	-0.708250329607392	-0.356765475598843	0.114940230227915	-1.62054352234388	-0.357946017757154	0.862900529960575	0.321568741910936	"S02"	1.39647163820881	"IS01"
"NR1H3"	"NR1H3"	1.3937740185208	0.636515505737145	0.50097744584144	-0.873684697250944	0.526133050550218	-0.718931112150351	-1.06263110552987	-0.153897385694644	0.163473716380766	-0.097977395597953	"S02"	1.3937740185208	"IS01"
"APOE"	"APOE"	1.37765657808512	0.630055588303424	0.468468546064245	-0.820261253759849	0.160238262707655	-0.541232265236225	-1.07105715402849	-0.239517584790113	0.591223160151117	-0.235459828083985	"S02"	1.37765657808512	"IS01"
"LILRB4"	"LILRB4"	1.37457512113472	0.164789326379854	0.476061714103301	-0.855749589415768	-0.0082557141527934	0.119877775990781	-1.51286537720348	0.218454004593875	1.020029353298	0.184941912180023	"S02"	1.37457512113472	"IS01"
"DOK3"	"DOK3"	1.3720009470683	1.18250629460042	-0.0697649947067106	-0.60252291741485	-0.28603513070044	-0.307425530302284	-1.29963628857752	-1.05308489170918	0.792451301503246	0.312880371730261	"S02"	1.3720009470683	"IS01"
"LILRB2"	"LILRB2"	1.35239459882437	0.964240647313587	-0.0906730408554853	-0.808958392218889	-0.44420297601744	0.490523032709412	-1.45175851368291	-0.233307733254027	0.979805537330917	-0.0532541529052686	"S02"	1.35239459882437	"IS01"
"SLA"	"SLA"	1.34978710514298	1.22251397875265	-0.347308577798606	-1.09738866185157	-0.691723517728849	-0.257741992066885	-1.19487870207843	-0.278488469109343	0.855822367578515	0.621992087122932	"S02"	1.34978710514298	"IS01"
"FGD2"	"FGD2"	1.34388011221924	1.31131121641676	-0.203425071572956	-0.84382794726696	-0.331968091130169	-0.195562728402078	-1.35770035276289	-0.655723103073014	0.607486457688154	0.507595965250617	"S02"	1.34388011221924	"IS01"
"IFFO1"	"IFFO1"	1.34141345224869	1.08207886789932	-0.254130446376196	-0.417735410454968	-0.191567431189342	0.619615056145778	-1.46063175576668	-0.919464745611178	0.523268984879528	0.17772554513939	"S02"	1.34141345224869	"IS01"
"NFAM1"	"NFAM1"	1.34010219002122	1.22406765791477	-0.0537480576012545	-0.830832389481833	-0.037805741709774	-0.194145914270844	-1.39203422087144	-0.756065057467458	0.755000346484372	0.243878057876833	"S02"	1.34010219002122	"IS01"
"HTRA4"	"HTRA4"	1.33950309883215	0.691056609285916	0.548135404352124	-0.600836783517455	0.232581214761096	-0.86571840241239	-1.05108052067609	-0.532485410556512	0.226953435727475	0.0479732035736795	"S02"	1.33950309883215	"IS01"
"PIK3R5"	"PIK3R5"	1.31622565542528	1.20403644413635	-0.105928586739005	-0.747888866368632	-0.134155712046649	0.180456927090416	-1.44077805774644	-0.934166902326274	0.577792678255839	0.525901295896872	"S02"	1.31622565542528	"IS01"
"ITGB2"	"ITGB2"	1.2896299400485	1.15809152760998	-0.368381511721827	-1.10463828702425	-0.237639073158214	-0.312031204742993	-1.14877936393045	-0.619898878406165	1.08651111342681	0.501781680986201	"S02"	1.2896299400485	"IS01"
"CD84"	"CD84"	1.28823933414767	0.677312413002963	0.0621826168999229	-1.04562337321625	-0.132401535183418	0.0828924936367668	-1.47107842727905	-0.293933868253051	0.975120711354938	0.780539963347129	"S02"	1.28823933414767	"IS01"
"LILRB5"	"LILRB5"	1.26713842366897	0.993241424440747	-0.1284947217125	-0.935493835366495	-0.0358421222184951	0.398437760703391	-1.21088892022817	-0.563300789629905	0.741630654297427	0.0972862365138452	"S02"	1.26713842366897	"IS01"
"CMKLR1"	"CMKLR1"	1.26489398137772	1.00914474776337	-0.0472525612377774	-1.10047868122788	-0.628623925676031	-0.389438900059342	-0.976161783380727	-0.533357560594616	1.10122173588004	0.446544721974285	"S02"	1.26489398137772	"IS01"
"KCNAB2"	"KCNAB2"	1.26304768172092	1.26142464867622	0.286273970632534	-0.838893851279824	-0.295656000882302	-0.383236493794015	-1.07679198305778	-0.781301047955729	0.45680386579357	0.0880851412951242	"S02"	1.26304768172092	"IS01"
"FERMT3"	"FERMT3"	1.2540609902523	1.24386501987875	-0.23716399378135	-0.893763685495626	-0.122439446596644	-0.0775519780258713	-1.41092476737058	-0.567748599979837	0.968240906077115	0.228824445455185	"S02"	1.2540609902523	"IS01"
"ITGAX"	"ITGAX"	1.24537057519106	1.1004506599661	-0.0175968496138675	-0.403035764371392	-0.0955966547726439	0.0904040466850964	-1.45880231224299	-0.892746786100198	0.660925759998182	0.0827346085432169	"S02"	1.24537057519106	"IS01"
"SLAMF8"	"SLAMF8"	1.23076784101947	0.519113217541213	0.215148659644883	-1.05999297833554	-0.306563254488859	0.444067823402091	-1.57959900816655	0.237768714291332	1.20064535593765	0.347306997395135	"S02"	1.23076784101947	"IS01"
"ABI3"	"ABI3"	1.23068472057625	1.04721729649195	-0.0112305991463163	-0.901751683058002	-0.190906292570484	0.226816348173404	-1.60994650928442	-0.236148801299094	0.819184738032319	0.406216387786114	"S02"	1.23068472057625	"IS01"
"PLEKHO2"	"PLEKHO2"	1.21861232560816	1.15732737180426	-0.165711134837298	-0.806315120150478	-0.548648077456074	0.0362281940273296	-1.27551466894858	-0.598758727227887	1.03998420757622	0.236748001583369	"S02"	1.21861232560816	"IS01"
"MYO1F"	"MYO1F"	1.1955259273501	1.12804921753947	-0.0056707573105598	-0.697709917558336	-0.0833021190567945	0.120031397435264	-1.417579731267	-1.08674940391604	0.655003340471661	0.65173429789191	"S02"	1.1955259273501	"IS01"
"VAV1"	"VAV1"	1.13594820575443	0.734023866242447	-0.0827815548792704	-0.446038348714489	-0.517497727581807	-0.659350326211553	-1.07427568029129	-0.735728999480594	0.787290939189811	0.806653766113357	"S02"	1.13594820575443	"IS01"
"PDE6G"	"PDE6G"	1.13111351855108	0.77866238191421	0.186527628365464	-0.74283970549017	-0.33493113821204	-0.490987241068895	-1.1325064048912	-0.166937868450779	0.917557700592166	0.0900787345845865	"S02"	1.13111351855108	"IS01"
"CTSZ"	"CTSZ"	1.12026185294005	0.940530184685264	-0.206993966318634	-1.06126011692509	-0.0394044419976262	-0.117093977403438	-0.555287811572647	-0.865462322170847	0.881442998759783	-0.012726316797437	"S02"	1.12026185294005	"IS01"
"SLC29A3"	"SLC29A3"	1.10472839832409	0.866088361490077	0.26336972669738	-0.830981806902612	-0.170494539069985	-0.663729233405523	-0.81908782923803	-1.03331194218689	0.869229894121111	0.385665030695747	"S02"	1.10472839832409	"IS01"
"RAB42"	"RAB42"	1.08018614441295	0.136636829125005	0.606113092761018	-0.742047685054723	-0.265963982237951	-0.00697906708659938	-0.977361032799379	-0.0795657885970916	1.0297514117605	-0.0326062011260174	"S02"	1.08018614441295	"IS01"
"IL27"	"IL27"	1.0764261743741	1.00713776165095	0.498615705841774	-0.680069121851529	-0.597089807364244	0.517016726759822	-1.13396319313708	-0.173842431764097	0.503424378725755	-0.551672409917096	"S02"	1.0764261743741	"IS01"
"CCL18"	"CCL18"	1.06368495459736	1.04399884193535	-0.076524006917628	-0.755080272237026	0.0174219891160525	-0.0953955104604318	-1.18259513613861	-0.307609552893109	0.783912680325623	-0.160677006177572	"S02"	1.06368495459736	"IS01"
"HAMP"	"HAMP"	1.03794469056016	-0.486462203749642	0.582723791934707	-0.377986144144161	0.338328419356336	-0.147018780754745	-1.26530753641471	0.465529989632803	1.02745807017925	-0.0204785976848136	"S02"	1.03794469056016	"IS01"
"GNAI2"	"GNAI2"	1.03666493304556	0.942172776548781	-0.274424818504277	-0.968081254578112	-0.322169421480943	0.44092361194213	-1.04088475505383	-0.831093136997649	0.918085669999469	0.682075732990394	"S02"	1.03666493304556	"IS01"
"HSD11B1"	"HSD11B1"	1.01153221429199	0.86159995161047	-0.205750496135838	-0.840812524886557	-0.683553396074571	-0.278060890494432	-1.2278449328482	0.380824149556325	0.945340679106749	0.39934190458799	"S02"	1.01153221429199	"IS01"
"RGS19"	"RGS19"	1.00638010465829	0.716077342706144	-0.136363254631727	-0.579072273595479	-0.536553800675308	0.337030684952157	-0.711293671673816	-0.745349733597817	0.783487084049608	0.0741604310738507	"S02"	1.00638010465829	"IS01"
"GRB2"	"GRB2"	0.96533262998632	0.640865027988651	0.630107915917392	-0.0133344136046315	-0.883819961970703	-0.500628767611138	-0.962186281897596	-0.831451016083514	0.445111067166537	0.280457633176705	"S02"	0.96533262998632	"IS01"
"CAPG"	"CAPG"	0.9100397942537	0.730221757273158	-0.642742323597681	-0.700917446206865	0.0121549899107919	0.47331242250626	-0.824801066688998	-0.0798360373393791	0.875933093184353	-0.27399497365315	"S02"	0.9100397942537	"IS01"
"CD300A"	"CD300A"	0.876052819320295	0.474697512049401	-0.0919430611095446	-0.777203284154051	-0.713807673825104	0.349738055419096	-1.0924928014833	0.0729476855042282	1.69517856424455	-0.0397541641946547	"S03"	1.69517856424455	"IS09"
"GPR34"	"GPR34"	0.475099722738152	0.751594303303593	-0.166012728015133	-1.10526822174467	-0.578936632617908	0.0553841390706915	-1.23892148771477	0.389034445607983	1.56235538793825	0.727855575743087	"S03"	1.56235538793825	"IS09"
"HAVCR2"	"HAVCR2"	1.12249994188408	1.1304198442534	-0.228219421244693	-1.17949702882674	-0.717099520380494	-0.101443392042262	-1.23569729301031	0.0492576096353696	1.54104266647484	0.054757074357258	"S03"	1.54104266647484	"IS09"
"RNASE6"	"RNASE6"	0.895958839703004	0.548530203112354	-0.118705993976377	-1.25211282142478	-0.341705317649505	0.000851884935368711	-1.34035645813	0.295707876029228	1.51528980583405	0.851109494673242	"S03"	1.51528980583405	"IS09"
"FPR3"	"FPR3"	1.19460292397089	0.70222492151214	-0.00784647039088287	-1.11548653073869	-0.459026542093246	0.28396662602322	-1.27127344203937	-0.280517458210754	1.5104184377064	0.307774258069228	"S03"	1.5104184377064	"IS09"
"AIF1"	"AIF1"	0.801302468094836	1.381807206705	-0.862176666394477	-0.783091834317521	-0.675875876114259	-0.3907296758079	-0.871100240266936	-0.331782780518205	1.49282576435529	-0.0183190645780497	"S03"	1.49282576435529	"IS09"
"C3AR1"	"C3AR1"	1.14279945493364	1.07265675474344	-0.300916120873845	-1.15091284510345	-0.504208143119107	0.168772042312018	-1.23985035532726	-0.286195695267605	1.48461532244464	0.200328342366425	"S03"	1.48461532244464	"IS09"
"MS4A6A"	"MS4A6A"	1.01022676438013	0.504882371943807	-0.482482244932394	-0.83141705370157	-0.873847346642396	-0.254113345635615	-0.714744179223816	0.157770453689004	1.47718537232046	0.186671664020103	"S03"	1.47718537232046	"IS09"
"EVI2A"	"EVI2A"	0.81021326993063	0.861921999213459	-0.635988478452848	-1.01399526236459	-0.711376753181802	-0.196170307760593	-1.23626566573391	0.523619404879099	1.42605735355344	0.699839160377938	"S03"	1.42605735355344	"IS09"
"CSF1R"	"CSF1R"	1.22640275458187	0.828584686152743	-0.351193168055766	-0.995708651518108	-0.420983594156479	0.179055501140925	-1.16924583130407	-0.695739328305437	1.42372151491829	0.563133989725742	"S03"	1.42372151491829	"IS09"
"CACNA2D4"	"CACNA2D4"	0.948135246987622	0.47717929853564	-0.477859630636275	-0.664078746672331	-0.302458692266248	0.382844515613084	-0.825647545589716	-0.487565106632948	1.42249722040885	0.0578631547988046	"S03"	1.42249722040885	"IS09"
"GLIPR1"	"GLIPR1"	0.644822415519207	0.441700141433352	-0.578785007388929	-0.645088531377703	-1.02609445682719	0.783516958409048	-0.821874644291028	0.0926898604693892	1.38617014007621	0.40132736596045	"S03"	1.38617014007621	"IS09"
"CCR1"	"CCR1"	0.963259904491677	1.22174576275582	-0.227468289633843	-1.07239561549131	-0.453877205714545	0.0694016971122337	-1.26249880259703	-0.424247879127394	1.37494973589347	0.294941002114134	"S03"	1.37494973589347	"IS09"
"ADORA3"	"ADORA3"	0.809271225632189	0.293072962398904	0.0157575465475122	-1.11586004442573	-0.360450917008994	0.537366418170569	-1.06908400133667	0.0866479989822406	1.36626463174385	0.618603849720224	"S03"	1.36626463174385	"IS09"
"GNG10"	"GNG10"	-0.182648264857754	0.221567613350242	0.304511988160194	-0.673279606090956	-0.863165490138696	-0.553369831597561	-0.138173309887362	0.56203950355123	1.36211179540295	0.0264566637575617	"S03"	1.36211179540295	"IS09"
"ATG7"	"ATG7"	0.706165000865604	0.620082220733453	-0.39690722879801	-0.879970035009781	-0.447496471008879	-0.2062180621464	-0.732466249402814	-0.23451755264703	1.35559497177993	0.522462543839875	"S03"	1.35559497177993	"IS09"
"FOLR2"	"FOLR2"	0.743226132181195	0.854626041085063	-0.243661009326131	-1.10490702157577	-0.281093704472044	0.316978841750474	-1.13598023493143	-0.062465515230824	1.34336024449099	0.381155490944074	"S03"	1.34336024449099	"IS09"
"TREM2"	"TREM2"	0.74320838949375	1.04691598708909	-0.418909487163425	-1.1438103424658	0.105531218131614	-0.0556490850269914	-1.13351826377179	0.0985693221322314	1.3287934824085	0.0365205813665695	"S03"	1.3287934824085	"IS09"
"TNFSF13B"	"TNFSF13B"	0.97599614499536	0.423613516711443	0.0976678613565248	-1.20769492101499	-0.572526219017304	0.216304299300656	-1.18341047958856	0.481149632189423	1.3142408101373	0.494073072953709	"S03"	1.3142408101373	"IS09"
"LY96"	"LY96"	0.405712294850344	0.0874815172786459	-0.326752676689412	-0.922037311444741	-0.0366738325151964	0.117459119674048	-0.744162975521002	0.599570528701836	1.28398666401433	0.459143067076109	"S03"	1.28398666401433	"IS09"
"CLEC4A"	"CLEC4A"	0.803261459140067	1.01138606765254	-0.55603245145888	-0.921420981704729	-0.770336680535649	0.38722682664153	-1.09711485405587	0.05532560083218	1.28306258742915	0.325668985457911	"S03"	1.28306258742915	"IS09"
"PIK3AP1"	"PIK3AP1"	1.07792796141376	1.05490424879322	-0.131302487175273	-1.03877889947183	-0.891391586291756	-0.451658080692109	-0.845788439774518	-0.563549973887537	1.26436614159778	0.500264282460714	"S03"	1.26436614159778	"IS09"
"C1QC"	"C1QC"	1.10368892160436	1.17892309937755	0.126349750078938	-1.24215352313633	-0.42158611202011	0.30242068825368	-1.42656900280594	-0.0104934460611031	1.26164282110912	-0.0712100323807614	"S03"	1.26164282110912	"IS09"
"CLEC5A"	"CLEC5A"	0.643833280541319	0.380941288616345	-0.632603428928895	-0.735059514046708	-0.347326180638311	0.631011192106803	-0.803610916620845	-0.205506460494407	1.25831142824822	0.58811562804496	"S03"	1.25831142824822	"IS09"
"PLAUR"	"PLAUR"	0.64216616433965	0.287279574883975	-0.728114221649213	-0.52466636503812	-0.0237480468881156	0.922317162109764	-0.622586087765585	-0.424248395745792	1.2068835906296	0.00880802431880369	"S03"	1.2068835906296	"IS09"
"NLRP3"	"NLRP3"	0.894077100178231	1.16173961290299	-0.53344086899015	-0.966129820218643	-0.152820967645465	0.136018719819627	-1.2706172385863	-0.444466610953798	1.17919031102907	0.532960818521432	"S03"	1.17919031102907	"IS09"
"TMIGD3"	"TMIGD3"	0.818543467716189	-0.029327403013353	0.0903591674727606	-0.942922942600927	-0.266124636513216	0.618190607175291	-0.867412454252994	0.515520225522455	1.17595062109338	0.0679494612293298	"S03"	1.17595062109338	"IS09"
"TFEC"	"TFEC"	1.12332296513681	0.906926608144601	0.0425065695194073	-1.23646795135492	-0.549363025666479	-0.376755951990543	-1.2880966620229	0.443807653748415	1.13181976827446	0.364132065973882	"S03"	1.13181976827446	"IS09"
"CD86"	"CD86"	0.839652121275359	0.809420979065122	-0.51494252260574	-0.695603751543728	-1.08181452117194	0.109714207445295	-0.591460914298103	-0.21066853014798	1.12200386674505	0.208081323237751	"S03"	1.12200386674505	"IS09"
"SIGLEC14"	"SIGLEC14"	1.04442143679337	0.943886661871748	0.02131031235293	-0.966812094970479	-0.245834155107611	0.0520441550100554	-1.38545471715256	-0.174864910599809	1.12189567392931	0.278991581504288	"S03"	1.12189567392931	"IS09"
"TMEM86A"	"TMEM86A"	0.844044106869683	0.721785464382075	0.38761345470927	-1.05999228869153	-0.365365255620082	-0.439074856675648	-0.666550218442085	-0.731982057758349	1.11095217654861	0.414458897923042	"S03"	1.11095217654861	"IS09"
"AC018755.18"	"AC018755.18"	0.831669919808647	0.982637182233648	-0.184009439235046	-0.64923422336771	-0.651483221563715	-0.39522877944225	-0.850856620900669	-0.665890433723036	1.10411794543647	0.394643349787104	"S03"	1.10411794543647	"IS09"
"PDCD1LG2"	"PDCD1LG2"	0.989930714766014	0.752109475266278	-0.0773294423201972	-0.888791311592777	-0.971972653040431	0.475970380982645	-1.03954551107052	0.372346615074352	1.0959069626835	-0.107627205339316	"S03"	1.0959069626835	"IS09"
"MDFIC"	"MDFIC"	0.335286180159642	0.648523893279424	-0.288370906835001	-0.77099302136905	-0.54042297105403	0.335378931790484	-0.48156623912006	-0.436031975112592	1.08103886746642	0.472692249323072	"S03"	1.08103886746642	"IS09"
"PPT1"	"PPT1"	-0.0110155591085016	0.26497717597815	0.66127156582408	-0.475612413070805	-0.636501173035438	-0.287393715886866	-0.465583340720042	0.358263203981355	1.01964600248019	-0.156826780764363	"S03"	1.01964600248019	"IS09"
"MARCH1"	"MARCH1"	0.880305542434729	0.699433771568428	0.0751059989609363	-1.02784169827106	-0.686003070463422	0.01506213062989	-1.00151049181731	-0.102094940082339	1.00754651994509	0.708901705944629	"S03"	1.00754651994509	"IS09"
"NTAN1"	"NTAN1"	0.323364014514461	0.487534231787798	-0.128830418883085	-0.146845270013973	-0.617905690596724	0.822454243644889	-0.745305823958143	-0.260699366037417	0.963270368563017	-0.211978654830393	"S03"	0.963270368563017	"IS09"
"TWF2"	"TWF2"	0.829180273384911	0.708727071645319	-0.356183234753953	-0.82913436530933	-0.16499466441493	0.17382858044266	-0.69283425028505	-0.708380526348556	0.898953729835051	0.499600955644922	"S03"	0.898953729835051	"IS09"
"CRTAP"	"CRTAP"	-0.00822622917976231	0.524996670548527	-0.318878510844414	-0.753087957830606	-0.662831007441826	-0.0439686078662391	0.0798631757144831	0.13262647036177	0.854222044172149	0.130877908159713	"S03"	0.854222044172149	"IS09"
