NAME	CD10	CD31	CD45	EPCAM
ABCB1	1.2036329970633384	22.632483567541037	7.331949879196986	1.4151439085711033
ABCD4	11.204523148982798	69.64137639397478	14.347003967312096	11.868100080737406
ABCG1	2.638134075437715	55.6243544627498	14.914436098153349	17.483961968010952
ABCG2	3.399425091182275	13.92093936947915	1.1081321738064536	1.936915395642524
ABHD11	3.220020342848385	4.701702907944221	4.107581516376315	16.63914003829565
ABI3	1.5631278038314715	30.46043624102705	19.809972383984597	1.0
ABLIM3	11.415645911757814	38.569330855009895	3.00826301145302	3.3254290658365
AC004540.5	1.528054591059843	9.257365427751541	1.157727559625011	2.457287842875367
AC017101.10	2.2453086349965696	10.093514257583607	1.6804656763769446	3.056476231269985
AC073410.1	1.2104320007814149	12.650804441892696	1.3339428532205655	1.64315915267998
ACAP1	2.2496555719866747	1.614215124956019	25.398390767700697	2.0031806462183663
ACE	2.4812283834741313	137.56972763215742	8.101345646745639	3.1612206209333356
ACKR1	1.29932393957327	1098.42047566063	1.1720773559942985	1.082292212473488
ACTA2	899.2418239619417	17.25173678064605	7.496766248571616	12.208682403203001
ACVRL1	20.37206507003675	202.9288955898915	2.334429767562505	1.0366684041733207
ACY1	7.049626623410046	10.345192534485369	3.84097458148841	33.153939620518344
ADAM12	140.54953653476645	3.20822461950554	3.8256333629226855	15.000561123954071
ADAM15	8.24443177010982	91.5331991662103	6.65650019970194	32.80691089116203
ADAM8	1.0089024566769007	1.0	14.473697652048052	1.860381116294644
ADAMTS1	79.9963942102132	329.06334034488555	2.46159123455952	49.10897314334477
ADAMTS12	103.03507772086326	2.6228682525628946	1.030405821533275	1.0
ADAMTS5	4.639773715018689	10.822800377112772	1.0	1.0166862423015977
ADAMTS6	3.17549305447173	12.735920091111563	1.2657709743484866	1.761288543606319
ADAP2	1.052841539365462	2.8588434986004247	17.774848612775948	4.68023849776144
ADCY4	2.907629032732685	149.75897239017445	3.10660429076371	2.151338680027445
ADGRF5	3.2712078887221407	227.96449532992844	1.3353906736965855	23.55781815939818
ADGRL2	27.54261754035661	299.61547948492785	1.2459730475241813	5.205841470252825
ADGRL4	1.521287474214986	168.021165335298	1.0	1.0
ADPRH	6.667711804926839	29.07531745201665	7.67350539810171	3.4493552775793903
AEBP1	644.9685835794446	34.6562866230266	1.8559373964956412	2.331782597153275
AFAP1L1	2.174016418121465	77.68357934585063	1.0	1.9849722159903276
AHCY	23.7976906306317	15.288263174306948	5.1286500905906305	79.97440744013986
AIF1	1.264580859535548	1.535575396455	214.932906110346	1.780459989378095
AIF1L	2.72478770994556	39.76472436226034	1.0598941566187756	8.94385782110453
AKAP1	7.140779922758755	19.945399940233756	8.14746746506662	45.246035783598586
AKAP2	64.34293632432873	367.0495956234484	19.00477680505265	24.362861615674944
ALCAM	3.8662401057481546	10.519263589923556	25.71649099508985	128.345886212468
ALKBH2	6.8232850653509844	8.09927794387397	2.1249378623933968	19.226861552187692
ALOX5	1.138951472535854	2.6838646622946603	39.27384086374805	2.2599871028823397
ALOX5AP	1.3357169557855995	11.506969133667829	287.4350407827554	1.1781714915341701
AMICA1	1.165322067714247	1.3495020262064117	51.217367429857944	1.0
ANGEL1	10.199201846537145	68.13283660459695	12.645706980447901	17.277394901243312
ANGPT2	2.788558088684485	240.524566645581	1.3940369723380641	2.173745955250135
ANGPTL2	317.63844509557714	111.89071586009435	1.2518516792509096	1.9086138597821396
ANO2	1.0	42.74658474823444	1.0265657134978508	1.2006929953743335
ANTXR1	649.4310677957097	21.541852389356848	2.97848384799823	55.066100136637615
AOAH	1.0	1.9251491791003716	35.490595870553506	1.3863571811632913
AP000223.42	1.2225216234747665	10.152682884999837	2.0242574267837004	1.9719530466279265
AP001442.2	2.2840683987988646	13.218007940645553	1.357921434670942	2.7197167404217404
AP1M2	1.1074235890774369	1.0	1.0	23.38458986929255
APLNR	2.2276475848732895	168.58721076172702	1.0272502391611174	1.3154647773049586
APOA1BP	21.089894527308044	25.586978325111296	21.117314270495797	107.4407413965875
APOBR	1.0	1.0	15.0480024873075	1.0522846438430968
APOL3	17.34484518749735	129.19237708442702	22.9048314154368	17.951227107847195
APOLD1	4.733915149774865	103.31968869788676	1.8027160662349022	4.303644200822824
APP	423.7318269121412	1485.9476861221992	36.94556669257845	511.3035962792797
AQP1	8.3757176277614	1310.2981209056243	2.2357230506613	22.926666102819503
ARAP3	3.06856096185293	75.40884330255963	2.6158900672462	5.02063447425354
ARGLU1	9.611677168228102	90.63921859251477	17.314284932972352	13.565763983098698
ARHGAP15	2.9196728455967706	1.247470984836259	27.5854848992312	1.163584340897869
ARHGAP18	7.374363400796255	67.14153465091056	20.548355085352846	12.62614763859755
ARHGAP23	8.610520411812166	60.93150975808409	1.725702618859569	10.584168356934864
ARHGAP29	4.642518324491345	146.1909369061055	1.228225957479111	4.43649397587787
ARHGAP30	1.5293200102158941	1.721481786496734	32.139619917508554	2.472686388772682
ARHGAP31	8.65713678618545	79.91912586259588	5.91829575644792	2.68983327570463
ARHGAP4	1.0	7.173542736184775	13.011131797609753	1.2197469320468626
ARHGAP6	4.297706561442291	15.789423367923048	1.7745492997863854	1.1671023022407074
ARHGAP9	1.0163735596172234	1.680731741593478	116.39974210057903	1.901427787765675
ARHGEF10	26.416770979661194	68.91902980069918	1.893283448673507	10.214522602856494
ARHGEF15	1.0383397920778787	112.67504753386147	1.0172339307070222	1.0175674403987918
ARHGEF3	15.102860245079262	125.3781464127765	26.84957390169385	32.27202061504644
ARHGEF35	2.828137059447091	2.515066473462545	1.8298504982742205	30.18372571952975
ARL15	7.016866563799505	89.56680639505781	6.1999967075139	8.77156746877885
ARRB1	6.607558173609615	100.35592486338807	9.390090463484915	18.773064826012387
ARRB2	3.948084927133015	3.41874844297638	43.76017072615019	9.48625927216954
ARRDC3	221.61217622399138	567.3819544466224	50.48900443495016	83.18914585186748
ASRGL1	1.0	39.777766397674455	2.0143875785202408	9.238245088094313
ATOH8	1.8403295667578798	8.33796595444732	1.1022893609588023	2.4489384943234302
ATP11C	23.307431745081395	56.633498684154695	6.867744139328925	21.875496635776496
AURKA	1.7665188953836548	2.354909353220135	4.576338704159694	30.693097904394396
B3GNT9	29.821741202793497	4.23308206195128	2.2922091763457946	8.325436671583642
BAALC	1.9467814599221325	17.04074116888765	1.6552860698484522	5.51017421219774
BCL6B	3.3212867455550503	143.131112488717	1.1648878312170525	1.049152149087402
BEND7	3.87639840974798	22.874994906892795	1.0127403026515673	3.556883212572735
BGN	4492.0117885617055	266.6196075159721	2.0957215110887377	1.5429055952322195
BICC1	95.92972856706014	1.0278205640334166	1.026050749454851	1.2595833276606019
BIN2	1.019992587069356	1.9898346912014606	35.415061328099746	1.0
BIRC5	2.5224687162102652	3.4366655491927003	3.543570618494425	27.323784870547048
BMP6	1.809162759047644	44.56665387820286	3.743378619125054	5.95136085527027
BMPR2	47.52796117496821	262.86933657308043	7.383621083671996	29.057086479843903
BNC2	85.9680798294701	18.964421769033702	2.503249202665625	1.551643649291599
BNIP3	17.13162279494655	12.532339295883698	6.6750012816757405	45.2678783088853
BRCC3	7.137620049756428	17.151175671974755	5.48124652595179	37.521430480637186
BTBD3	22.291611544378	77.79186850590237	3.3059782841294	26.74825719366151
C10orf10	213.97523174851958	436.67643058150384	3.14886754152684	14.146764879819735
C10orf11	3.369303517842475	18.234344808503856	4.496953111558636	7.048194349943328
C10orf128	1.8125959217985446	68.44598382049078	14.007099981832402	1.075484256871524
C11orf80	2.2026065912122115	3.2567544130996553	6.1167711798976905	12.966529280786798
C14orf1	17.172080975110298	21.762914217262697	8.273206859275	56.839150033713494
C19orf33	1.1341391545423105	2.659515961564163	2.31815539515146	66.04935507895198
C1QB	1.7643136433999693	1.208940555038574	110.25322929958553	1.3209571156349895
C1QC	1.5376881882785716	6.34868110049437	154.24119911191798	1.249911448108811
C1QTNF5	63.923148572832346	127.11700464975398	1.83403855439907	1.9894595484217779
C1orf115	8.294378131662409	31.172606853312406	1.4199498979251755	6.422455293176775
C1orf162	1.3970154285427858	6.35483503917758	62.622274730067105	1.4226001155730876
C1orf54	32.82038948589249	41.77648419472506	2.693348459863623	2.23903264253663
C22orf34	1.0	7.932028219508048	4.52018296653663	1.0330877429527259
C2CD4B	1.0693930874461959	15.830830259376544	1.0	1.150012217172386
C3AR1	2.1117543478935805	1.6328088974427601	33.3855057599516	1.5092278208560281
C3orf52	1.5528771921073892	6.156185059175115	1.53927523196256	17.499611655927392
C5AR1	1.5034282074382914	2.673386669430228	112.68048105383899	4.3513596217567105
C7	83.1533521772626	141.20193088975498	1.016752122458067	5.71530268616953
CALCRL	6.651285694360389	651.4629609674578	2.513988386973625	4.32455267624813
CAMSAP3	1.0	1.0	1.0243359151220692	5.196835415810949
CAPN1	26.062379912273038	29.309581701759495	24.84196178383254	125.36566982249704
CARD16	6.20997758566604	51.9394444888996	17.0036976262463	8.749394238365044
CARD6	8.90267484420011	31.4713748164351	3.1198163003384547	6.8953428950410345
CARD8	13.333848833669219	102.72287900008078	48.189422891112144	8.574449121967914
CASP10	2.645916520716415	75.78964748083692	15.781737363400257	12.789913283358803
CAV1	51.26200158587949	636.2170423549062	5.3943910366811405	96.58289316569231
CAV2	17.1424408822595	93.22846271482351	2.224730453405744	30.0863661210146
CBLC	1.0	1.0482323238156626	1.0	7.587791903941145
CBS	2.792820828814035	1.259188026735135	1.886852093350043	9.868360181864182
CCDC121	3.5358714864539964	6.242393811466378	2.920633314324685	15.74995284380445
CCDC50	34.99190456794716	93.97693253739925	10.335575259441312	21.483387078568747
CCDC51	2.0623996974150858	4.014252341090939	1.3615490503937915	14.807650037974849
CCDC64	1.0775623975266	1.1428048657849394	16.80519099426585	3.6481543690742244
CCDC69	10.148682045991997	92.15439650841222	36.15165281446885	5.796608726273085
CCDC80	452.96957863325304	36.45864081468556	1.2531379611354956	4.954196927542105
CCDC82	12.944729972679884	27.238977651644248	3.75829056123376	7.613049779489625
CCL14	1.130514756941026	841.9491485016732	1.0	1.0
CCL18	1.6746262072982787	2.6248370161543697	80.90185884751655	1.9137489079169197
CCL21	6.494299884830231	2830.055898573945	1.083701692418811	1.426030716310632
CCL5	10.175150119044483	3.231797638232375	235.12568792423195	1.468836884620361
CCNB1	2.8871204317919847	4.365411412635069	3.7841259571213897	39.04356742012645
CCNL2	20.3651769353732	91.63684395313359	22.706223123373597	24.002635222514897
CCT3	42.04842069248424	73.17529342359146	16.122881415477398	177.74192244998397
CCT5	84.81101797727436	183.28535387977138	41.97118151760304	424.7347092719085
CD163	1.0	1.254784796388162	36.79122992414274	1.1136965658258635
CD200	21.303781755119594	105.37316770365518	1.4220783373575494	1.0
CD207	1.0	1.316765151041908	8.99715411969747	1.083913079423591
CD22	2.303921708689502	2.7136107873982125	14.59384562810975	1.3351147333387465
CD248	127.54957189697947	3.221108978260435	1.0549395485968844	1.1232550059975634
CD300LF	1.0	1.146006837190921	10.5194145173913	1.0
CD33	1.0	1.4784590572847556	6.8519783513584605	1.0
CD34	8.45019528355757	577.2536019408175	2.276621120758675	1.0590393887342668
CD36	2.3797336458691527	126.50681214324345	10.17733222641185	23.845748051006154
CD37	2.0366074147884143	5.86371595900426	66.9885538823412	1.8907124058469522
CD4	52.51754985198376	3.316751901361865	59.882675988307035	1.2440036203492415
CD40	10.8797520634531	28.70072907027855	7.828979022449684	1.687796740026437
CD5	1.0872759145701216	1.1354445600607659	34.110625866896804	1.1181738294955827
CD53	1.193646845889205	4.802648336436169	161.07247642230996	1.2159588466093065
CD59	145.63591989557355	694.2369788671349	23.90990370051845	169.5991974388765
CD68	45.88641807638405	13.327959011370849	204.84832394339486	35.56174709142426
CD84	1.0339807771521965	1.6698736058488566	22.692924319660506	1.0276576883436956
CD93	1.1807060904915356	717.6593528315723	19.52166799338135	1.178936972894167
CD99P1	6.0266317519128645	20.962219036243248	3.26731153521074	3.4577365778339346
CDA	1.0568908438786164	27.953228276278352	6.3010940065973795	11.967821692055079
CDCA5	1.263507980689709	1.770867854888209	4.851474754951354	17.850886696838256
CDCA7L	5.19019593096234	3.161907980925135	4.41093112835389	37.3984898213876
CDH1	5.339362699412596	4.353220058224788	4.92225802131741	203.78569794865905
CDH11	573.1447195065275	37.25864629181471	1.5626289965672995	64.86585327625174
CDH26	1.099110952287605	4.969817163876985	1.1074603576353148	9.188590013926445
CDH5	1.3383923626832939	487.1422791874123	1.1309814400010705	1.206427326061909
CDK1	1.2558466574163873	2.558298964865216	1.7612499008051175	8.836066710505225
CDK17	18.256098735124148	102.15374906860426	18.640430058375053	19.49525115489665
CDKL1	2.3241618174952943	17.234128440422246	3.3288675219017856	7.214704862628976
CDKN3	2.4419346958402146	13.407432538956085	3.547480622573935	25.5471149227399
CDR1	39.27536092625835	1.2996892161324713	1.168998561387743	1.0
CDR1-AS	328.6255586094388	2.6140366594380797	1.9308295958576955	2.420756404656445
CENPF	2.1399949646971024	3.114817121049215	4.54302838958662	30.01102665447395
CEP68	8.529582465302516	47.871380024916604	12.999265074122814	14.530617751530503
CH17-140K24.7	3.2315253082902498	11.001732059199249	1.0	3.6514357156983097
CHN1	189.88184053287802	66.26807255515733	6.382749301045015	3.043973418329749
CHSY1	105.17573256858643	116.57794139129498	17.026549207567648	20.2622647466082
CKS1B	21.8814678400081	17.3782247927374	13.6699290233304	146.2308658283134
CLDN11	7.749025636908968	16.550635187478605	1.0626109248758395	1.0
CLDN4	3.4871975433362605	1.4518872085434453	2.6269202618604304	189.38187098903694
CLEC14A	1.294306269523778	179.47502905161448	1.0433815784384404	1.034590547879006
CLEC1A	1.0	66.03574462128216	1.3326985554577049	1.0
CLEC7A	1.0618713767690684	1.8463933487723385	21.412799493683494	3.1262564839904186
CLIC2	7.44720399914171	46.995879885329	4.0148297063897695	4.377082678609085
CLIP3	40.90234827313503	7.865264735796755	1.4255364415535139	3.6164519995680027
CMAHP	18.989565476100246	90.51333233586577	10.35491953913225	36.14824230293095
CMBL	8.502116662830943	6.403102060555115	1.1897582751227325	29.54869546001575
CNKSR1	1.0	2.2172189939100013	4.451512813538891	10.628557361405422
CNKSR3	3.372987168406875	76.93005903685602	1.5997405090495684	18.889173535944405
CNRIP1	38.347269652856355	57.054324074102055	1.7808483183591601	1.0
CNTNAP3	1.0	19.383593476310956	1.4508454055154796	6.034487607953456
CNTNAP3B	1.0707447239366485	37.78375347165105	1.2431312526859846	3.256445744664599
CNTNAP3P2	1.0	8.970949468547415	1.0	1.8947218089784483
COL12A1	658.5171407694064	22.459708177465846	1.2099459784730404	5.677685624698431
COL14A1	64.44036790962537	1.6261543152865863	1.282198418205657	2.075485593531776
COL16A1	43.696443002223795	1.80369432450588	1.6915032454929175	2.0598908550895247
COL1A1	9325.731023419688	17.823420981643146	4.236688202509431	19.18312860804864
COL1A2	6232.251979099658	26.006884896766653	4.259845081406315	7.46767360278772
COL23A1	2.0240785522908977	7.127977053141935	1.4642542821577749	1.0438138684448615
COL3A1	6966.5404988515165	25.915200844671556	2.193814828449438	1.691937677701965
COL4A1	165.0181353776275	635.6340499172496	1.5437035484870145	7.957088504160878
COL4A2	115.99432531990607	350.1631798228129	2.612858587059825	6.783633664575939
COL5A1	529.8518939577765	6.2518897059199094	1.3007508086611095	1.2889598413086065
COL5A2	305.55298046536245	7.901539520330411	1.1119932620926871	1.7223068105624222
COL6A1	2063.19199236997	33.661457368365504	4.799279396856704	11.181659747876155
COL6A2	464.21863837406903	36.53980783443995	2.3940115434715	1.6484048655734296
COL6A3	1437.2747322589148	19.15762952236035	6.7721570061665854	8.09094094336
COL8A1	299.352962025609	5.9372729503978	1.1845821618446428	4.55095865011605
COLEC12	54.74435810337694	11.841465381374675	3.4729147054959797	4.169954195194185
CPT1C	10.096742978880567	14.899005824855749	1.0	1.7318961611581496
CRIM1	41.30341905446576	172.397581935159	5.660099928527414	45.793542594669404
CRIP2	25.353964283208107	172.73737284051046	1.745970610039665	8.099022504255892
CRISPLD2	427.1874252829332	4.524178244851425	3.2158135102266	3.864728789826345
CRYBG3	9.214588892002691	26.144751968128094	3.2188561222576	11.898579899729757
CSF1R	1.5710092247514253	1.76868730040782	129.06337324948652	1.417916775484734
CSF2RA	1.0	1.19578108873461	24.399837200943203	2.48109439612054
CSF2RB	1.623530215631205	35.28143830843949	24.822050745878542	1.0
CSF3	13.375085457256999	64.60862108550505	1.1862623565162556	9.032778490413174
CSF3R	1.403044854981803	1.1039592265816256	39.05351055863734	13.421994878835918
CTA-384D8.34	1.171194270811513	1.0	22.6768612228854	12.163653741817194
CTD-2396E7.11	1.0	1.0	1.791464107957431	10.06920960069673
CTD-2647L4.4	5.567443528366535	26.380767383589905	3.618774890185285	7.069394979695732
CTLA4	1.0	1.0367786766754574	37.9693886138985	1.52053673866319
CTTNBP2NL	42.947330764660194	135.01218781832853	12.448788784413697	30.122810605821897
CXADR	1.526856509372426	3.56588836443559	1.5683222202602356	64.15917405551205
CXCR4	2.8929382000867494	92.91902205515682	479.15107069566096	7.893038439434539
CXorf36	1.0	109.43739551330302	1.0	1.0
CYB5D2	9.744641880620236	30.477221659478246	2.70311254657141	10.349720673674629
CYBB	1.25371655202686	1.689373815892642	86.66472907181728	1.3720881342501134
CYFIP2	9.144318903495405	3.3343506248656154	62.21016393607914	23.666345415159
CYGB	39.73773192988708	7.961652771428636	1.0	3.027791018719393
CYP51A1P3	1.1150962416522594	4.876453295978449	1.0	1.4393089169442246
CYSLTR1	2.0366147138722215	17.9870683635614	7.419164363192454	3.3423412808588955
CYTH4	1.0	1.687390816178918	16.970283799054556	1.904939251644978
CYTIP	1.0738044055157085	3.92377460493125	84.14928990362361	1.3995705079552014
CYTL1	1.2471475367395335	25.528717721852505	1.23816702892771	1.0
CYYR1	1.2545033084772554	105.6747925191265	1.0229970141762081	1.1137933245037408
DACH1	1.9429024647154896	28.312304274587703	1.0775938820201754	1.549907180192705
DCHS1	10.123208243491511	47.09105702924654	1.354554340992046	1.0355214614834727
DCN	2871.4411059225613	11.524204382901853	2.057047565355515	3.9122986170824503
DDR1	5.242182240691966	3.66731638757123	2.5075577892137098	63.49411512049845
DDR2	128.0577455989285	9.798222485927708	1.302740329831343	1.4393103529532294
DEPDC1B	1.8411403926254248	1.459481563541527	2.6312058664894202	8.002886574340815
DGKH	10.368649729028574	33.801881937231	5.6637078169784045	17.687162011120527
DHCR24	6.528616795558036	10.106963441166322	4.624496029367385	132.51163149916653
DKK3	250.784503090691	51.89117555238611	4.792069180782059	5.588700706449634
DLC1	34.66281774227576	132.71742266031302	2.656811917747005	21.545820607803538
DLGAP5	1.0	2.2177125872783012	2.3295184019286155	22.749578164054654
DLL1	5.923433877378985	17.4134029427744	1.3807109444732835	3.407004516612672
DLL4	1.1292864962283036	168.38760805803304	1.083354330104303	4.33375386566654
DMKN	9.400635017193682	3.9235581699680093	1.4391463201107704	39.945554479763054
DMTN	1.5065293854502986	25.8485174430906	2.5900498750380505	17.24120933180895
DNAJC18	7.772680538884581	17.19370461778665	2.615189410207925	3.5117896981571857
DNAJC9	4.6527287249364	6.7243773945072896	4.7737544687563656	23.651330850925046
DNASE1L1	4.73428706419351	19.747699173298404	4.860851689788185	7.646435929013144
DNASE1L3	1.085933982159006	35.87143916436444	1.377893264814721	1.3214474782286394
DNM3	3.62778737637775	25.057780960944605	1.4018316421304662	5.389785928903466
DOC2B	1.2683441554716686	18.166288131493207	1.1004177152993235	4.496396921058861
DOCK10	10.836545629908736	6.85363238814093	54.500223588350096	1.358890697254318
DOCK2	2.74929465363539	2.8904697455482102	53.311842684620686	1.0660801224500833
DOCK4	22.863218201373854	92.07072537475797	10.908743171781897	7.051752204578335
DOCK4-AS1	5.155267554670326	8.585465986701582	1.808790033901539	1.687275838341455
DOCK6	17.165461826465148	71.4116953444023	1.7706022038826696	11.340778827009125
DOCK8	1.3554821102568213	9.368506327623669	75.04348575598215	4.344383848186455
DOCK9	11.175897009899774	384.38767550226413	8.91682559569005	70.36901187151057
DOK2	1.0	1.0	13.970034887260248	1.0
DOK3	1.7268455536712062	7.60574874146927	29.328863619321595	1.419874800472917
DSG2	15.989772135718248	3.5595855434184953	2.696534025638055	154.06050385078507
DSP	11.89841169310048	26.54805445204631	5.569385088263921	362.9446292005308
DUSP6	32.847265173067505	369.61134448606145	30.105713799385057	209.39304391882905
DYSF	1.5081039975328465	127.20697556216066	9.537856746362019	3.4508768245451296
EBF1	19.510153570998853	38.427590655935205	1.7230698539880545	1.360511553743089
ECE2	3.834483236997885	3.6643960545765992	1.7282541291046472	11.182009577258452
ECM1	115.36633577313248	5.120515936684175	1.8532649308400084	14.3246187676644
ECSCR	1.0	256.10979977248894	1.3737586260266135	1.0
ECT2	9.641703022383126	15.2640351645814	3.10475534475468	60.244709346264706
EDN1	1.718183681176401	190.9717961462844	2.0449990835483085	41.12962780906591
EDNRB	23.58590579796875	77.95115723516463	1.533858175396011	2.83393258099847
EFNB2	11.938945922458256	151.6565278583565	2.0407630260786522	7.587401600021115
EFS	11.289320531492379	1.0	1.0	5.913712682773185
EHD4	8.635766782994995	113.32989362050353	7.67513141996433	18.86141478870645
EHF	1.2941829499471238	2.3825498754073378	1.4546282110998003	72.4968091362907
ELF3	10.484614218436887	1.752800203795346	4.574464386567005	478.2239903052788
ELK3	66.90714415287408	249.22384813195845	17.801053959592448	31.421651272242848
EMCN	1.4927907661631679	169.304576011456	1.266576108862324	1.0
EMID1	3.08380269120584	7.3832906253908455	1.2672409698971177	1.790621038469206
EMP1	135.51768082090598	471.5216642921397	13.38633775380605	68.68590808516092
ENC1	41.54239842183581	6.047027455192495	5.963295963515235	7.17803522429336
ENG	80.82783182136644	1021.1796127107555	27.6797802448858	10.553819886793725
ENPP2	42.60460484923416	634.1265658587665	5.957164517597079	2.7748722067568936
EOGT	27.674192260862398	88.08075200936412	6.833192994617225	13.079151592531
EPAS1	231.75493796225453	1575.3500547638832	17.848231158041955	162.56310469733148
EPB41L3	12.855177740695407	27.041010702387794	46.739503054466745	2.6199004693407297
EPB41L4A	3.279997337942815	67.72649035335749	5.025942935270355	5.547387762597115
EPHA4	2.388585174999185	35.039459779348796	5.5299077829723595	15.830790238614203
EPHB4	9.922400662403803	74.6235228330755	4.184540207516225	29.174890538119598
EPS8L1	2.724945610398505	2.705703176205686	2.1284346834311423	11.23082504547252
EPS8L2	2.4365973743571714	2.4142155030292898	4.596634384315714	12.936224846785349
EPT1	10.960950563810629	9.719138904367853	5.2985676066264205	44.04058673320925
ERBB2	17.622876753810196	8.010982989414234	2.28011333677413	36.75992891911871
ERBB3	1.1808522142658173	2.3540873425354696	1.7857243977837345	62.931275448420905
ERG	9.4608758987025	576.1637382520837	1.6048753077986835	3.4462238846332043
ERI2	3.1361375441064148	5.136652116707431	2.0065180144870056	14.66035276323585
ESAM	1.1018163224008024	476.9274254227935	1.200630878228056	4.33222492282429
ESRP1	1.0673920171813873	2.440647590301105	2.35239253475026	146.57883751783646
ESRP2	1.0528825300037719	1.3956961730047015	2.438857491853875	32.450177483815466
ETS1	82.92883579787676	407.01073650756155	98.93790842043178	5.495980998501681
ETS2	65.06313728621389	575.1575456646607	57.91543096972492	129.6523362987605
EVA1C	12.535767032382449	72.85343140042717	2.5433474918389924	26.62913863634231
EXOC3L2	1.0	26.297215313571648	1.0	1.0
EXOC6	2.37270035371877	53.7432671333717	3.66318185128882	12.180751672721149
F13A1	8.392507883074455	1.3102201350081963	14.456659167575605	1.0
F2RL2	17.94200770143425	1.6843223789396211	2.8170058237743225	4.544165551963965
F2RL3	1.0	32.13176738105901	1.0	1.0
F8	2.5522302940941	95.56902445301799	2.946753792916015	4.772818178419715
FAM101B	10.822979079737673	52.4169445806759	3.591552525664669	1.927326206453487
FAM114A2	5.568437690208334	22.732248951677004	3.90582407054216	5.816620752530746
FAM124A	5.7093894138003005	15.848212272211551	1.9175058457361294	1.8267812681083662
FAM13C	7.510627817221653	17.4546857342465	1.0337980539923146	1.2962558883165856
FAM171A1	7.296389983256055	48.70436127041341	1.5444116128950756	3.670314358797216
FAM171B	7.618217433103725	18.5814453851163	1.3643461583668564	3.718885837890445
FAM43A	9.895306718918956	62.31679442324358	3.754380235397103	7.082775605092766
FAM65B	1.437412679019771	2.80706531709923	22.085439344397894	2.3203300994142704
FAM69B	1.0	17.646313091729148	1.1282626771001965	9.879332821046415
FAR2	1.4016214384058934	27.560385368567204	4.935009024339145	2.04636670401463
FAT4	20.819352826868545	43.965172907816694	1.066379601427125	2.268475502067007
FBLN1	877.2707873851296	5.443659517877714	1.2946359171013135	22.072120996601807
FBLN2	125.84940889962306	19.2908589172417	1.0513324729406834	1.4170861403384756
FBN1	321.79648585298787	74.99714106303853	1.3797570525107015	1.8078744379741765
FBXL7	22.014256556359893	61.06760087436952	1.0	1.3664674878020024
FCER1G	4.618213635119119	3.0071081014385017	395.382747910818	1.524066846096757
FCGR2C	1.0928171558536262	4.538670305043899	31.65152045336019	1.1744280355027015
FCGR3A	1.3991626155599177	1.9289527422778923	75.58999318938854	1.2669692230146645
FCN3	1.0	464.01127387041004	1.0986422022816456	1.0
FEN1	5.902996418006046	5.228918102003924	5.37100095123318	23.4125137727776
FEZ2	9.478374681605354	38.2212031124707	5.102205701340461	14.47892855023375
FGD2	1.0906963980398898	1.0711341727018135	19.1712148592917	1.1340962786452875
FGD3	1.1420464468111349	1.620395121715946	12.2158697242924	1.7518377719175193
FGD5	19.592823966809448	165.2495685527644	3.39893498329069	1.2768664075262008
FGR	1.104909058418629	13.601178966576864	45.39812878207985	1.1172286268420695
FKBP1A	185.01900662159244	1594.3224956700603	87.61856437207777	201.3654558533145
FLI1	14.716667814831267	180.92899048898695	19.021508459758603	1.0717625966560487
FLNB	23.13978900753945	168.61475036612353	7.295473590208198	84.44335181169497
FLNC	9.46387835051901	13.482586455934301	1.0523350046811681	1.242637987466556
FLT1	1.433220642800772	474.3797844469631	5.4742901384514795	2.87581663506503
FLT4	1.0229225921786191	75.52480579910369	1.191039726171709	1.1010434951017642
FLVCR1	2.8668816259768928	6.0925060202831505	4.43589949867966	17.435344873805303
FMNL1	10.43148916014947	5.664213537590955	64.98297429753555	4.863611702520851
FN1	4055.8426552757683	595.2329539173606	110.25377304238563	20.160152897254854
FNDC1	102.03813253941243	1.0943669134976086	1.0217685655881121	1.0441442575874686
FOLR2	1.0	1.0	10.703538311745676	1.0
FOXC1	4.43498026740153	14.2019009168364	1.1109459337141165	1.8852628148451722
FPR1	1.0141932242079366	1.0	25.988972040041702	1.0
FPR3	1.3043922792321305	1.266441686750348	28.1624130037944	1.0
FSTL1	434.1370914085044	130.98155648380197	1.545646947786945	5.52971248900881
FTLP14	1.0	1.0	1.0	6.307600202793424
FUT1	1.0298796907264443	20.513492204197497	1.0	5.039074766804065
FUT2	1.137566408836856	1.222004143050233	1.123472875106071	10.363850990994095
FYB	1.130467882755885	1.6363612127003955	81.27312655808059	1.7089379280461585
FZD4	5.122614711487264	84.5469101915331	1.1319636962766673	2.5630815498829276
GAB3	1.2846188064434112	6.86230162734171	8.824688150548926	1.1579017755018335
GALNT18	1.6834579651850143	57.80957833476705	1.0	12.329241023636282
GAS7	76.97630926522265	9.835788823438909	8.948369201902645	1.6441240662773362
GCNT2	1.686833939507895	14.072927624663501	3.149833895865235	29.870034778610254
GDF15	5.889365269797749	3.787332205180535	1.1990679857947746	35.11475277562444
GFOD1	3.9307037411379047	28.025627438700845	3.76541303854045	3.17435083869933
GFOD2	4.04004693753868	40.77649073777799	2.790202435826675	7.227415224708335
GIMAP4	1.0	319.32770968803743	60.147560389893485	1.0463313414876212
GIMAP5	1.0359487541790646	153.91694004466652	32.921180337298	1.0
GIMAP6	1.063469577324141	69.39368844664995	5.742290688944764	1.0
GIMAP7	1.0	143.73451834345644	16.695412554457953	1.0
GIMAP8	1.0132885211010283	105.951724610275	2.96123178244048	1.143484291322323
GIPC2	1.0161092108818508	8.842034432421759	1.0255643558803633	1.0
GIPC3	2.341192131952335	18.097472698003298	1.0453730807645032	1.0167689944342695
GJA4	1.7162432493608175	44.236566530821996	1.0	1.0
GJC1	5.78311366824302	12.24458716474317	1.0736261476742401	2.394811512854445
GNA14	2.90518626393989	67.64673308604975	1.3087671946850146	8.271417309831122
GNAI2	117.64640886381599	442.41053645803936	141.39420925834898	92.42294246615609
GNG11	7.33981858223428	72.65782430479413	1.0	2.2528590727040996
GPIHBP1	1.0	23.074566362920955	1.0	1.0259498173896804
GPM6A	1.0413148060552482	27.209903635077552	1.0	2.8680399520097914
GPR132	1.0	1.0577891091807186	14.312648904870592	1.3049694703818422
GPR183	1.71856366345211	2.7514136179904547	108.23471637671807	2.1262554154975075
GPR4	1.0089872064698493	56.72896037717848	1.0322658181691415	1.0194283262907418
GPRC5B	9.04133941182483	90.26781837604325	1.2283636596861516	9.22639909721591
GPRIN3	1.118521261020562	7.710832310103295	30.31928822370031	5.6782348084651195
GRAP2	1.0348804113448649	1.1279422723888786	10.571617096346941	1.798314749017222
GRASP	15.420651311060716	86.24450792891115	6.757895313489	1.216453103832319
GRB10	6.79061296829043	144.4567653958395	1.8334352220410324	15.147395323082451
GRB7	1.774431626922723	1.1312475393782986	1.253674541856834	19.195087763162995
GRHL2	3.4402928839884215	1.7473644697027033	2.24891914189964	53.8441075136026
GRK5	6.89472501993888	42.25386922000234	3.7521330750504247	6.459439904895914
GRPEL2	6.67497380952005	31.471501139562697	3.4486293265749848	15.022706186495597
GUCY1A3	83.83417305627745	12.85714270879612	2.47416183931223	8.526815148069966
GXYLT2	94.93179718216555	1.4812710335659216	1.073276639066	5.572145266377335
HAVCR2	1.0	1.3140388083612127	24.333860267159796	1.0250064211927192
HCK	3.7729525701024995	1.182898639798647	22.8126136091196	1.627137824933354
HCLS1	2.1435912740572416	16.38119889463685	96.42364861700506	10.1969555147299
HDAC7	18.501409944134398	59.559114570237284	11.138720222111216	9.434512191823117
HDGF	64.91644389396554	58.79219135405559	27.155597293070052	188.1871200174305
HECW2	3.50146720153279	91.65887470688301	1.8107105053812533	3.8000180700865447
HERC2P2	11.187629778308374	129.97109215393297	16.683747111839153	15.506542575422632
HERC2P9	12.802255374816601	68.91129650591887	10.887887577358718	14.547052711021898
HES1	21.812108508273045	111.6006177033203	3.6976330337430356	46.013103281903255
HHEX	1.0386119722265317	33.460946275574244	2.77563647247482	3.112601656257165
HIST1H2BD	5.834788274728325	12.0919876367687	15.507508876293809	41.0977779328616
HK2	22.958283958401644	6.64681305601596	20.498223100295093	69.59236401201754
HLX	10.1911919784953	21.366999459091545	3.475354678928725	1.0
HMGN2P15	1.0	5.70132962818484	1.0	1.0
HMHA1	1.1471420772495164	2.75058788832993	15.11404421914505	1.9524953364378435
HMMR	1.765701273995008	2.094704291325075	3.3879467053465304	11.78610499980735
HN1	14.460781958941952	17.15368499360595	19.89718532659395	112.92981805016308
HRH1	10.949999207069142	29.840005758999155	1.352896884667127	6.988651584885624
HSD11B1	64.52912241816371	1.617899991297321	2.2415767806757128	1.0
HSPA12B	2.0607490038563956	24.234014278119545	1.0	1.0
HSPD1	146.2047732106631	160.49983568809995	120.77679912249363	683.6248442208497
HSPG2	83.50878244576879	553.0484007363164	3.3385711400751603	29.572552772225816
HTRA3	184.11749978153847	2.922351818268135	1.0	1.6770303261300357
HYAL1	1.4890338959628107	27.212823240090202	1.0	5.547229926626745
HYAL2	12.402951924551854	501.92704444210716	3.1854646738890096	31.699738132666198
ICA1	1.3184152785616057	44.80488245846885	2.9965458019853646	24.28243356322489
ICAM2	3.3103464403880745	182.40314510760697	19.200029024137052	5.963971402049415
ICAM3	1.7953088559412032	8.06977862423488	27.996775306561958	4.987253376617289
ID3	59.630719051518795	97.41508483121572	5.994233063747049	10.447767877772709
IFI30	56.07469922100084	33.16465016105184	663.8076882774219	80.95581369627102
IGFBP7	620.8087310496035	1776.0095330694248	2.8798126557050727	42.74253084274665
IGHM	1.200077876022204	109.11929549661176	1230.5081129947737	1.1484695670914156
IL10RA	1.8985054749071708	2.4363563326185234	82.29904813533985	3.332020210281705
IL18BP	32.88987460770635	122.66848802611096	35.29588605123895	13.010462456682008
IL1B	3.7257667703653112	3.2074127040236844	228.64185816465852	27.574060072788203
IL2RG	1.0	19.486769787745352	147.02615251536153	2.0617386514951317
IL33	10.79450673044698	142.170851468744	1.1674608405982752	10.350863948497764
IL3RA	1.1349820860195607	94.6006865436546	10.55911589136685	1.0
ILF2	97.91857219649718	153.16507047020247	39.121733854351895	310.2298577585787
INADL	6.08930048220787	5.81625268008984	11.97577174553974	66.56449115889416
INHBB	1.475043588227717	59.95983527821614	1.0	2.540302238475848
INSR	10.546397133632313	173.379999065336	5.025118247475241	22.793315496441103
IPO11	11.552040146466833	44.57175792100124	5.657219256166066	20.803483073627703
IQCA1	2.668656913885375	9.965954470597525	1.0308382221794543	3.5368260313064606
IQCJ-SCHIP1	7.43050390084794	34.336079063066094	1.0	7.175455539408965
ISLR	392.846630274685	1.9782443506656575	1.0	1.3115020218226352
ITGA11	103.8590569525589	2.3380367744334523	1.0185719785735454	1.0187528477548442
ITGA5	91.66316713970159	323.9795079060839	21.47761046819875	19.581079706920516
ITGA9	7.135071665387464	49.850981248938155	3.49172488684267	11.292951920324843
ITGAL	1.0	1.4356768376439675	85.20912521941052	1.1234643925009107
ITGAM	1.3437774309856279	2.750376877250237	41.2338470644152	2.027380160233765
ITGAX	1.0909433656683416	1.315766573901786	77.13426212568922	1.0
ITGB2	4.193445936818559	1.4489788799582635	84.82071913425645	3.86504442936055
ITGB7	1.1479249174824124	1.858435596470651	30.237608339432995	2.228069749867095
ITM2A	2.525672239256065	199.10093905552446	26.2693314406798	1.3027884246199601
ITPRIP	71.258040966257	168.01711176466802	17.823643429285852	8.934744858845267
JAG2	1.4561769541731755	40.169996633829456	2.0602725238658635	21.534537630013002
JAM2	25.54554304024365	189.9416898904615	1.583591555072939	1.1934640541631882
JAM3	38.45247591850064	58.096121857876604	2.7522743512258696	2.250704487524168
JPH1	1.4191551170995609	1.0651468184000796	1.0224636726047143	5.5945052898451095
KALRN	15.92446597757035	54.39048859426935	1.2050745800148335	3.0389104123595905
KANK2	88.49678940454757	21.8922392293223	1.993508828273443	10.007025058792584
KCNAB2	1.775436496310629	5.166187885971816	23.441299935741398	2.3268704327746663
KCNJ2	5.567491312773297	62.40945873821211	3.443409739444165	23.422431672708758
KCNJ2-AS1	1.0	8.256486247409736	1.0	3.19287823396595
KCNN2	1.170136781087578	12.333359961173752	1.0	1.4184653985086926
KCNN3	1.735608153912065	26.015930254654958	11.180338333947885	1.8034251043578444
KCNS3	8.099298423244424	3.0204801312058303	1.0	22.913699098120695
KDF1	1.0	1.0	1.129583325189186	7.615147379580245
KDR	1.1907026950618025	234.3413310622961	1.0330970362572733	10.339168563411478
KIAA0226L	4.7951039778997595	1.2030776742982736	8.203315177532785	1.0
KIAA0355	19.0238914743168	101.7948917950424	5.560717700810208	11.687051689091032
KIAA1211L	1.0	14.1747102068421	1.110822043893076	5.005025951712465
KIAA1462	25.25658062781344	89.59321889640137	1.5107788834538345	2.0898579363188903
KIAA1958	4.300679788053735	2.864470176602825	2.8085197371327197	13.078835037203806
KIF18A	1.1215440362614015	1.310314623859576	2.1593278040645068	9.32240254090544
KIF21B	1.812289817132412	3.4703925924609003	10.075301923963874	1.836582649972808
KIF26B	62.00501999436841	2.3404002407589752	1.0883602642524903	8.747461944440984
KIF4A	1.9356264641619934	2.193284250933689	2.0260992525600714	19.20715629517505
KIRREL	100.61463035343277	10.509076693285769	1.3705808703827789	15.930153656519451
KLHL12	4.033015219844884	8.158015213626475	5.647892783155591	27.442100288271195
KLHL3	4.17223605759206	36.1147316082106	2.659879208244005	2.8368283411134647
KLHL4	1.749708084375651	8.157477811856905	1.0	1.0392002722583937
KNSTRN	2.64830694516659	4.065571322270481	2.917254920411212	16.4614297964077
KRT8	9.409099086358362	15.141577861191402	3.3657102520133595	241.168448519393
KRTCAP3	1.05424345250379	1.1508095950043966	1.0	38.374879431414236
LAIR1	1.502244399483124	1.245836550362905	28.571896958930544	1.1016397474991668
LAMA2	69.88734882247573	2.166117339798005	1.473892787643504	1.7034000112730745
LAMA5	3.498129649868315	79.23653442423308	3.718383239533749	25.805298704038904
LAMB3	2.7316812265262342	3.0695216370035903	4.06576261860185	113.46392524382347
LAPTM5	2.0004381700254834	101.73488315774233	427.7770229625164	3.001558327811903
LAYN	11.903659681528037	38.83618469903204	7.694930272359084	1.55944481854968
LCP1	2.8146509895310627	3.34741103440708	349.3088828917464	5.758915024011115
LCP2	22.38826200767925	114.97064344374877	220.38050487822045	1.206603080041274
LDB2	21.475260330507396	492.9365170400861	3.095551659440305	1.1722851762019544
LEPR	10.763053250891973	73.42673032128735	2.2229396304831806	7.099257172065396
LHFP	108.18570511240739	151.07782106211596	2.052160809819589	2.4794269699569638
LILRB1	1.0	2.102970560859375	15.650079043707901	1.0
LILRB2	1.028240108037355	1.0957416414616898	32.23140074422139	1.0
LILRB3	1.0402427266518162	1.3225491268387284	27.711452741715455	1.342835270111645
LILRB4	1.0	1.507166513944244	33.947672399686056	1.0147969517001256
LIMS2	9.929800421233155	150.12634261173298	1.328126157270992	1.8254710104169833
LINC00511	10.928449337217845	1.8371479559210087	1.984141350505333	39.86758484778366
LINC00839	1.868453911405031	7.038956985356685	1.0	1.0
LMO2	1.5851546096818736	219.84274656507154	6.799590154568955	7.979301250009508
LMOD1	15.49685474653705	1.8205000763339385	1.28607319543168	1.507863058568741
LPAR1	107.75830454116002	3.0950822436873677	2.9700466735791897	33.05160386477854
LRCH1	17.97126958436565	47.29569161896755	7.195878766219375	9.745383818271545
LRP1	236.21781262756798	5.1422495984246295	18.926946349060998	30.35095570996654
LRRC32	66.78407838832996	337.1622272419115	2.391378996856635	1.2936696134746035
LRRC49	5.851050066842714	10.75671681492151	1.178255470216535	2.8507064438214798
LRRC70	1.3306652711325029	18.2267148933019	1.6053767442351186	1.5177666245912476
LRRC8C	4.854058031143865	50.88229802160465	17.503389592469055	8.114641863642303
LSP1	1.7006583854123902	2.3346190391567596	96.03478120133616	1.0461546712769199
LSR	5.059892812392976	10.600842088621508	3.8626288918476397	41.55171133712376
LST1	1.1539735242096634	2.322705441990498	60.17993635864812	1.0
LTB	1.0	2.49657708810693	22.60996319850829	1.894450540148681
LTBP2	228.17541140589645	10.30983484039495	1.9186182949762862	3.75718054002199
LUM	3581.1260364875857	14.420663206161073	2.0529703246314805	2.905600938587097
LUZP1	31.59195225065894	118.80500631647047	14.35430356480305	34.78584265984526
LYVE1	1.6265193804697655	181.60177924666303	1.3275978661548726	1.1909775131409706
LYZ	1.8452856337911951	4.2387783318063	579.8178591166779	24.329500808985593
MAFB	92.31243059121108	10.693574528594098	20.26203101514445	9.053658080692145
MAGI1	5.0001545845894295	98.98846931827413	2.1089067257550083	16.7975034006487
MAL2	2.607069910520285	4.788297009999876	4.31079403946036	305.0165657474021
MANSC1	3.0832405377064998	53.5948030011863	1.7832668852779943	26.515428646112206
MAP3K3	12.274567110532601	33.109889699276195	8.607091427589957	6.680239671416045
MAP3K6	10.993227914272497	43.45817856526136	2.375958089164885	7.092768352737449
MAP4K1	1.0	2.0168233726022766	29.01612391251615	1.276452504970051
MAPK11	2.18955960621412	13.803346404061049	1.914459990812591	1.9653558195119805
MAPK13	6.487748424818469	2.53308315593719	7.4972835602788654	32.67868382334994
MAPK3	26.1881383494484	141.72831632940208	21.509132997769804	36.04145130894676
MARCH1	1.4031131190056685	1.8780769152362073	16.0956420031266	2.4449649872471504
MARVELD2	1.356722776971609	22.448475086747603	1.8297097665527244	41.50060169829639
MAST4	18.8774143097673	107.35736386990708	14.849023158832804	56.616244241966335
MCAM	4.713007951803199	194.49442315082706	2.73597049462958	4.34281054882905
MCF2L	1.0	78.6213862389202	2.020412214631346	10.029489834907025
MCTP1	1.309037731325862	166.4279433979785	9.909293841812747	7.332656909082111
MECOM	12.644313014921101	87.49557774235771	1.5992859029210245	44.612062964824005
MEF2A	30.69578643108465	105.55266511560146	20.11347043073675	34.850620323983044
MEF2C	9.96061535810706	191.2026740167995	30.5276078726764	5.294656290394936
MELK	2.06206585221312	1.928095259684031	2.2257886467827968	20.083869481368204
MFAP3	34.81361765809225	268.24686315597705	11.505830529238864	28.205733556045157
MFAP4	1298.1433396114644	13.1056550773985	1.38691511838032	1.441770039967694
MFNG	1.0	41.8627820292476	9.886207671391325	1.88436175807596
MGAT4A	1.4007952233003111	44.2325771951849	15.3630690390088	7.436370418847231
MGP	419.5078148849178	1123.0923654589437	1.773266933033831	6.035741899853
MIAT	1.2210486082314511	2.5243532479822495	8.054183052082784	1.4630315690997595
MICALCL	1.9220435997314744	1.339561212280823	1.849475452097646	9.58506662157911
MIS18A	4.995461107056794	3.9162537289482304	3.14199258448812	15.610648196990152
MKL2	26.971524926319393	353.1530632533976	9.569050458701529	65.97561475201039
MLKL	8.765201314354243	56.45384935901544	18.17927707031675	8.74664283746931
MMP1	809.2114684832934	10.147944025546227	2.930035825884718	12.28511006727443
MMP14	384.4126947056601	60.293148039230246	14.272583861051253	38.036118155250605
MMP2	1748.6240386630998	163.12929675383754	3.6696184581998743	3.75874949915424
MMRN1	1.0052507085552995	137.90013566521952	1.3022266830689015	1.0224779349181272
MMRN2	1.15250088583833	88.2520482349954	1.5259475722938585	1.314908002961231
MPDZ	30.189186341206003	63.142676290128705	1.866568728936259	16.48283021679665
MPEG1	1.3864909837932964	1.346078993339976	53.69615872600501	1.232567607994835
MRPL24	15.618556797456195	22.1990867450757	8.296921014126575	46.32220728369235
MRPL3	66.63501194549431	43.33800883766226	13.321779557089947	168.978380569918
MS4A6A	1.75903579866093	1.7323362672946965	49.77380924245226	1.0
MSR1	1.1846059581414106	1.7229530491162244	76.79417983982765	1.902839809035513
MTMR9LP	2.230194382631575	24.152909063577056	1.3743268208017096	1.500476517402941
MUC5B	1.0208564020435538	1.041980365438752	1.350165020852783	50.08870194422305
MXRA5	489.7419203586094	6.064446054136099	1.1350743379647927	17.76748522342356
MXRA8	249.85125890004804	1.6040746197536575	1.1101262336569224	2.4247267880526873
MYCT1	1.1444783630087487	161.71236052669752	1.0	1.081791972416926
MYL9	178.1484609784595	37.58497248318025	2.50384913576187	11.769382056215361
MYLK	256.5479331473163	38.04780525483474	1.7942455419276926	10.578693892892135
MYO15B	7.680675502775937	57.304935551026404	12.117729936341728	3.587893598473695
MYO1F	2.0741219376515674	3.5528992445730605	41.27455581020375	2.1110716132413745
MYO1G	1.009802396753201	1.5492955484424948	16.98370830986325	2.2723650977187835
MYO7A	1.0	1.611355747381725	13.257009275098898	2.0015747209867434
NAALADL1	9.429826543155908	20.838401123725255	5.147989080547875	1.1291185319712265
NAV2	8.680736450394676	10.383991793204656	2.69195444172931	42.76958625878861
NCAM2	17.303397404384903	1.4635624528832736	1.0	2.3688602668906005
NCAPG	1.0205410157508792	2.0564004814799013	2.187582266269744	9.36687060473466
NCF4	1.0	1.7077914133284926	40.676017019075836	1.1688019581070859
NCKAP1L	1.0578358645058739	3.15892073306044	73.4949742005395	1.066040829758815
NDUFS6	19.138517486618145	18.761266829390348	10.481900558773333	53.61281692060696
NEDD4L	4.831260473224754	34.813081679790656	6.441446606633294	107.83220653631
NEDD9	13.388751024773459	236.55191354352598	42.46828335280584	35.65664001439
NEK2	1.4056597878148196	1.0389873082024437	2.40356949637402	28.574679443936645
NEK3	12.57071174118047	40.705819649091154	4.071642469514895	12.652239554343268
NELL2	1.217375989638712	1.3108705259726985	20.93131640327445	4.396944797907005
NES	9.785754694875962	42.86656752557015	1.0960633003672653	2.8014107768465406
NFAM1	1.597934102996264	1.0525335427978328	9.825832733172987	1.078806678273112
NFKBID	1.3900447035178225	8.703714687517285	20.6461935085398	2.767583504169755
NID2	87.36705693351061	33.41043375083816	2.4701812619059753	2.087790241777839
NIPSNAP1	10.700630862846587	10.09074150752522	4.428407564527349	41.8469657561466
NLN	4.80759119288167	11.195401009896056	3.039383274221985	31.512605233141393
NLRP3	1.0736130149858787	1.0301738716875488	19.607193984356392	1.0203521058700447
NOS3	1.0	55.6611656999046	1.1851744429087665	4.292519786030089
NOSTRIN	1.0358237398469603	114.21172822319545	1.215193089171136	4.498678853267229
NOTCH4	1.5732596962592895	102.65330092036334	1.1767942389668262	1.878881171232822
NPDC1	3.066079402240395	75.37237160270794	2.033594380774724	6.287800118564865
NPR3	2.9287459746310898	70.20697672244204	1.099615579364506	3.3701059240947595
NPTN-IT1	3.358254155165865	10.315838308707065	1.994998341368492	2.811789429293325
NR5A2	1.0	81.32770329312424	1.4334412390348632	1.292515304741175
NRN1	1.2052397311671736	89.95822804368106	3.79935202144611	9.529461090130285
NRP1	71.53381546907332	237.63184613704647	11.960253577596802	29.866500499411238
NTM	111.27870385458147	4.994497397739325	2.670307096703555	2.269667334487366
OLFML1	112.14470750511097	5.9719675119661595	1.3649953479361279	1.588602391726643
OLFML2A	4.5631737941343555	30.866407860998358	1.304245428608541	3.9579760986964603
OLFML2B	77.62466746981345	1.6233934604290325	6.502236805345089	1.367693417256461
OLFML3	196.13204620586959	2.6544060565185803	2.7497939676827348	20.127830484814098
OLR1	1.4960204514496982	2.3940063322960103	125.5635191860476	1.4715976472662633
P2RY2	1.0390027581391803	3.5603914847292657	1.8776316894529899	13.49412356478095
PALD1	1.0610310731433625	16.125273555165997	3.10199957487574	1.7975439901588075
PALMD	7.957153402345269	193.5457234103849	1.102228885309294	7.049238002538085
PARVB	6.4324840347229495	35.36648005627241	7.628866880728095	4.40105238522382
PARVG	1.0	1.8837677894765112	21.916398032313246	1.0116892353854834
PCAT19	1.0	71.94368994496989	1.111630159526182	1.1461626923332215
PCBD1	16.36366232460035	15.496067460468899	11.68399497869419	99.80543656444051
PCCB	10.146080762415075	16.099069911815953	5.593680690480197	58.29991967328978
PCDH1	2.4000634669672847	145.06963237746655	1.630462875564014	33.91783609802315
PCDHGB7	18.699835681365954	37.211059913826396	1.193362693284474	6.814335342589304
PCED1B-AS1	1.0	3.6455380772353436	70.34387511504504	1.846327989080831
PCOLCE	420.0105725938754	5.618091262840395	1.9449452978050705	4.265716988481065
PDCD2L	3.86464055932627	8.95675468111112	3.52097702918743	38.134481428261545
PDE2A	3.0700093921464546	68.00292103632111	2.27064946536841	2.4271144730674656
PDE7B	4.48914964045447	17.3643140043878	2.107523314259061	1.620262709295709
PDGFB	1.0	63.2218490086116	2.6277450202577146	2.0415738744901066
PDLIM1	65.97502717575739	1401.2438355360903	10.871987738169665	235.97149644213147
PDZRN3	44.97066155410631	1.577833301340064	1.0	1.0535816452848574
PEA15	113.98612961344844	279.83075884204106	52.11638869554575	54.27839593414446
PEAR1	3.2754860920055724	33.226071096299904	1.1253462320144312	1.0662387364750605
PECAM1	1.665142213722685	1317.1855748499502	49.20929178402455	2.7812563655940252
PGAM5	2.801465862372823	12.536156921714252	5.350775892553115	21.824385111033443
PGM5	3.67386197107761	20.674934077337106	1.343577069066161	1.291894784497384
PHACTR2	38.16760435840716	117.4620747449405	21.70908785101755	24.228109554851507
PHB	76.64331306987674	154.842627469648	29.961276779279743	393.98935080566594
PIEZO1	32.96351519390006	97.6224897235285	16.852377776728048	21.953081767363393
PIK3AP1	1.1794498852059063	2.1556585441913656	28.18778366108925	2.537556467387205
PIK3C2A	22.023904263097347	136.957341902572	10.30129054157216	40.50256697569584
PIK3C2B	1.430267304550839	118.84962559511749	11.29560471424685	13.184254461032765
PIK3R3	25.528523500611747	317.40646752378507	2.452029890798965	10.905781881470835
PIK3R5	1.0	2.157098109709771	32.410701025847395	1.3841370448572266
PIK3R6	1.0	1.1364858198446202	5.637534777254309	1.0
PILRA	1.1496889082782076	3.202833030101439	30.05337928000869	1.4290603856436817
PITPNM2	1.804443938804391	22.541355783525848	2.7056462702382547	5.99848665031614
PKN3	1.0861458957238335	13.564579263085724	1.141559422644721	2.27067435898012
PLA1A	2.6645510122274203	58.81575248612173	1.3965386929642616	1.092527074251126
PLCB1	2.636130902767041	68.94638140429883	3.7142816715767744	29.05103410372275
PLCB2	1.0	3.083811432263957	29.143769028300756	1.642981415445929
PLCB4	2.8348853756421604	26.35410652941635	1.1159117857928398	3.9137273985314804
PLCG1	14.463544645353597	110.44043431103034	25.07623209544425	15.104042644834257
PLEK	1.0968964952045765	2.4794830737343148	61.52947787297535	1.0609049917250803
PLEKHG1	13.37682874819	62.95207204556668	4.041933815862405	11.835897097583302
PLEKHG5	1.3842467360235706	14.39058065818855	1.0566549103396827	7.298751725642928
PLEKHO2	11.315522058217379	44.1430455810669	13.00871848499455	3.74727518429774
PLN	15.786415343805546	2.1582645662271904	1.442336698124898	1.6875202342689124
PLXNA2	9.147945737985829	71.61106893559443	1.993868916268089	12.305392298602971
PM20D2	3.7923548081473153	3.3626996942906295	2.293989801156955	14.05805864446975
PODN	146.87319599265052	6.302562866832499	1.0	1.6806582327835131
PODXL	2.0757309958279437	462.4236955573283	2.0753746265487703	14.236176255607397
POLD2	16.56534128226955	19.637002126155195	8.950778570576025	54.00283324623729
POLDIP2	28.255082799087756	35.623615488017194	11.47421475947345	77.20957915543318
PPAP2A	81.19310270714175	139.04644929906897	6.196098804406235	15.1828340918333
PPAP2C	2.14236210086889	11.2988210141586	2.040203978967857	42.593747226036
PPARGC1B	1.5277726195829548	18.120026505473703	2.5894983362211352	4.179402976547415
PPM1F	4.026137295457635	20.666084173765	2.75235185353046	3.2413439758543947
PPP2R5B	4.002161632155205	12.966126513470702	2.2140865743938893	5.536519503752524
PRCP	73.42366809072158	378.987741355142	30.556224152695002	45.356949096131814
PRDM5	6.244814721308809	18.24416543655275	1.9205337533327576	4.65661618394424
PRELP	133.64801734317	2.1030730765431094	1.0124089113026415	1.0304047695180794
PREX2	3.4720612708163365	81.54093732295246	1.0329746326742444	1.8021971548903974
PRICKLE4	1.291546384875228	7.62557821469173	1.29331514824218	2.11725829099734
PRKAA2	1.3588651273956494	1.5493589679720565	1.0459651221884712	7.849552404593974
PRKCB	1.3055572933137645	1.8642662558455751	24.47984225968975	1.5446555222728229
PRKCE	5.63222729842481	71.9560723198162	6.41678457221799	12.34826254514855
PRKCH	5.994439511588451	383.6683885611985	71.45294289105092	60.73179216099851
PROCR	6.549071186732601	35.5629877757288	2.1465895755896627	8.65305466856851
PROX1	3.61081505270375	115.94268785190988	2.118675321425347	3.45916169762052
PRRG1	10.595319151511315	40.67053796644241	1.250702509411561	8.229757324350397
PRRX1	397.49543348569495	2.9025235794356052	1.8388551159846445	1.7094646032962886
PRSS16	1.0	1.97469180047716	2.1458463778835286	21.696246797142493
PSAT1	3.9754972064375558	2.399920642029965	7.94154086409564	27.383227868943898
PTGER4	8.834306967017401	7.203230065073414	37.1132394532109	5.38240350717505
PTPN3	2.22462043517333	3.618337000437845	1.159734123934446	23.52573508276135
PTPN6	1.516875061377308	4.209365090181035	48.7935127187007	18.55033519594825
PTPN7	1.1839197259338126	3.4957540978507256	21.659757730221155	1.0491641138170478
PTPRB	1.2572496122586225	483.3236898655042	2.040086579806178	4.99904032283923
PTPRC	1.0925863068517379	3.4716222106906196	209.41676831349105	1.278314773429111
PTPRD	37.73864017628945	4.071706146910914	1.5839082616108004	7.247824041332733
PTPRF	6.525310998883049	4.32677548535572	2.9871500857021998	59.802667037362156
PTPRM	31.61967038340959	257.7978784810065	6.2251418937460095	15.792033270634047
PTPRN2	3.035689098301985	12.866911753994152	3.0494686217863896	2.5133754658204674
PTRF	123.81391901179649	204.84177591085046	2.4580689165621945	13.63396530780625
PXN	13.2896746196168	113.3211533383355	16.145867944794	30.8296540596802
RAB25	1.766458213851859	2.7029580257070345	4.711395747005055	286.4434889860286
RACGAP1	18.88128998171355	7.975326134433796	9.738234122270478	49.71230203984224
RALGAPA2	8.397238250299385	120.600303066862	8.684787465351434	34.25710620314084
RAMP2	5.4054068527533	769.3242847132581	1.45445733092764	1.7749264010995414
RAMP3	1.0	153.951049773764	1.0539031649662105	1.0
RAPGEF3	1.8504292838404075	34.52676220081789	1.6821648371473055	2.02315455661354
RAPGEF4	1.5911498669043729	100.16676094583298	2.19005908895947	2.7816060642969997
RAPGEF5	6.896554372534371	227.65219320788196	2.75954890472243	27.756403685600905
RASAL2	22.995032595278104	57.7874351971287	4.351174611954625	20.1383210508727
RASGRP1	1.1288324685431075	1.3636386488022865	16.46485068226245	4.93181751224261
RASGRP3	1.1195943446280918	108.75972724063257	14.48972640116575	2.1520226406484504
RASGRP4	1.0	1.0332571749841013	8.940890016228	1.0202376930124495
RASIP1	3.088657945666305	46.72408401147125	1.133964996707841	1.1663840585910035
RBMS2	44.84771276648934	154.222402744189	7.1429302561744485	24.112718413355346
RBP5	15.099843911009295	34.0307432169686	1.8851693038064856	2.089954431071628
RBP7	1.0	55.62009353827415	3.5690878606934446	1.827084190301394
RBPMS2	9.301130461853532	12.023928168095797	1.0	1.8310550552864555
RCAN1	55.224436634204395	180.18715395606807	6.147463728447814	17.641073601135552
RDX	51.78885150324524	183.32798756353202	13.45106758798966	74.457866564765
REEP1	1.2376884526804415	10.225494881985206	1.0	1.9796832036477925
RELL1	9.15075063482152	132.39990960273346	9.041004622369934	13.238297283234303
RELN	1.1445633575035479	36.93825652562754	1.0285186103062154	1.1398491808278475
RFK	7.9129955229254705	37.893255197962645	3.105102809423985	13.761792991633584
RGCC	55.914291093336345	296.466334873852	37.893326791959055	9.137905778173295
RGL1	18.23407362437341	45.904711873067946	7.978084684776759	9.064131960544612
RGS1	1.7123047073167903	11.211868906406089	432.5398649330451	1.7435299189955211
RGS3	26.7915050674704	98.10812122484535	9.02299639125125	11.489345141500577
RHOH	1.9973065112915949	3.07815132438102	53.23131620543506	4.762129461604276
RHOJ	16.86060574678446	277.1575137730585	1.0	1.0220150998895368
RIMKLB	7.553373062348054	67.64837387753765	3.1333327142263747	37.212437166969245
RMI2	3.127656364693924	3.3928895909521697	9.113190610681213	25.722864652499847
RNASE1	2.698835421459747	895.999890946893	75.50976957509437	68.11240096271524
RNASE6	1.0	1.47971721479884	39.5260466156924	1.2608652902749735
RNF122	10.444631400584315	29.2579235565778	6.703468014583319	1.9676678208785865
RNF166	3.060664535865505	7.032553757383406	24.2526368579277	2.77937115497428
ROBO3	11.214460810576583	12.92180688089385	2.312016426015785	1.443938858917758
ROBO4	1.235444011189332	202.65306913483857	1.7331038347740717	1.0261379515089186
RP11-1024P17.1	1.720642513237887	12.702937296902949	1.9298112306563624	1.4486874715047704
RP11-363E7.4	1.4481587363940205	21.617934168508402	1.2502443189042725	6.789545224976155
RP11-473M20.9	1.1573723026837	15.17016190547	3.7151815273566653	1.245409850894477
RP11-532E4.2	1.278494603879276	1.0	1.76749849811821	83.2161896675376
RP11-588H23.3	1.0	18.71746211946375	1.4885332827799296	1.1577693721948545
RP11-677N16.1	1.526730462849035	2.8405496799927175	8.619927880903546	1.688677787533625
RP11-736K20.5	2.467978136850471	9.776992929315195	1.0	1.6421186262470115
RP11-775C24.5	1.7766986644107456	20.3260075933542	1.73330390085917	3.7226992805002546
RP11-848G14.5	1.0327076123512702	1.3337096846090026	14.731680423213799	1.1239222628557541
RP11-894P9.1	1.6272302678274033	10.25881546666591	3.48319826629067	2.203710085478963
RP11-89K11.1	1.389370089343294	6.39173546984606	1.6571197902214845	1.1163100724168105
RP13-104F24.2	1.321599386392589	15.750204130464752	2.4693801964786504	5.82068132570803
RP13-104F24.3	1.1246622799451775	15.923562558297899	3.072882990953835	4.355622923660441
RPGR	3.74267745397212	61.42392487153239	5.181758180301545	7.158790523457535
RPS6KA2	12.641882157674864	123.62084193404655	2.9955236359727504	17.788138632217795
RRM2	4.127521494673696	6.204787125573315	7.780311087479211	48.69146500911569
RUNX3	2.2351500430683413	1.3935896785573139	41.73152661188254	2.4424256834687927
S100A14	5.772356020211616	2.45426158671611	3.60476453781075	150.43026213208253
S1PR1	2.441482949831932	547.2027726516544	8.210189161889145	1.1228256487769088
SAMSN1	1.1395393973690475	2.2634756512181915	96.78192835201189	1.518337286197678
SASH1	14.429597349124503	122.13623327237703	3.7751607822113353	7.898040061699909
SCAMP5	1.6246760943927445	16.0418175411646	8.609870052638275	2.6227011352830654
SCARF1	1.0581061760032824	48.94688209607688	4.838403071497989	1.2340142080391718
SCGB1A1	1.0	1.0	3.035545425333602	652.9451870682631
SCRN1	19.720901416872305	20.131694211051787	9.704751742816006	60.69613796261885
SDC1	52.90046489256645	7.810339682571234	14.072304491298144	246.64520689471453
SDC2	116.40519467905347	4.3981307236048695	13.693277720889174	6.46051784281645
SDCBP2-AS1	5.356067782317794	53.73093129117084	5.555957087525035	5.445077305821634
SDPR	3.839247639770905	134.1687167656911	1.3826765560745136	5.50123274916397
SEC14L1	40.905623660026095	453.13969250217656	72.11652524663299	42.761491468852356
SELP	6.037978833856265	291.69804259306693	1.581534524711556	1.0540474308698666
SELPLG	1.1956396719242155	4.12596565657757	44.538472448859544	1.9852741769268718
SEMA3F	1.619735952674485	55.68546338459055	1.2008806647546557	12.499568518452936
SEMA4D	5.15201526273535	7.759232521178804	60.220710181831336	19.543573787886654
SEMA5A	18.522059115367597	2.928805903461495	1.1824910515635167	2.2440937162948726
SEMA6A	8.511853084579059	127.6725417365985	2.5284977162466746	4.30216155186223
SENCR	1.0428346574677978	10.351153150872136	1.3680760135973196	1.0
SEPN1	57.90495287886553	200.4335037634031	12.567616652549361	50.6709915715325
SERPINF1	954.2484076282801	5.542278812964835	14.825942501459078	116.93373106210862
SFRP2	1064.1050151864615	7.312972383337595	1.173417720089426	1.2579771734037406
SFTPA2	2.321304418765569	3.2755539879288804	4.070049833539937	1314.4159502585244
SFTPB	3.92047465040628	9.060777455032445	10.554668338012085	1892.2442804566892
SGOL1	1.376650503671901	2.09604000889181	2.793197872373465	9.431434748223932
SH2B3	7.28490255407869	56.28628307028974	13.581785702206822	3.0588903854909004
SH2D3C	1.2000719831994955	128.97230172854518	7.1883154674598355	1.2934343038172333
SH3BGRL2	3.695263438325191	41.23212791547745	1.234339716996395	18.64166222077883
SH3BP5	19.246520613604044	211.0423322396954	28.505427723133998	13.346647997688052
SH3PXD2A	71.48364786586004	12.608712074702579	5.15816574838822	15.7323139054366
SH3PXD2B	106.223703490012	26.307777375122253	8.182612104263498	14.029609814677798
SHANK2	1.615375117908536	1.3890066558727936	1.0551442797127397	17.582512225060153
SHANK3	1.2846024172640411	30.096042421401506	1.0562966377081406	1.815733155656293
SHC2	6.529979547469615	16.009438375005853	1.0394331095457643	2.70697791601144
SHE	1.4556477369582836	60.309685883215614	1.1252278501934265	6.800109894207354
SHMT1	1.3860058457462814	5.228493790316709	3.5413128391955304	13.375497153307261
SHROOM4	4.746509428890645	111.23283612157604	1.0521959272423447	6.265507548429699
SHTN1	4.700847253305725	2.892352147917185	9.584830887866989	33.24460074575035
SIGLEC1	1.0	1.5103656698220704	8.6306091548257	1.0168039477356285
SIGLEC9	1.0751851120013476	1.0987204082000945	7.325005385359441	1.0
SIN3B	8.960411932846526	37.64556854804474	9.487724716558041	8.99801053714998
SIRPB2	1.0	3.68645109929448	8.666678350330285	1.2399748722109134
SKA3	1.294547833692874	2.33786950719099	6.416911144372954	10.705681421701176
SLA	3.782744046699744	2.1314745697427497	81.08743202752984	1.5680404103501622
SLAMF1	1.0	2.807802677804747	10.384545442630797	1.0
SLC11A1	1.378985327795353	2.3467371377138253	91.94040517971038	1.2727907655902881
SLC25A10	1.9818774769490968	1.5535869621453144	1.4458824390294025	9.094925332954025
SLC25A4	3.7841593026375646	13.168193810640648	2.878853593756433	26.03151246562425
SLC25A5	95.11471166797536	171.21292797783093	48.15677564562949	449.60319041528464
SLC35G2	4.203073000487355	20.047794540541492	1.487017897557888	5.705041567518656
SLCO2A1	2.4913073630095335	1191.1834057039355	1.61311400352906	15.312881944790949
SLCO2B1	1.9953772512218202	62.70075488177828	31.314109987954104	1.1074440113865636
SLIT3	37.7879744834091	2.54031672716344	1.0232606861701874	1.200343243132174
SMAD1	26.792829035630753	361.7718914781231	3.12516969755459	39.83651460911639
SNCG	1.3172574879485726	33.65972589810634	1.0	14.540442607885154
SNRK	14.524252792511	162.68600408538748	11.652877444651804	10.35898905353553
SOCS2	6.44707802678899	89.4472875792635	2.5832379670396026	19.33606083893288
SOD3	35.4634515017906	1.7427911514567744	1.1541140697815786	9.380946235393282
SORBS2	4.953304619615755	67.050990718584	1.5438179548394415	26.084208066508975
SOX17	1.0237401142441005	34.64556046616095	1.0	1.0
SOX7	1.0	130.681793772667	1.2434902461486723	18.166958758165727
SOX9	4.628175602438395	1.106253236270321	1.2111941968468747	15.787590243163653
SPARCL1	356.2155304754026	2323.6249950664533	1.744503745460881	4.35732929392196
SPINT1	3.7422214095226196	2.6185005602372313	6.0261703181605135	118.26637856235081
SPINT2	15.140654030665353	8.120096925348477	29.428168672626402	511.95047071662316
SPN	1.0131887025503974	1.4646257777739566	21.174561454305543	1.0594671648749547
SPNS2	1.065720177820595	52.50251128395519	1.1028362712342603	2.3068129360326886
SPOCK2	1.4742412364102515	21.604004275658248	33.253811542954146	1.483168995731401
SPON1	155.180854550326	2.0929722503266346	2.280008401048995	1.964179350961578
SPRY4	63.451969849584174	191.704163584546	1.293492421024075	29.284531715374797
SPTBN1	113.24756443658852	687.3379725261772	20.494105238498392	147.92092176558754
SPTLC2	12.559401297187199	84.7648623276925	7.945468847101376	29.020787620782954
SRPX	13.147714975903693	58.812591912312755	1.0	1.7703842919297883
SRPX2	70.19752227041553	4.52855058853227	1.2499690626627689	9.581882829190143
ST14	1.8233168788087024	1.5728692785067198	23.136960551248748	90.20684766625394
ST6GALNAC3	1.0170176770890516	17.353294583500904	2.3749486864360048	1.0286913989048363
STAB1	1.8467371518025335	136.07157528078304	34.30200915159256	1.0074694010140268
STARD13	33.30335314608054	56.80703449827331	2.03832332006404	2.3196176931099304
STARD8	1.9808562884500716	23.41325878157555	3.544819592800895	1.574592779298671
STC2	2.864958353296775	59.971937992780546	1.1823021947439973	9.709702591278084
STK10	4.357406592555881	21.07927379882454	39.054004961529415	4.362812463938945
STK32B	1.192631999717753	11.73622415415695	1.4528201157283955	2.123401120891497
STOM	153.22049863598406	908.8780465291679	32.664064448196896	161.18570514649923
STRBP	3.9655560027751555	11.817182994174011	12.057125987665339	52.9004969028396
SULF1	903.1274684234679	23.961253588544004	1.940691481242789	7.5030711620433
SULT1A4	1.2474008241076995	19.756410391082202	2.030857403116322	2.945840523133228
SULT1C4	3.487128860148605	33.547145633777006	1.1873578658589081	1.168197112225425
SWAP70	19.080683669165598	190.66793432756694	13.656291656724296	51.345627810314596
SYBU	1.388467367871599	19.288464412773994	1.2184032193173744	9.035754109717319
SYNPO	43.07300503875465	209.6042235030365	3.25126692762952	12.810808966583046
SYT15	2.4260648538366953	19.24531435748185	1.6505325226584886	3.55071777063457
TACC1	119.32766223894251	237.0508463066124	42.79007029743699	33.23938445352543
TACSTD2	4.28500126870409	12.9174360636872	5.74540050960028	293.71230447358147
TAGAP	1.4054443129530525	3.17552855998739	81.92942216745712	1.4281218696920406
TAL1	1.0460361968615328	27.560367271137245	1.8029660158998952	1.0469800510636942
TANC1	15.840093129508752	61.09559335926729	1.740843888334242	21.74322364928915
TBXA2R	1.806219288728979	8.311263600705567	1.0	1.1865744370456324
TBXAS1	1.5115010973794396	5.20326577141652	25.940269996947652	2.83866066393003
TCF15	1.0	5.4026050116513105	1.0	1.0
TCF4	176.12235972761795	599.6336118422939	32.09042232672095	6.93142697411832
TCN2	5.597320171043441	53.1644208554052	11.073854511410527	13.671174343790051
TEAD4	5.682036546239505	29.907797455362644	1.0	5.232858809052885
TEK	1.354315776135044	191.90463898130292	1.216741388700318	1.1686986193831626
TESPA1	1.0	1.0	17.001924500384046	1.0
TGFA	1.0930269694361656	2.7474387807195697	2.40005978635341	23.930202708154702
TGFBR2	90.09905169514474	451.24296137390877	21.683076424044096	25.724680671919803
TGFBR3	21.652486562364338	163.36864545970906	5.704010871104329	2.811481674095095
TGM2	372.55340972223803	576.478578005032	41.06434371546946	53.653172903681806
THBD	3.8163942675487292	347.55137144320577	54.418648695609285	18.51025465031895
THBS2	478.689054338819	3.8101360200200953	1.1121334612470521	1.4094671128777325
THBS3	32.61307360374454	10.834531471328578	3.9405789563641656	11.798951606443953
THEMIS2	7.630903917413949	12.7705520652227	64.32059164350926	4.444235310693806
THSD1	1.7422213303722485	24.224140706707395	1.114901479581111	1.6306220292707574
THSD7A	1.538812518852596	31.273526259720303	1.0817867787643025	4.8054893502211
THY1	283.9679328278879	32.3603353641094	1.0	1.0204424975427924
TIE1	1.07404113575121	141.95863191751846	1.145735089277603	1.1177992786736584
TIMP1	1994.145090129381	797.6317371973314	124.82554702384438	155.33042674697202
TIMP2	834.1743262640318	94.49659138402458	33.56584882688475	34.38507544866205
TINAGL1	1.4136269956053331	42.59163093457584	1.1538094260802034	8.567679827651737
TJP2	6.825643225965376	52.439323876266684	4.339422184856051	26.731627111077145
TKT	17.731040847246796	29.042480565982956	19.614019914223498	124.50909994430495
TLCD1	2.966811029978215	1.0	1.5139290695500511	25.485926786273296
TLL1	1.1406218344586205	39.5364699439838	1.1075407667942985	1.231287635891374
TLR4	8.859198959685036	37.10980482659209	15.082478648107251	1.2944913353714165
TM4SF1	8.141014570004778	577.8706912436332	2.33527726087013	212.4882295334865
TM4SF18	1.0	89.09698972306435	1.0255311656699835	1.064746251337164
TM6SF1	1.2720827358063045	30.37969934232374	6.448126718188392	5.745837263413219
TMC7	1.0679023944614705	10.364006241036577	1.0	5.2422795492953735
TMC8	1.4028379030140776	2.5920303004790446	37.660284907819744	3.1012903522483697
TMCC3	3.333980946431005	30.482565256032093	5.324295167792515	5.666077061166966
TMEM106A	5.3264610274751645	12.497132025511828	26.927280709619843	3.9755232167885044
TMEM106C	7.47756741178105	6.956299405882671	6.90890514147658	39.901126153208395
TMEM2	33.791703138287495	458.1059780747623	47.36503961926981	60.892344319125144
TMEM204	20.846515839974597	59.62642845325985	2.47926522539849	1.0
TMEM254	9.446243940295286	8.849474200940886	7.2858048894961644	49.269897604059196
TMEM255B	2.3605120351191298	67.64459785591288	1.732405479985629	1.0692075623492947
TMEM30B	8.59170435685098	2.1112247543271367	1.9354525935496305	43.491344511264145
TMEM41A	14.75620069398525	20.742094984225247	8.04328811849442	54.62549289273045
TMEM44	3.5431524967311447	16.995508977001897	2.0012582596058666	6.73323312868422
TMEM88	3.0042486015397065	90.9228821105697	12.999066220933301	3.5105630826143353
TMEM97	4.2432315476214155	5.05799641165317	2.830102046548335	30.5128595056451
TMOD2	2.5188098936769654	39.78729383935179	2.7009467526465647	6.4495899224064
TMTC1	8.791006878662369	81.93803013222114	2.8654254739152347	21.151971459986935
TNFAIP1	31.85181473845271	178.43703054297953	8.12796726306425	44.081456653353285
TNFAIP8L1	1.9512489872959116	16.615807796271845	2.1337015924785248	3.95991760726466
TNFSF13B	10.978980910656585	1.3837018291315626	6.364149185321709	1.5210783398867855
TNS2	74.01858891575479	130.7907397022205	3.49097401550299	11.044805899648084
TOM1L1	12.54728808810146	3.01694786290021	3.2734324105853796	73.98350198106269
TOP2A	1.7161814951567749	5.52157497128629	6.69063405869946	68.93021717936959
TPD52	1.43607046982572	11.143476202826625	15.445764016323466	62.81975842720165
TRAC	3.7085533044251004	1.8943482716477695	130.82274601575148	1.1045516941868514
TRAF1	5.107408418226919	3.1557851065345974	24.86635511262115	2.7062426445009797
TRBC2	1.0	1.0	300.44996301314603	1.3480510249468374
TRGV10	1.0	1.0	10.52340261828418	1.0
TRGV3	1.0	6.320595100893504	9.97588934264591	1.0
TROAP	1.0	1.2935554979928328	2.5175933835435	10.933552689578589
TSPAN12	1.6695575210053062	76.32141920962678	1.3080861323197621	50.954836746476204
TSPAN15	2.610281295623145	36.88245915042545	1.9766864203361836	28.942181169476495
TSPAN18	25.94838852619845	170.3277878267775	2.3006556155152245	2.851918233471416
TSPAN7	4.76203284991499	370.0796250000879	2.5707204467758524	69.55695916991104
TTC21A	5.504724406154788	18.85765010580825	3.44197953621713	4.004809004222385
TYMS	4.17774151634619	10.385223453396442	8.887959417898369	41.3908255510119
TYROBP	1.5221396036723696	4.465534867637285	456.5120165662903	1.4514471029299045
TYSND1	3.4190863707166845	4.29730393334431	3.1343474563571556	13.52689813670235
Telomerase-vert	1.0	1.0	1.0	5.61061714075327
UACA	56.25792406796825	138.236004481344	4.045381426722625	7.898504312923655
UBE2T	2.1054844913353206	3.940662744001485	3.9625139836134506	28.55174295215216
UCP2	3.1556458659829705	5.10489852759139	253.1866047436219	71.20442217023862
ULBP2	1.7649878086284014	14.861713352457798	1.98957905099152	2.91722014950116
UMPS	5.025678654345495	8.71317339268488	2.931501001901755	23.494494245969157
VAMP3	71.1603265436938	201.47857082424648	33.0338439149573	61.24955327973714
VASH1	7.380870733720174	38.44389799912955	5.779172071364821	1.8173286025351734
VAV1	1.0	1.23835079332631	24.53104756349955	3.8828923867363967
VCAN	1380.6700679900305	25.42881799718125	77.05539503413307	12.715265177632851
VSIG4	1.0185840808664692	1.295975877829985	43.25783278060755	1.1298867139037245
VWA1	4.61206988749734	50.27856229793658	2.0013659881470955	13.166026908962571
VWF	1.203754097415442	869.8774703850561	2.1081820435705603	1.8479577301850962
WFDC2	6.57604321403344	4.499449552654701	4.53478111929231	942.9249200511856
WIPF1	61.75914298945304	34.72876041027321	128.31884699597293	4.31286699463459
WWC1	10.578648059189725	1.1505027526631784	1.0522409426215371	21.294400265137096
ZAP70	1.0	1.0	19.058199398116898	1.069730207032237
ZBTB46	4.30445989274515	13.340234808982599	1.773997997279565	2.570935294311325
ZCCHC24	48.355890733742456	10.38935405577993	2.267495677925836	3.4414471668512947
ZDHHC14	5.309961234161785	18.25273261152885	2.764099341435475	2.572256016369985
ZFPM2	14.716241149470749	24.267949096854753	1.0	1.9680609824171795
ZMYND19	3.7832621482834305	4.744228583651225	1.508464636621814	11.341955404382006
ZNF160	10.210999054446237	39.123580759415006	6.95650686999438	16.2701203023961
ZNF423	12.777719874585223	46.947593612593906	1.0	1.2462761765104915
ZNF503	33.06148705279875	12.547216886445675	2.27251238333564	8.445093817105473
ZNF608	15.8235843911507	84.82912435514046	2.2320342804554385	6.653134665485589
ZNF667-AS1	26.327546530454104	58.895581040325695	3.206210165115375	1.8372401029702958
ZNF677	14.372522820147045	38.561580047059955	4.1831177805216955	1.2534231126900282
ZNF792	2.99386595930998	19.4490328017376	2.944037759177365	4.178695052331579
ZWINT	1.5058243953318864	2.9785459151705362	2.244124608885055	10.866749611911343
