Mixture	Fibroblasts	Endothelial.cells	Epithelial.cells	B.cells	CD4.T.cells	CD8.T.cells	Dendritic.cells	Mast.cells	Monocytes.and.Macrophages	NK.cells	PCs	PMNs
TCGA.05.4249.01A.01R.1107.07	0.0401628934468682	0.0149827824879092	0.705434400093188	0.00722960294599167	0.0321619523843102	0.00961840514350832	0.0402712139632776	0.0377395869356766	0.0849832105432929	0.00385836164875381	0.0200049422993814	0.00355264810784224
TCGA.05.4397.01A.01R.1206.07	0.0226736876378864	0.00918566916515591	0.634792415956162	0.00865856474398528	0.0358635733977307	0.0187849022007036	0.0171861995040649	0.0105981340477997	0.209400833512602	0.0126613042740124	0.0155557547382036	0.00463896082169336
TCGA.05.4398.01A.01R.1206.07	0.0715101861352869	0.0122823746004554	0.404157988031633	0.00873224041390086	0.115553975525799	0.0319221661229629	0.0172269633008204	0.00979928573135498	0.252496126957571	0.013547284919731	0.0576826803489188	0.0050887279115647
TCGA.05.4410.01A.21R.1858.07	0.0362479844544217	0.00918483504773773	0.638021126533203	0.0107935375149593	0.0499277754870197	0.042050614653473	0.00139605107581641	0.00648467697722528	0.112400341462375	0.00856874170645859	0.0832274998970257	0.00169681519028544
TCGA.05.5425.01A.02R.1628.07	0.025960081819182	0.0160369160227691	0.58206765650267	0.0100444336797072	0.0686607483236819	0.0553257188416408	0.00959880409019652	0.00783844532325113	0.174089900982559	0.0121159925992691	0.0305794285663758	0.00768187324869764
TCGA.18.3406.01A.01R.0980.07	0.0947807964677298	0.0274131064902936	0.433307534514066	0.00338701896551097	0.0812059394802882	0.0398713363527234	0.0116918452561089	0.00965344540159314	0.173744672110181	0.00659631427600215	0.107120675628366	0.0112273150571378
TCGA.18.3410.01A.01R.0980.07	0.0504389836931888	0.0115705252859377	0.399554463439285	0.00302418709950843	0.136121239071647	0.102899176309251	0.00344635898978426	0.0138636959958351	0.218265398257665	0.0113596439400978	0.0450421803908664	0.00441414752693282
TCGA.18.3411.01A.01R.0980.07	0.085200746513689	0.0135958905924112	0.515556169309713	0.00535323489068158	0.0630191401849897	0.0238349853065116	0.0171855187081679	0.0213924343192514	0.186121722251316	0.0170483748002706	0.050100659633418	0.00159112348958012
TCGA.18.3417.01A.01R.1443.07	0.3498927120109	0.0129326768141707	0.429847594441463	0.00423978428403951	0.0281888684049903	0.0141758879209634	0.00348491381206048	0.0116395182492315	0.116256264073926	0.00383972863989852	0.0249886781382383	0.000513373210118343
TCGA.21.1076.01A.01R.0692.07	0.119302065558515	0.0188654381207964	0.378178749351327	0.0196275841850627	0.0650507224671796	0.029058226501856	0.00575822631637376	0.0226604535405448	0.305621236855268	0.00580551559711931	0.0268305767042097	0.00324120480174787
TCGA.21.5786.01A.01R.1635.07	0.252743250621841	0.0194206204910337	0.538014439044143	0.00290359142896952	0.0251822626940093	0.0171120713095307	0.000322819563292783	0.00463201252777358	0.0829401047220916	0.00572838154384736	0.0497860471876709	0.00121439886579628
TCGA.22.1016.01A.01R.0692.07	0.115443766184302	0.0485063766571175	0.457902873724336	0.00580602920551494	0.0590060476998574	0.0144609917291978	0.0179241142163692	0.0208391544842594	0.213360236780417	0.0159260372493524	0.0149954993638718	0.015828872705405
TCGA.22.4591.01A.01R.1201.07	0.0174555128342931	0.0126767320487155	0.856335369555287	0.00325318354163954	0.0165749323273256	0.0121313763033283	0.00469677743103164	0.00534351344445685	0.0577556860910695	0.00397148004079505	0.00927440287813232	0.000531033503925555
TCGA.22.4593.11A.01R.1820.07	0.0529928404861564	0.0876293544368823	0.272095849560889	0.00703107603357256	0.0947157331882853	0.0409915820526986	0.0251272530116568	0.0251946575262941	0.336379546903114	0.00910457519033108	0.0197954314681609	0.028942100141959
TCGA.22.4595.01A.01R.1201.07	0.201262588353862	0.0027794137254102	0.49925491035914	0.00309377243972355	0.0494574785115062	0.0243652059220408	0.00237670289738625	0.00837071305101495	0.144947747856311	0.0146475947145965	0.0394208280072918	0.0100230441617171
TCGA.22.4596.01A.01R.1201.07	0.112806198907352	0.0232490335401204	0.418366271517704	0.0121124146859701	0.114669213656812	0.0229538941628272	0.0370341875379373	0.0240325611642568	0.1939804348288	0.00971029925330274	0.0276007091737781	0.0034847815711402
TCGA.22.4613.01A.01R.1443.07	0.049081158928258	0.0085088439233275	0.536791612144161	0.0125325104001449	0.0731941499529278	0.0415807870280047	0.00714534050611974	0.00316944092715221	0.193389449950734	0.0118287825993955	0.0588831740372688	0.00389474960250526
TCGA.22.5471.01A.01R.1635.07	0.101290490119707	0.014689333821274	0.529623469724178	0.00474495105726254	0.0453628879744834	0.097959389075653	0.00985414953739426	0.00749226903105688	0.137097066942005	0.0301263931404242	0.0214829793429943	0.000276620233567969
TCGA.22.5473.01A.01R.1635.07	0.0884569628426361	0.0069571348026131	0.787799400197731	0.00563009217362806	0.0125104981519572	0.012130102540718	0.00322569761015874	0.00561360005296461	0.0625408652188966	0.0037753500361401	0.0107833650981957	0.000576931274361032
TCGA.22.5478.11A.11R.1635.07	0.0138155068436862	0.101982655825191	0.312251811141217	0.00367416469432559	0.115561628941819	0.0316889548650971	0.0150315631307824	0.0228508711852453	0.316210042233108	0.0481296043044368	0.00665714720651623	0.0121460496285756
TCGA.22.5481.11A.01R.1949.07	0.0171460444719418	0.0908888178925272	0.455744482426996	0.00281825255004464	0.085174573272953	0.0455201816371318	0.00410382284776302	0.0537295416099748	0.195123311528313	0.0279065889032168	0.0204402727790274	0.00140411008011111
TCGA.22.5483.01A.01R.1820.07	0.169316927479879	0.0128360792236481	0.516927007201488	0.00406281998302563	0.0390687447705919	0.023647162608229	0	0.00366261529452562	0.196513335037826	0.00690685545201808	0.0255707573604097	0.00148769558835912
TCGA.22.5489.01A.01R.1635.07	0.162618200642665	0.0412985436683707	0.351810185929372	0.015019789461782	0.0855935140273817	0.037450891038813	0.00282185784795462	0.00625819019601636	0.218930817789781	0.0146575217059687	0.0628001045021834	0.000740383189711889
TCGA.33.4533.01A.01R.1201.07	0.269991993934421	0.0147878010386468	0.523376633593776	0.00925939373297269	0.0338008294840582	0.0196411107796597	0.0215288503642211	0.00900887632865685	0.0771642674953194	0.0032552209868863	0.0174817696509596	0.000703252610423174
TCGA.33.4547.01A.01R.1201.07	0.169620075542594	0.00538996083820518	0.6319278666944	0.00261968213784301	0.0309646834955682	0.00697806744847232	0.0135672218306489	0.0192582559303302	0.0753347904608511	0.00731469298591565	0.0327565325807071	0.00426817005446489
TCGA.33.4566.01A.01R.1443.07	0.0630715802477764	0.0189874350652141	0.528117338022729	0.00473920858989081	0.0512366148225828	0.0659622800245376	0.00874902351687298	0.00950886593222126	0.201026529131181	0.0284616593496566	0.0178149435647064	0.00232452173263088
TCGA.33.4586.01A.01R.1443.07	0.107463234158566	0.0107104957734676	0.763466496194575	0.00139331656774979	0.0192433095926604	0.00587461632323924	0.0122193292415013	0.00548236556760271	0.0585596120509989	0.00655871564655023	0.00880983122873738	0.000218677654351138
TCGA.33.6738.01A.11R.1949.07	0.0296407118694983	0.0166597428002082	0.822322068120039	0.00885018663448106	0.0246228288388997	0.0125886504647963	0.00198664266773198	0.00392341395721492	0.0531521595928953	0.00173331303533239	0.0245202820189023	0
TCGA.34.5239.01A.21R.1820.07	0.25853373416984	0.0248506295655808	0.290943724982608	0.00432275235326732	0.0762846652462638	0.0705535975059983	0.0147577829051574	0.0350122589313278	0.169454100251621	0.0226505977433617	0.0306554449343827	0.00198071141059049
TCGA.34.5240.01A.01R.1443.07	0.070216588285333	0.0154989529051986	0.631177321678119	0.00530318750307868	0.0399265570495675	0.0293747148490939	0.00443883185751412	0.0165635772394579	0.162166872811633	0.000364364154194544	0.0224347224295096	0.0025343092372998
TCGA.34.5241.01A.01R.1443.07	0.119300508479922	0.0361874388638788	0.449701941792822	0.0138776744275566	0.0895583756357209	0.0432693075901864	0.0271376663307678	0.0315831272648921	0.149008759411686	0.0152543895153789	0.0144198444368949	0.0107009662502938
TCGA.34.8456.01A.21R.2326.07	0.0721193187812136	0.0553206092103818	0.619092928547826	0.0113468777118731	0.04218406504785	0.0209763683660794	0.00455428528027207	0.00828914510956425	0.115541058728453	0.0110741279129798	0.0391700061543303	0.00033120914917725
TCGA.35.4122.01A.01R.1107.07	0.034418309969468	0.0117329258368561	0.519881821774933	0.00445422043297047	0.0537492865544542	0.0486115986996769	0.0198392682538908	0.0109018407736809	0.212692104908624	0.0184650438839639	0.0605668919162782	0.00468668699520368
TCGA.37.4132.01A.01R.1100.07	0.0466957023509035	0.0186329504943502	0.455371380902377	0.00813253164685061	0.090132028722828	0.0675708756332004	0.0107018141630478	0.00939459545830837	0.163756380666061	0.026410457487418	0.101424015769344	0.00177726670531165
TCGA.37.4133.01A.01R.1100.07	0.0186872249168143	0.00309779683543877	0.770972509613171	0.00456402743526751	0.0358405049241839	0.0197224693934179	0.00939355734297067	0.00484245412658629	0.0728418371578459	0.00694038383395121	0.04953145708741	0.00356577733294301
TCGA.37.5819.01A.01R.1635.07	0.102411304943888	0.0194925099527571	0.596124996937199	0.0018187733444314	0.040271424712406	0.0490319493873023	0.000558701719328378	0.00210563296709587	0.0893747058620752	0.0125099624255069	0.08584340280315	0.000456634944860158
TCGA.37.A5EL.01A.11R.A26W.07	0.0254920083272279	0.00253702766192612	0.935344975081994	0.000835812125892765	0.00349993813080744	0.00772641509911309	0.00572233099165588	0.00145119670562466	0.0101656669022456	0.00520224634520606	0.00202238262830613	0
TCGA.37.A5EM.01A.21R.A27Q.07	0.290571377381297	0.00828095512149152	0.377393306667568	0.00405284369526281	0.0529186025514182	0.0366823259020119	0.0211739395342799	0.0114328852686938	0.174150968277468	0.00802422811357471	0.0153185674869341	0
TCGA.37.A5EN.01A.21R.A26W.07	0.0493936211599367	0.0115170318710607	0.721652732554936	0.0137855732027405	0.0362121927336658	0.0282416349400928	0.0073797677260762	0.0104827148318544	0.0909453481079652	0.00689333316889432	0.0234960497027778	0
TCGA.38.4625.11A.01R.1758.07	0.00848671481397405	0.0762735489961798	0.396487440099228	0.00164665077109335	0.0527269445755181	0.0219412329723383	0.0196267294183588	0.0494012152394466	0.336100771141541	0.0141465292251451	0.012531911168079	0.0106303115790977
TCGA.38.4628.01A.01R.1206.07	0.0920014215054432	0.0078304302402695	0.5686193580154	0.00347596333725361	0.0335614946587878	0.0174437850992938	0.0200927705979759	0.0311569292789216	0.204085065667021	0.00691476973315851	0.0110379268070934	0.003780085059382
TCGA.38.4629.01A.02R.1206.07	0.129681605362547	0.0200382495739776	0.322285285203223	0.00581231195498307	0.0651822985965064	0.0632782586147156	0.00532817755191285	0.00969008426668369	0.311969955335742	0.0200120445716678	0.03587370102048	0.0108480279475614
TCGA.38.4631.01A.01R.1755.07	0.0313329548300985	0.00423942959839779	0.727082467099111	0.016534494197198	0.0278354994753682	0.0251869612271846	0.00527862528165277	0.00563958165751656	0.0891730452486458	0.00913693245762776	0.0490625253656816	0.00949748356151745
TCGA.38.7271.01A.11R.2039.07	0.0528493121708892	0.0551789848205697	0.408845667842391	0.08105452332573	0.0901299607526347	0.0714049449318119	0.0113427428323805	0.0183185922638509	0.171463879073948	0.0150074658076918	0.0244039261781031	0
TCGA.38.A44F.01A.11R.A24H.07	0.044915771692366	0.0351839413677018	0.583530499903699	0.0231268201396513	0.0607424544976281	0.0254926218735287	0.0128204479014708	0.0262972083989255	0.12699084183416	0.0165503777328578	0.0438435795983493	0.000505435059661931
TCGA.39.5011.01A.01R.1443.07	0.0377302643989283	0.0150721323984691	0.400646597986879	0.0101971468031357	0.0946880787301173	0.0709279260206507	0.00943582979832821	0.00572115230305343	0.285607295685371	0.0321644165952545	0.0346979244896731	0.00311123479013922
TCGA.39.5021.01A.01R.1443.07	0.103289637917325	0.0171988513270592	0.489258749339062	0.00159133557664505	0.0738140503163996	0.0481453836167691	0.00676010394289002	0.00791787573523102	0.163312163642544	0.014116300060384	0.0742620075063116	0.000333541019380273
TCGA.39.5035.01A.01R.1443.07	0.0752060592916734	0.0151881105772405	0.485549845214732	0.00195867453471858	0.0679141758272949	0.10010600575439	0.0107351313731926	0.0101737196224719	0.136668574167324	0.0279554883922764	0.0672109135368323	0.00133330170785347
TCGA.43.3394.11A.01R.1758.07	0.0247966025544575	0.089580479333897	0.389154196394914	0.00199585163535003	0.0488877543811807	0.0356732320541978	0.0244481185846561	0.0452265655903592	0.290785210902033	0.0267885391395222	0.00928218006781975	0.0133812693616134
TCGA.43.5670.01A.21R.2125.07	0.0775484232390964	0.0025786788942031	0.890685600690564	0.000282902633192976	0.0041548283931951	0.000651653528591548	0.00418092671011354	0.00468803157091863	0.0128545368828739	0.0007260341315085	0.000694779505096693	0.000953603820645594
TCGA.43.6647.11A.01R.1820.07	0.02895028728216	0.141673394055698	0.363219932372961	0.00492439338266566	0.0519096562616416	0.0389752515122012	0.0286324141949043	0.0320152499163583	0.211785572452215	0.0416788726763899	0.0254574779410309	0.0307774979517737
TCGA.43.7658.01A.11R.2125.07	0.0152047197711813	0.00226255772370138	0.638993225194609	0.00451972582807995	0.0449522707811731	0.112512528645818	0.00401998701051163	0.00757723661440658	0.131510079263614	0.0295944912533634	0.00885317791354268	0
TCGA.43.A475.01A.11R.A24H.07	0.0261539377035196	0.0115649378768922	0.321866621401988	0.00710839540486534	0.114051107234772	0.15815127858922	0.00830961875312102	0.0102470920956735	0.267740198495143	0.0407763497297549	0.0325051104003546	0.0015253523146947
TCGA.43.A56V.01A.11R.A26W.07	0.0684896123252886	0.00089647039651273	0.814983906504632	0.00748747600678486	0.0143467632593029	0.00697188049810935	0.00437553989711487	0.00747337965193391	0.0476717543106325	0.00316398737542677	0.0202724777900187	0.00386675198424299
TCGA.44.3396.01A.01R.1206.07	0.147253199045352	0.0115311329423546	0.40321922349574	0.00355332942793367	0.0739815035538122	0.0391696298833736	0.00935030348436255	0.0149903477434877	0.214547683950837	0.00556076945100894	0.0652120333237555	0.0116308436979825
TCGA.44.4112.01A.01R.1107.07	0.0851698973340031	0.0202275375432379	0.562546357301599	0.00266594892135146	0.0525907905837052	0.0304884536080554	0.0155912515284485	0.0184308753370171	0.156864038898477	0.00682831002431853	0.0442303056895979	0.00436623323018889
TCGA.44.5645.01A.01R.1628.07	0.029282638006307	0.0310548792117813	0.59388902587324	0.0304938891534881	0.0977687156108535	0.0180189455637745	0.0371913481675302	0.0294450260039185	0.11475247222728	0.00211548424165609	0.0151413820517343	0.000846193888436858
TCGA.44.5645.11A.01R.1628.07	0.0250513894397853	0.139520727920487	0.384845700460634	0.00709908566556327	0.0806435932090291	0.0276722407804723	0.0124000612038349	0.0467841319384669	0.21407608938622	0.043639306801309	0.0139116180645552	0.00435605512964275
TCGA.44.6775.01A.11R.1858.07	0.22427186952803	0.00716997200349436	0.317838634073286	0.00349156455970096	0.0590287107448359	0.0174924176181692	0.0339356926135289	0.030820620383278	0.260473375792158	0.00818128660320446	0.0342331393852885	0.00306271669502623
TCGA.44.6776.11A.01R.1858.07	0.0156534036222872	0.152315212696894	0.556555253017911	0.00494773675080344	0.0439960341788474	0.0236668641682213	0.0196435676659688	0.0201878966571402	0.131704048476517	0.0297849290969836	0.00154505366842586	0
TCGA.44.6777.11A.01R.1858.07	0.0388934782550916	0.104786649645166	0.334929505839098	0.00697609852807338	0.0862855712876888	0.0452643936312212	0.0178407001094779	0.0473823909077619	0.250410577055495	0.0326267690491432	0.0294879464624709	0.0051159192293126
TCGA.44.6778.11A.01R.1858.07	0.0209574353027333	0.189067326309343	0.292699467162877	0.00609637551805612	0.0956883363278819	0.0344191734048899	0.021286628602396	0.0755129348647213	0.20340423322395	0.0227750195466739	0.00737255836684807	0.0307205113696299
TCGA.44.7659.01A.11R.2066.07	0.0174966918185273	0.00458735119878522	0.821440042966745	0.0107961020829061	0.0270361497248624	0.0127341351087538	0.0079248846464424	0.0124876883692906	0.0601708610803955	0.00604093789519088	0.0192851551081013	0
TCGA.44.7671.01A.11R.2066.07	0.0707720688489208	0.0243240114118048	0.831797420941211	0.00125953537724645	0.0102543537358444	0.00413027484023093	0.00562579628169383	0.0060132082770457	0.0348395684276858	0.00244417960445384	0.00798239005348779	0.000557192200374931
TCGA.44.8120.01A.11R.2241.07	0.122719385727799	0.0403730997474297	0.588276881469312	0.0075972329443286	0.0435187668934287	0.0149652455700715	0.0181210982565827	0.0211350996311821	0.108040901429951	0.00533506146079897	0.0278739742377979	0.00204325263131789
TCGA.46.3766.01A.01R.0980.07	0.192559950728795	0.0379431899167342	0.390576111979494	0.0110000027787102	0.0624707234245804	0.0333343011941856	0.0265133107915481	0.0430844944489245	0.12884868880045	0.00904581533840368	0.0624571061163445	0.00216630448182994
TCGA.46.3767.01A.01R.0980.07	0.277784374604571	0.0300420659914151	0.41422232499586	0.0108262759970465	0.0671966572752973	0.0198572083422084	0.0172143050874434	0.0252301847179247	0.0960981661623274	0.00121894904401478	0.0357893282592888	0.00452015952260243
TCGA.49.4514.01A.21R.1858.07	0.027186597580423	0.00922605744889142	0.806820160051395	0.00928995220938193	0.0334636152863865	0.0248898332220581	0.00595149463441772	0.00341241247339625	0.0510593808496882	0.00956275935726693	0.0187981308042585	0.000339606082436623
TCGA.49.AARO.01A.12R.A41B.07	0.12730584498623	0.0165512869424332	0.481342537425106	0.0308704288322213	0.0595230109212887	0.0288465154312477	0.0325765498847426	0.00809107799041695	0.166000214352029	0.0128823007744895	0.0333326160187216	0.00267761644107396
TCGA.4B.A93V.01A.11R.A39D.07	0.0259468802996762	0.00169578161507471	0.749830854754099	0.00160972800644821	0.0292920558840239	0.0151889198112798	0	0.000842036860733891	0.112250682188146	0.00973111525096924	0.0536119453295487	0
TCGA.50.5044.01A.21R.1858.07	0.122367075962606	0.0480457916070828	0.610259380149714	0.000260946689568884	0.0301304277833828	0.0293271126839664	0.016975215245165	0.00979795657663555	0.0965491600061636	0.0129432418333319	0.0223020196868647	0.00104167177551835
TCGA.50.5049.01A.01R.1628.07	0.104762447306285	0.0217216798573139	0.262135414366938	0.013359860436101	0.0996302424603385	0.11420420257758	0.00539839069015678	0.00663933623269819	0.26926056371224	0.0147831642999948	0.087782886568862	0.000321811491491427
TCGA.50.5066.01A.01R.1628.07	0.0759426603823665	0.0249316394941362	0.338145136240924	0.00721863076049036	0.0811494243025663	0.0955733127630343	0.00587591646637344	0.00869167432522059	0.23262322084899	0.0123202787541644	0.115731750109505	0.00179635555222882
TCGA.50.5931.01A.11R.1755.07	0.161799436470752	0.0127732695824823	0.711653803395645	0.00348574090456516	0.0228510757393689	0.00823559187513036	0.00593862036111057	0.0031857514106779	0.0558532811778745	0.00272373890983983	0.0114996901725534	0
TCGA.50.5931.11A.01R.1858.07	0.0108081451647754	0.158174857785737	0.456877685119508	0.0015919739550581	0.0535294064797752	0.0210675823019218	0.0227751404527184	0.0566188433347098	0.187992648455635	0.0264720802472437	0.00398449960558289	0.000107137097334456
TCGA.50.5932.01A.11R.1755.07	0.0195898435353247	0.00746524056183315	0.855394251132348	0.00149150489838554	0.0205821702135988	0.00614588064023485	0.00362582317520357	0.00581435232355209	0.061265305725759	0.00382302647957723	0.0139713013336914	0.000831299980491627
TCGA.50.5935.11A.01R.1858.07	0.0457239496947172	0.175986577792457	0.415183838259518	0.00131371890280656	0.0651173333895761	0.0224659618264898	0.00901801300186869	0.0374876655543278	0.191925278863852	0.0311843102825467	0.00335192428333483	0.00124142814850468
TCGA.50.5942.01A.21R.1755.07	0.0410665956465358	0.036215906079612	0.813051455977616	0.00356446557385216	0.0267542811057841	0.00637090844018818	0.00317448412996199	0.0154792660820915	0.0315539251852315	0.00214202959069037	0.0203068299307092	0.000319852257726857
TCGA.50.5946.02A.11R.2090.07	0.277278451665143	0.0293513095138921	0.519523207183684	0.0038816227222943	0.0274725070990316	0.0209133270189163	0.00163820291126244	0.00599314698762698	0.0663044145685681	0.00386556851372047	0.0426037963678855	0.00117444544797613
TCGA.50.6590.01A.12R.1858.07	0.0810254829147801	0.0263657258092078	0.327779480904537	0.00721391820871615	0.0961199716571794	0.0584846850519431	0.00339223731481362	0.00366484913032191	0.273075322582034	0.0314721605097319	0.0880980913612199	0.00330807455551461
TCGA.50.6673.01A.11R.1949.07	0.0861513990073726	0.0386149746476524	0.640113211866936	0.00825383469642247	0.0427706210615857	0.0070811328106337	0.0103075366434265	0.00809236597729913	0.114360024275845	0.00557399278016016	0.0380806085763983	0.000600297656267667
TCGA.50.7109.01A.11R.2039.07	0.0785279490108815	0.0148475333439672	0.6890122212868	0.00919879941287874	0.035817041891682	0.0281002886670093	0.00147897617169819	0.00200416970049462	0.0873022055758342	0.00915755571771856	0.0444922755501407	6.09836708954391e-05
TCGA.51.4079.01A.01R.1100.07	0.0817003945242269	0.0128113554227354	0.724911313024427	0.00488607635395021	0.0268650904444195	0.0155984578908709	0.00868869009621896	0.00589783444770891	0.0832699377840085	0.00282954525512454	0.0308641019162768	0.00167720284003184
TCGA.51.4080.01A.01R.1100.07	0.0123171922626888	0.013296704735847	0.844964029457612	0.00271008397843505	0.0182143810797923	0.0104443460021141	0.00661701899529826	0.00422405117564853	0.0743435540688222	0.00455706185670377	0.00696178181862056	0.00134979456841716
TCGA.51.4081.11A.01R.1758.07	0.0595531637613648	0.071798449980735	0.228408702743996	0.00523848746474976	0.083694453519414	0.0927477216507066	0	0.0450517498153289	0.32889585940413	0.0166813378492114	0.0492318082593935	0.0186982655509702
TCGA.52.7810.01A.11R.2125.07	0.0989907370052419	0	0.861113190749148	0.00122558166158923	0.0070937053513466	0.0014360295179687	0.002891655892207	0.00198410042535082	0.0211833228852361	0.00263166350696281	0.0014500130049486	0
TCGA.55.6642.01A.11R.1858.07	0.31522062555407	0.0160780191894549	0.454967308243081	0.00149891342060921	0.03316246046396	0.0213965982725715	0	0.00658224003275077	0.0700234099130632	0.00540515023041187	0.0741552498108677	0.00151002486915988
TCGA.55.6970.01A.11R.1949.07	0.0236142294380342	0.0185636595456338	0.678548074698303	0.007527518053696	0.059147906081632	0.0179849664866307	0.0213570364105082	0.0107810174512072	0.120871739377018	0.00612581412568388	0.0335802178741499	0.00189782045750243
TCGA.55.6971.01A.11R.1949.07	0.0898213833037196	0.0243490214815199	0.412007525014885	0.0208144391404845	0.0838450956591204	0.0581859011319822	0.00140239332620499	0.0234535339524714	0.180937575566328	0.0296940792627632	0.0706825949751093	0.00480645718541127
TCGA.55.6971.11A.01R.1949.07	0.0171923091424296	0.0990572434580742	0.413169508567206	0.00187978700279022	0.0692557001051341	0.0442637257539307	0.00978066176235659	0.0594528786170369	0.244498007625518	0.0257621303559157	0.00792804662534603	0.00776000098426218
TCGA.55.6983.01A.11R.1949.07	0.0965366828298536	0.0170894274423942	0.638862378561222	0.0358230802246923	0.0590643660286532	0.0228657040058348	0.00477231338816075	0.00802144827768896	0.0874323773035704	0.00897923294690538	0.019453781819149	0.00109920717187567
TCGA.55.6983.11A.01R.1949.07	0.0182892639324302	0.042353088669636	0.456961854792599	0.00577890102742957	0.075045176811721	0.0443322299916377	0.013725199950195	0.0315301590244567	0.281225387947429	0.0134946048753372	0.00814511769448644	0.00911901528264193
TCGA.55.7570.01A.11R.2039.07	0.102231371293515	0.00744332002570183	0.748644081543922	0.00935345964488158	0.0171147415553027	0.0190324154812791	0.00036682017073451	0.00401162201489762	0.0438166322921655	0.00452688074371844	0.0430596760725274	0.000398979161354035
TCGA.55.7725.01A.11R.2170.07	0.00793558665908716	0.0140570288375836	0.618285275389278	0.0271286742855882	0.0872224898741878	0.0325218696354999	0.0134488712156329	0.0367066674706165	0.149007417444033	0.00469863692076511	0.00671822592651839	0.00226925634120925
TCGA.55.7815.01A.11R.2170.07	0.163863475262348	0.0112153770792546	0.527849034307933	0.00729753863047022	0.0920051843341149	0.020317421072201	0.016587320695652	0.0100567786794834	0.134512361199399	0	0.0140988542566223	0.00219665448252285
TCGA.55.7913.01B.11R.2241.07	0.0197185847152514	0	0.858766524236681	0.00208321899767535	0.0205447459868824	0.0111061354541913	0.00341355344387143	0.00300145437830733	0.0542054013071992	0.00305766589698521	0.0225358240833745	0.0015668914995812
TCGA.55.8085.01A.11R.2241.07	0.0312061529180533	0.00485920764774879	0.66428350875677	0.0095677896163956	0.0487353541289257	0.0428488188658689	0.00253442441061781	0.000532685535701309	0.141648497413108	0.0141805972972301	0.0396029634095796	0
TCGA.55.8087.01A.11R.2241.07	0.0306623254183639	0.0130912227903637	0.799154445321238	0.00256278596610926	0.0240767625492375	0.00528689139796267	0.020659125736885	0.0242413974767295	0.0712553902924759	0.00233853774094288	0.00470783099708883	0.00196328431260323
TCGA.55.8090.01A.11R.2241.07	0.0590447860815035	0.00788979293374525	0.702201132514144	0.00539408323538739	0.0508182390519236	0.00988544871347137	0.00974342761270024	0.0126817284655578	0.118599640921331	0.00520343495755408	0.0168846705300433	0.00165361498263802
TCGA.55.8091.01A.11R.2241.07	0.132827428721312	0.0245159445292499	0.526970735883477	0.000405471825251684	0.0676002818468511	0.0107411090123307	0.0219681152630545	0.026127690937139	0.139419788708687	0.0191039379879899	0.0258329578399681	0.00448653744468874
TCGA.55.8092.01A.11R.2241.07	0.119689461982915	0.0120014497913523	0.501194396398086	0.00876613725786646	0.0407633596091549	0.0727168785515192	0	0.00471254197196353	0.0980790155406473	0.0208296429053159	0.118616115727475	0.00263100026370444
TCGA.55.8094.01A.11R.2241.07	0.00643241331342518	0.0159113732817621	0.920310256201618	0.00170612938197573	0.0102202569072965	0.00385010505294614	0.0088998443523374	0.00168202770473173	0.020816761693055	0.00254642954220728	0.00699544634719614	0.000628956221448421
TCGA.55.8207.01A.11R.2241.07	0.0726224853636206	0.0162878014323532	0.584932908654195	0.004394011581161	0.0582752537607072	0.0184525040236518	0.0188847367461499	0.030593335389513	0.180584962691332	0.00353737425110027	0.0093956951943418	0.00203893091187448
TCGA.55.8301.01A.11R.2287.07	0.0644001191760967	0.00274786955853501	0.524972024000984	0.0197420170716871	0.0533091543652616	0.0541089658567003	0.00249114999782124	0.0138567331195861	0.180092079788075	0.0179711592233285	0.0663087278419252	0
TCGA.55.8508.01A.11R.2403.07	0.0995602267805842	0.0142096816734985	0.685553193381564	0.00727097281987241	0.0239670391949177	0.0131523109292976	0	0.00240838005987542	0.0652430444616797	0.00521533811558667	0.0800708968512956	0.00334891573182832
TCGA.55.8510.01A.11R.2403.07	0.0973296431779803	0.0096660387315937	0.535327473320916	0.00744973470181166	0.0588301402480157	0.0421968039115964	0.0104725953204676	0.0262687876536802	0.178521649153762	0.0136524993356837	0.0176319995452664	0.00265263489922663
TCGA.55.8619.01A.11R.2403.07	0.0283122488691323	0.0387452682704295	0.477924544966307	0.0287925205191839	0.073345130954808	0.0475384928479296	0.00656940103094322	0.0331859897796171	0.19566660747103	0.0184045484740156	0.0426913543118342	0.00882389250477008
TCGA.55.8620.01A.11R.2403.07	0.0263154379036732	0.00698541859436691	0.624926676705185	0.00923118978490879	0.0618602145093586	0.0435513893419566	0.000260061900708243	0.00392491987147935	0.136528696329742	0.0101751520836589	0.0750499968095969	0.0011908461653647
TCGA.55.A48Y.01A.11R.A24H.07	0.168442386972489	0.0119589639526467	0.646376740017522	0.00328014280406	0.0329018507985873	0.010313764030571	0.000281458786150992	0.00481569468343455	0.0793897359186674	0.00379504838363305	0.035904269755409	0.00253994389682906
TCGA.55.A492.01A.11R.A24H.07	0.0129535187110763	0.0155630950884482	0.886876090512844	0.00114371501023913	0.0141406495077696	0.00658865359341967	0.00262315837512148	0.00490234765280869	0.0267605047324686	0.00382994158928041	0.0241413624794343	0.0004769627470895
TCGA.56.5898.01A.11R.1635.07	0.0847174818851547	0.0166072468010106	0.74844355292856	0.00376062235931176	0.0261287222230622	0.0110898664213122	0.00536337464156872	0.00703962926085423	0.0779051722467361	0.00536580517287599	0.0127455251921751	0.000833000867378339
TCGA.56.7223.01A.11R.2045.07	0.0919591024690369	0.00419305939702468	0.861571832548499	0.00485294624038987	0.00588548628585865	0.00313184700007296	0.00058410971352381	0.00179079921077356	0.0225217590598566	0.00161992153131416	0.00188913654364992	0
TCGA.56.7582.11A.01R.2045.07	0.129162447245761	0.168569220965095	0.278018418477201	0.0173546803496471	0.0587615060919945	0.0345978854621455	0.000751588806929107	0.0222689530640267	0.250278043301959	0.0158701951834043	0.0185632427196756	0.00580381833216138
TCGA.56.7731.01A.11R.2125.07	0.104925750668925	0.0279007857926902	0.641601345666408	0.00601949415767982	0.040423068284628	0.0125532820816004	0.00609637682160748	0.0102674365234142	0.111966595062185	0.00464491367168166	0.0301100881600937	0.00349086310908703
TCGA.56.7822.01A.11R.2125.07	0.0484985305970975	0.0273060444596958	0.800082114812824	0.00209819662559929	0.00916485056408712	0.00929915565598254	0.00452433778031789	0.00708024829696806	0.0781315910799293	0.00585307046020737	0.00599963259158152	0.00196222707571011
TCGA.56.8308.01A.11R.2296.07	0.134532943430156	0.0425676580131263	0.626751001707654	0.0123486134274415	0.0379719874673099	0.0114924823978833	0.00415258316884059	0.0104473830171033	0.0838883499894165	0.00327643357659699	0.0316549430383858	0.000915620766086119
TCGA.56.8309.11A.01R.2296.07	0.0196392227830656	0.0679856827611723	0.352464494891085	0.0105795463705116	0.0726990170119098	0.0510142571970354	0.0357297288827425	0.0166807973320886	0.320127183757479	0.0221853124166658	0.0121899605619986	0.0187047960342457
TCGA.56.8503.01A.11R.2403.07	0.307552959755665	0.0224563747751648	0.243577791358012	0.00454317946641586	0.0616194614057452	0.0240197969202896	0.00193971222440059	0.0231271259143727	0.258421435288056	0.0136324338592378	0.0328151154163435	0.00629461361629658
TCGA.56.A5DS.01A.11R.A27Q.07	0.0703557775765009	0.0190408114312549	0.741411261654076	0.016297003602689	0.0303967510015811	0.0158307587653182	0.00706051750807488	0.00942316582907643	0.0492517092049195	0.0051190476498963	0.029741749835754	0.00607144594085892
TCGA.58.8390.01A.11R.2326.07	0.274579450404839	0.00621072480192352	0.510752282956841	0.0022364817923023	0.0535462092338271	0.0173277442079293	0.00637750201767676	0.0075025073328258	0.112356357043241	0.00529023787230443	0.00175462723137445	0.00206587510491506
TCGA.58.8391.01A.11R.2326.07	0.0409818405796789	0.00601410775221554	0.873091707419509	0.00149432509929573	0.00753988322704179	0.0101663880567443	0.000914203967491137	0.00465757418988111	0.0440824076420921	0.00315036970070893	0.00789875617300486	8.4361923365152e-06
TCGA.58.8393.01A.11R.2326.07	0.0760113796786026	0.0181923926548779	0.600770592974072	0.0131751135199513	0.0513069225886457	0.0481714356479375	0.010504837513162	0.00569879821678137	0.128704319767058	0.020899144115009	0.0225337225544988	0.00403134076940357
TCGA.58.A46N.01A.11R.A24H.07	0.0298512817147138	0	0.960908597579239	0.00020135344954229	0.00152823140959383	0.000912816907938284	0.000761485268771224	0.00181834942835669	0.00242935765129961	0.000669182575135685	0.00089711506954356	2.22289458659921e-05
TCGA.60.2695.01A.01R.0851.07	0.0479471960505362	0.0225794848598086	0.658214752085214	0.0108960202283295	0.0396871129841656	0.041795540259004	0.00149573125678216	0.00596451055196595	0.108782371096438	0.0138120893055421	0.0455793960309089	0.00324579529130471
TCGA.60.2703.01A.11R.2045.07	0.293586868812443	0.0111027887334754	0.59136311193099	0.00220306548349444	0.0169429035616934	0.00408383543963705	0.00362149468755026	0.00188815830485778	0.0320898040931906	0.00721768162031078	0.0340191849247851	0.00188110240757171
TCGA.60.2704.01A.11R.2045.07	0.23590994536231	0.0268459561123081	0.330704977520988	0.011634810168259	0.0796227526194906	0.0248905255453796	0.00607273511482786	0.0144126372865734	0.209029253714463	0.00634816317439102	0.0471711242581275	0.00735711912288158
TCGA.60.2712.01A.01R.0851.07	0.155347759257892	0.0203474209451688	0.324588931392737	0.0153809735636286	0.106649144704853	0.053775545121072	0.00135713127223262	0.0041310601993487	0.221689265355603	0.00700323081478413	0.0896909267235966	3.86106490829122e-05
TCGA.60.2719.01A.01R.0851.07	0.0302320012337152	0.00699799501209374	0.794177691257085	0.00336074843545461	0.0291179075370301	0.0161007976841883	0.00298964827072067	0.0029558896455814	0.0905574325509382	0.00595068691352685	0.0165546371357196	0.00100456432394601
TCGA.60.2721.01A.01R.0851.07	0.219486599412988	0	0.471100378645987	0.00283664408769532	0.0584954023282103	0.0639417005513493	0.00719199847930021	0.0149651197664343	0.110755028304915	0.00995819070938599	0.0397319521355686	0.00153698557816528
TCGA.62.8394.01A.11R.2326.07	0.0581377121045903	0.0225918795995887	0.722559136740458	0.00466013279327903	0.0346234461288379	0.0139318653138074	0.00999722666411089	0.00709748403031072	0.111102294275476	0.00664381818891977	0.00772072286609969	0.000934281294521152
TCGA.62.8398.01A.11R.2326.07	0.0926253681022833	0.00836883198076302	0.677223592925905	0.00472301637021082	0.049475811550731	0.0159936814567899	0.00383104389432164	0.00812645003571358	0.111838043946971	0.0114599993503267	0.0151183034693572	0.00121585691662696
TCGA.62.A470.01A.11R.A24H.07	0.0119654990282226	0.00735250258302136	0.831383207202403	0.00241191944930658	0.0153503456063594	0.0117639628070726	0.00718629046531896	0.00533951060141595	0.0916672656186614	0.00378976575728537	0.0097523222941006	0.00203740858683258
TCGA.63.5128.01A.01R.1443.07	0.0762222249566216	0.0117724234216671	0.857210647611427	0.00071813674470486	0.00959915600801676	0.0024901797897158	0.00430135796222215	0.0022076462771601	0.0258542155692668	0.00373681368091193	0.00469448594114528	0.00119271203714075
TCGA.63.5131.01A.01R.1443.07	0.0517725499122177	0.0217336656473793	0.752903027189826	0.00254714429725989	0.0328356742861689	0.0131768170405265	0.0250035078886461	0.00723963310977534	0.0617385254678017	0.00688855357462842	0.0111351994177542	0.013025702168016
TCGA.63.6202.01A.11R.1820.07	0.109788008522953	0.0197449740205412	0.432537000109672	0.0121373384248355	0.0877269519416564	0.0739495653562779	0.017987507662629	0.013941215104903	0.189993923872818	0.0237733996655019	0.0117508524868379	0.00666926283137446
TCGA.63.7023.01A.11R.1949.07	0.0543158128790408	0.0108756782325492	0.704936368197317	0.00454876266491197	0.0431835849993005	0.0374225850207497	0.0123912630016156	0.00485329645758516	0.0886385833960601	0.0120421810657475	0.0257891139056995	0.00100277017942297
TCGA.63.A5MB.01A.11R.A26W.07	0.03937141089641	0.00983461470349966	0.760044527690352	0.0074679563541469	0.0277536100426402	0.0297429408612472	0.00343841084421846	0.00416888495511226	0.0991875547659472	0.0106438838257072	0.00834620506071887	0
TCGA.63.A5MI.01A.12R.A27Q.07	0.0642636590754293	0	0.882432051076192	0.00176326969250635	0.0085474557989146	0.0038593025676975	0.00252658509821484	0.0038165321235821	0.0189270972622785	0.00158320934360791	0.0111326714141346	0.0011481665474427
TCGA.63.A5ML.01A.31R.A27Q.07	0.0746453312153928	0.0226867929972525	0.67198690673671	0.0028303239448888	0.0287691120406424	0.0392684883647844	0.000720612649155757	0.0104068002602261	0.128016847290016	0.0129162278491997	0.00639806110470868	0.00135449554702262
TCGA.63.A5MM.01A.11R.A26W.07	0.157706012691325	0.0355569744633126	0.405246497535067	0.00421694842200747	0.0765591567518766	0.0447278721325001	0.010241373202382	0.0122543211962346	0.2051618655848	0.0267447764189962	0.0140886732650876	0.00749552833641114
TCGA.63.A5MT.01A.21R.A26W.07	0.173743821376367	0.0229190990279066	0.51635809653124	0.00931004967478163	0.0370398476454916	0.00644625785492389	0.000287765653049782	0.00274680972560479	0.196474233675644	0.00986957532535628	0.0207117265087679	0.00409271700086622
TCGA.63.A5MU.01A.11R.A26W.07	0.0146628476231763	0.00186681569519953	0.927407992625138	0.00164335487063102	0.0108374460201813	0.00261553956811321	0.00361718742019084	0.00990129080415016	0.0147057613543787	0.00184633864886408	0.0101901569787742	0.00070526839120323
TCGA.63.A5MW.01A.11R.A26W.07	0.401307043256302	0.00841194902117765	0.451495350814817	0.000875547605434143	0.018590565235388	0.0215355343508478	0.0053959240304153	0.00753730855767414	0.0621069991342888	0.00927736942396671	0.0131071030426886	0.00035930552700017
TCGA.64.1679.01A.21R.2066.07	0.2689970171141	0.00918958963352286	0.43625816227339	0.00253386705999101	0.0292568046977761	0.00721506341292637	0.0256770691397338	0.0152933440470702	0.171388922816555	0.0021999413953871	0.0256167131682494	0.00637350524129804
TCGA.64.5774.01A.01R.1628.07	0.0804813363246373	0.00215760949391399	0.812922526407703	0.00377657095707593	0.0236951889511881	0.00855927400582213	0.00124149079446487	0.00229477610415102	0.0337408521209276	0.00622525269563611	0.0235567642157715	0.00134835792870883
TCGA.64.5775.01A.01R.1628.07	0.224356390168419	0.0431115040750833	0.187673897345086	0.00393281513505934	0.0605877952685579	0.0253286061997845	0.00105709404907855	0.0279087926529505	0.378933836024792	0.0256383757856429	0.0155365887710974	0.0059343045244483
TCGA.64.5815.01A.01R.1628.07	0.317591604099472	0.0139981572954656	0.384861646000209	0.00202554568899346	0.0485556752020849	0.00950702544976096	0.0241315054390471	0.00911698557139342	0.164469567274612	0.00297752102695101	0.0204382636364406	0.00232650331557013
TCGA.66.2734.01A.01R.0980.07	0.125797893733878	0.0182687776273731	0.513153488775047	0.00734324803307662	0.0278707811711488	0.0115895076641769	0.03187948784022	0.0099157191748604	0.178552270684979	0.0137500697365051	0.00318968101414486	0.0586890745445903
TCGA.66.2756.01A.01R.0851.07	0.0876878273366854	0.00388875404545685	0.687814716008705	0.00248259014164082	0.0485998591662605	0.0188758351548484	0.00443694028799386	0.00354273400791252	0.0913115872794728	0.00871298579682841	0.0411458943209985	0.0015002764531973
TCGA.66.2759.01A.01R.0851.07	0.0995250988049606	0.0134815846226535	0.596152154960641	0.00995592757971532	0.0358611437596556	0.0279613124554586	0.0061976064375402	0.00674521408123261	0.159736117080519	0.00797528533111503	0.0317724535829347	0.00463610130357368
TCGA.66.2767.01A.01R.0851.07	0.050636547667934	0.0245109053017686	0.484457906919663	0.0188070796376739	0.0730418350729369	0.0731872273865692	0.0123518869220355	0.0175428263665299	0.18157326410528	0.0179463417194501	0.0435432287765699	0.00240095012358967
TCGA.66.2768.01A.01R.0851.07	0.0234250098128837	0.0179799448108658	0.647758122419256	0.00330493615980238	0.0381870016107332	0.0268063752129827	0.021646648253803	0.0202253223492304	0.17283899658226	0.0159821255218097	0.00332698826669778	0.00851852899967539
TCGA.66.2781.01A.01R.0851.07	0.109238768523157	0.0205662799574435	0.615884703498949	0.00802164947784334	0.0239070429908377	0.019853954680807	0.0147739823875987	0.0162732843445297	0.071240140722008	0.00566035980208004	0.0677480911856842	0.0268317424290626
TCGA.66.2786.01A.01R.0851.07	0.0387568847466412	0.00875442014173392	0.736186372245541	0.0030977422596528	0.031975901065142	0.0274275285139774	0.0114413567345898	0.00972134745552566	0.0988264872717755	0.00756497408127916	0.0233130890424001	0.00293389644174131
TCGA.66.2788.01A.01R.0980.07	0.235702835006191	0.018144247348508	0.439813365776981	0.000494589807102419	0.0488830801191018	0.0338200978416312	0.00215454084092995	0.00545517188064305	0.12912822571635	0.00873957505825128	0.066589300629524	0.0110749699747862
TCGA.66.2795.01A.02R.0980.07	0.188328298430868	0.0129319874404244	0.475335702342481	0.00467651013347904	0.0479066761896429	0.02357041897737	0.00561700148843467	0.0086021435228522	0.18493864134184	0.00459307394830666	0.0393589842787324	0.0041405619055687
TCGA.66.2800.01A.01R.1201.07	0.0402719948225176	0.0125806565165674	0.680103572573567	0.0066969493395674	0.0373148481966432	0.0147044609623262	0.0150953615447025	0.0155038011049323	0.134413149559494	0.00577346896973429	0.029838786252402	0.00770295015754563
TCGA.68.7757.01B.11R.2296.07	0.283255172994668	0.00691553631540912	0.52448308654499	0.00244531243823721	0.0310499984006049	0.0109520882511164	0.00417195313784526	0.0129902259908841	0.0893432283649712	0.00342606909974861	0.0273198488341783	0.00364747962734622
TCGA.69.7761.01A.11R.2170.07	0.0676469268518177	0.0196428103077825	0.463084998355255	0.0115402377076597	0.0892821976101476	0.0594745692414971	0.0103811069237965	0.0173231836308591	0.160765789233786	0.00433215154601446	0.0928947037777188	0.00363132481366517
TCGA.69.7978.01A.11R.2187.07	0.0986323059633057	0.0262094411480218	0.345915572355119	0.00965920287833322	0.0886706095705204	0.0739009276277084	0.0255513734278883	0.023849134779161	0.219883179231666	0.0228267517126185	0.0593370703962271	0.00556443090943042
TCGA.69.8453.01A.12R.2326.07	0.0164497589058313	0.0209338703786436	0.512029136933523	0.0137868208670606	0.0589099598853004	0.0414074137126282	0.0101961589535448	0.0174927106708612	0.271791520422605	0.0227192390580302	0.0112075614241542	0.00307584878781782
TCGA.70.6723.01A.11R.1820.07	0.0237809468013491	0.0061226639271644	0.935217779363841	0.000436399539841992	0.00461074370428017	0.00820581265199625	0.000678064732322675	0.00088247272616878	0.0152363902174895	0.00404087681365174	0.000787849521894541	0
TCGA.73.4662.01A.01R.1206.07	0.0494816718912683	0.0152168233779628	0.640246641987751	0.0166620724342323	0.0616359957997403	0.0246308834445574	0.0207471373996672	0.00838365100726037	0.107324408276304	0.0106924117509043	0.0449783026303518	0
TCGA.73.4670.01A.01R.1206.07	0.145722167554198	0.0158142427679063	0.627312215910273	0.00523668508774363	0.0275143246807229	0.0120133494960302	0.0152816692608319	0.0033019175443194	0.104501423063326	0.00668398643810717	0.0303809406445051	0.00623707755203672
TCGA.73.4677.01A.01R.1206.07	0.0215937122892629	0.0233181440173663	0.804031651596479	0.0032308701597124	0.0304401935740261	0.015191995146173	0.00577552035327736	0.00459225204624689	0.0630194336203309	0.00461666063356518	0.0232742115070419	0.000915355056518149
TCGA.75.5146.01A.01R.1628.07	0.0118043175061738	0.0227226081871594	0.733656386835557	0.01392555336917	0.0572295459060656	0.0203035649622672	0.00720651198503928	0.00600957518673914	0.071379185845397	0.00586072784292949	0.0481858759317036	0.00171614644179813
TCGA.75.6206.01A.11R.1755.07	0.0562089442098418	0.0274445534446651	0.702160522007033	0.00156184255552815	0.0299267961307995	0.00602469151148839	0.00453758405930498	0.00977193829293061	0.146667937782926	0.00639704745481037	0.00731296424072325	0.00198517830994944
TCGA.75.6211.01A.11R.1755.07	0.131335016775019	0.0125957329473599	0.708453962009362	0.00145264678178735	0.0368630710265031	0.00936857576020244	0.00412286451170604	0.00202271288212893	0.0476663855853686	0.00374234387490419	0.0404110361189436	0.00196565172671486
TCGA.75.7031.01A.11R.1949.07	0.0261702367171892	0.00484433526828562	0.735383006888195	0.00197979959297819	0.0446153754766707	0.0370295142881376	0.00845900071508937	0.00469390568776295	0.100211191881182	0.0127104081247538	0.0219885727511854	0.00191465260857043
TCGA.77.7138.11A.01R.2045.07	0.0190265906321081	0.119414689860632	0.379535572396853	0.00193150795288598	0.0511580866462764	0.0329484021522763	0.0113737730612775	0.0542131704255886	0.257450779121565	0.0418125155335432	0.0182018069340324	0.0129331052829613
TCGA.77.7335.11A.01R.2045.07	0.0198168033419215	0.0848762105464607	0.314664129183437	0.00164686450425172	0.108050914930685	0.0917421139161999	0.0224217655065712	0.0319267843254359	0.272519924558259	0.0324356378375522	0.0168823228718462	0.0030165284773804
TCGA.77.7337.11A.01R.2045.07	0.0194851053982225	0.129081496033123	0.335707609519047	0.00346456022496295	0.0953868202601243	0.0434512499301965	0.0182102613492558	0.0300904842279592	0.257630955832858	0.0516057926355055	0.0119800193996321	0.00390564518911247
TCGA.77.7465.01A.11R.2045.07	0.0843885883122344	0.0195209894159757	0.38256011048574	0.0127311940248315	0.107405426609599	0.0803364024728655	0.007571627039825	0.0137612254152501	0.223786666770223	0.0255978336992848	0.0410932072042384	0.0012467285499324
TCGA.77.8007.01A.11R.2187.07	0.159128506753149	0.0218280150297294	0.349255431032738	0.00311646281148787	0.0655427824358072	0.0488148450991368	0	0.0186286500059664	0.309075092782616	0.00762690622890166	0.0129385381074749	0.0040447697129927
TCGA.77.8008.01A.21R.2187.07	0.53526757609889	0.00651313630484519	0.203808057775019	0.00406334086306061	0.0485687144309076	0.015630395407919	0.0051405702648999	0.0096001780980665	0.130166772253451	0.00804587291083289	0.0300407431966278	0.00315464239548091
TCGA.77.8009.01A.11R.2187.07	0.202220052555466	0.0223377494663525	0.563971351165915	0.00165662796197701	0.0303037659397795	0.025023438926598	0.00182291276737534	0.0113705132061546	0.125067541956267	0.0123949916882757	0.00338449291040342	0.000446561455435888
TCGA.77.8128.01A.11R.2247.07	0.347289989473639	0.00668040283169071	0.59124095294986	0.000699264442995695	0.00864697708476269	0.00518606363854681	0.0006873461468284	0.00414048165060443	0.0289525919888035	0.00262765269038995	0.00372150596344119	0.000126771138437244
TCGA.77.8133.01A.12R.2247.07	0.0429005049416216	0.0228943844358841	0.481833154923597	0.0955907934336382	0.0899341806391013	0.0260622053354745	0.020631335253016	0.0251712790024273	0.149300178367243	0.0171049569632815	0.0285770267047161	0
TCGA.77.8139.01A.11R.2247.07	0.249872542690417	0.00908724735032939	0.588153700344011	0.00180521159692485	0.0303612236996004	0.012782348579441	0.00120645528039211	0.00430039092543555	0.0590509696367627	0.00930534801282579	0.0335971784750745	0.000477383408785817
TCGA.77.8156.01A.11R.2247.07	0.159761158788383	0.0295368727712521	0.302285075207953	0.00920629602237855	0.0973163957095957	0.0744238841844746	0.00296262374827941	0.00863588449421903	0.233134459214145	0.0163024334697203	0.0639888974353417	0.00244601895425793
TCGA.78.7147.01A.11R.2039.07	0.0236998822621298	0.00659241377115581	0.783048251248119	0.00198204901513597	0.0366968499805014	0.0239941927670796	0.0091349329195701	0.0131969653325996	0.0888451576013053	0.00558041717997026	0.00722888792243365	0
TCGA.78.7159.01A.11R.2039.07	0.0743664779571451	0.0160538102875394	0.780249210514171	0.00247077946474189	0.0205785289904755	0.0126447200173539	0.00466033156389477	0.00318876104056488	0.0443046005986436	0.0058432829002554	0.0323102144025011	0.00332928226271348
TCGA.78.7161.01A.11R.2039.07	0.0933923445668472	0.0362175899832494	0.798428569491872	0.000454463756036439	0.0147468497855394	0.00657951224166129	0.00461873396035861	0.00315824217138517	0.0253795676784011	0.0031939911816175	0.012479447810307	0.00135068737272527
TCGA.78.7167.01A.11R.2066.07	0.0414942503805484	0.0179689239666297	0.869403116626019	0.00179743837365062	0.0153445406990988	0.00675725197619548	0.00131728543987537	0.00563583402550109	0.0295320243862163	0.00365101830864962	0.00709831581761521	0
TCGA.78.8660.01A.11R.2403.07	0.0392573974106533	0.0142999538455512	0.601423002457482	0.0116091219504592	0.0753961302503693	0.0389233022807656	0.00168452997664647	0.0112434164463091	0.168061594794854	0.0213177848616858	0.0165458514101144	0.000237914315109919
TCGA.85.6561.01A.11R.1820.07	0.393227192908633	0.0188188084153196	0.276375728102944	0.01323252609918	0.0619668497296536	0.0393121504923918	0.00422406398586524	0.0182394767607461	0.114662930576676	0.00964111650456362	0.0465569689098374	0.0037421875141895
TCGA.85.7697.01A.11R.2125.07	0.14237818489441	0.0118997137868888	0.691420204454094	0.0169209783796534	0.0302842824903676	0.0139439543633771	0.00775980336243805	0.00588296964164105	0.0516591127707392	0.00497195793378138	0.0224029244536037	0.000475913469005725
TCGA.85.7699.01A.11R.2125.07	0.182215138018359	0.00869213002962556	0.318967874080966	0.00912765804108478	0.089296132901182	0.0813033104517524	0.0110232303526437	0.00648512192511114	0.205639209565117	0.0415243321448937	0.0403985327293446	0.00532732975991963
TCGA.85.7710.01A.11R.2125.07	0.0563252594108156	0.0137050447181962	0.789218997783478	0.00180509857993291	0.031040459429059	0.0176446829562497	0.00972035453267396	0.00708991444757199	0.0546571381938647	0.00948571059336999	0.00737111622046571	0.00193622313432231
TCGA.85.7843.01A.11R.2125.07	0.171395416205215	0.0172050509516049	0.588571552320273	0.00334469994122971	0.0283642071231056	0.00990470211936653	0.00699369126822296	0.00316150099031253	0.12819160201076	0.00671557367440602	0.0353777085301299	0.000774294865373901
TCGA.85.7950.01A.11R.2187.07	0.279842312489514	0.0242185130395878	0.340758971823254	0.00682777882872828	0.087580218593858	0.0519293541762028	0.0295096524405844	0.00890113773114843	0.150717909721407	0.0138650491088043	0.00584910204691117	0
TCGA.85.8052.01A.11R.2247.07	0.0612830492561312	0.0209024323571379	0.751157410262514	0.00690443733337436	0.0216277500938843	0.0120133892794903	0.00117832708016002	0.00553261176452441	0.0998266322531738	0.00523963324408793	0.0143183305554915	1.59965200301322e-05
TCGA.85.8070.01A.11R.2247.07	0.0123231926240349	0	0.95182908082977	0.000296390750176973	0.00532625311829966	0.00358428402696441	0.00178779615104387	0.00050582336174451	0.00938857508066513	0.00193319182697841	0.0127616670373888	0.000263745192933771
TCGA.85.8287.01A.11R.2296.07	0.414925388131145	0.0311994180835489	0.214657198308514	0.016599574909046	0.0675857756662378	0.0425235367224578	0.00797594151509686	0.0126059686655041	0.112921128041798	0.00513108791763533	0.0738749820390158	0
TCGA.85.8288.01A.11R.2296.07	0.353365915373651	0.0170404741726802	0.350054409750397	0.0024063447122651	0.0588687488916974	0.0405373951218229	0.0132325463733971	0.00838492734489405	0.10244575762961	0.0196293826781782	0.0340340979514078	0
TCGA.85.8351.01A.11R.2296.07	0.0458574714942905	0.0206671130326658	0.805632126500529	0.0020532703686907	0.0196656806991791	0.00765529825915085	0.00785175168982906	0.00548555166502869	0.0725451098362369	0.00982482240466872	0.0017221691460297	0.00103963490370064
TCGA.85.A4CL.01A.41R.A26W.07	0.0911185101087646	0	0.575148633543138	0.0106546499490153	0.0526547860497726	0.0735175108057798	0.00547745570177429	0.0073783545419135	0.112837191964486	0.0339382185621908	0.0372746887731649	0
TCGA.85.A4JB.01A.51R.A262.07	0.224803590787733	0.00026755267707134	0.693647884800373	0.00498027002969922	0.0169332532875895	0.00440609747979384	1.19413499836968e-05	0.00486869818679186	0.0301580570822324	0.00501100482021654	0.0137657990278834	0.00114585047063201
TCGA.85.A513.01A.12R.A26W.07	0.0890676080912402	0.0184742819964961	0.411287307380131	0.0196289013598981	0.0748568306211796	0.0513789339559711	0.00237368716721155	0.0355006913451623	0.171506950876196	0.0233662540144999	0.101697637983085	0.000860915208929143
TCGA.86.6562.01A.11R.1755.07	0.152990899875513	0.0204553691174995	0.602002695042091	0.00307481909206068	0.0375481099975572	0.0111646926642117	0.00670945914576606	0.0149191910877899	0.113074911116565	0.00649126451095414	0.028240213098581	0.00332837525141079
TCGA.86.6851.01A.11R.1949.07	0.0632443338219266	0.0133797765452238	0.37608969013562	0.0138859637801269	0.0919006926701909	0.0726387722284311	0.00148498777931025	0.0178199142490045	0.200777638745864	0.0291808665772603	0.119597363467041	0
TCGA.86.7701.01A.11R.2170.07	0.133534460577652	0.0230628921751642	0.544808892585548	0.0100420168387497	0.0886344188420692	0.0250658301424949	0.00607483936243557	0.00459816730395297	0.077902895438993	0.0103625631677048	0.0731413414070433	0.00277168215819259
TCGA.86.8358.01A.11R.2326.07	0.114404542714476	0.012848795658213	0.620013270224625	0.00908083383547624	0.0402379759632715	0.0225117070680417	0.00289816909984069	0.00248752950543007	0.1166449708009	0.0116239427430652	0.0472482623866607	0
TCGA.90.7767.01A.11R.2125.07	0.366352928353627	0.0158503036561852	0.277632016346324	0.0107851839848893	0.11265809452872	0.0323005003691051	0.00498538401558957	0.00335148690483747	0.153868943031057	0.0198936152367282	0.000991362025960965	0.00133018154697634
TCGA.91.6830.01A.11R.1949.07	0.0718310180939238	0.0613690100939994	0.58465873978656	0.00590899310674674	0.0411701304927226	0.0298571088585314	0.0185813609589665	0.0156304949469567	0.136064095744094	0.0135504828111461	0.0178575028538405	0.00352106225251271
TCGA.91.6836.11A.01R.1858.07	0.0124869539886494	0.0790836308879391	0.342064177320025	0.00686750897339253	0.0587858804848152	0.0735315589528749	0.0219183439837701	0.0174906446978322	0.347378734460065	0.0258682292105237	0.0057966102940658	0.00872772674604672
TCGA.91.6849.11A.01R.1949.07	0.0293261385485628	0.154081854484367	0.513407591044373	0.0044992268733854	0.0428962983308587	0.0223231066221032	0.0168746864644538	0.0242257865672438	0.143675244601314	0.0324878346046733	0.0143152905144056	0.00188694134425993
TCGA.91.8496.01A.11R.2403.07	0.00792668463154526	0.016619566916956	0.692336122210024	0.00280067841974833	0.034277506567709	0.0184880485768344	0.0121024202828158	0.0364221119184509	0.162409451638614	0.0107522934119565	0.00257053097076815	0.00329458445457727
TCGA.92.7340.01A.21R.2045.07	0.303440812448913	0.0198533242181552	0.439965294122581	0.00324312519530448	0.0463283278977198	0.0235090271312324	0.0218326628264469	0.00973617576445718	0.0993271150011802	0.00635012321418481	0.0224358902627962	0.00397812191702881
TCGA.93.7347.01A.11R.2187.07	0.0503325210988465	0.013839843179595	0.559347811951324	0.00887867602009311	0.0833039983704702	0.0480939345578987	0.0141422737460677	0.0208106286913523	0.166286711026967	0.00845502077450824	0.0265085805828769	0
TCGA.94.7557.01A.11R.2125.07	0.133957923619382	0.00705229675466195	0.615487907660254	0.00364862742987263	0.0324262362052178	0.0108321051781809	0.00536993051701198	0.00469124147526807	0.163243404058587	0.0135341830942921	0.00732962138047785	0.00242652262679426
TCGA.94.8490.01A.11R.2326.07	0.0444787192513965	0	0.926970211296712	0.000948473623865519	0.00375412982089346	0.00595160863944858	0.00193073627935792	0.00195619317926389	0.00976464992319103	0.00158608277394887	0.00265919521192203	0
TCGA.94.8491.01A.11R.2326.07	0.0554466214663727	0.0177061940935634	0.689974155271188	0.0218329228461344	0.0483360886319517	0.0239022281810412	0.00753191981377916	0.0132318139265887	0.0816669660522386	0.0146660697480678	0.0231647261312109	0.00254029383786364
TCGA.94.A5I6.01A.21R.A27Q.07	0.150850958969029	0.00859286734120543	0.708399897309843	0.00467634192135071	0.0210708787459788	0.00559839515934896	0.00439384183175726	0.0066643190657016	0.0795379278896137	0.00499917978275528	0.00479890022008966	0.000416491763326166
TCGA.95.7948.01A.11R.2187.07	0.0461220645503037	0.0216985831486267	0.778155013349578	0.00140923169796057	0.0227030350025949	0.0157855826481986	0.00901322317990132	0.00868982102877204	0.0633594853137841	0.00527092292088679	0.0269234618101104	0.000869575349282709
TCGA.95.8039.01A.11R.2241.07	0.0253190709532435	0.0120116278157381	0.741362695562138	0.0072934071751425	0.0558441871805582	0.00817121425059516	0.0336669499983085	0.0198329244943655	0.0838833354364415	0.00600956925934651	0.00572800431080264	0.000877013563319472
TCGA.95.8494.01A.11R.2326.07	0.0392299461500115	0.00252725449428947	0.668985207193334	0.00534822165485392	0.0434930759958538	0.0128468252302764	0.0516400005876059	0.0119176017421349	0.146292940994776	0.0122654090459375	0.0054535169109265	0
TCGA.95.A4VK.01A.11R.A262.07	0.0569657870363024	0.0206731253809351	0.743701451479762	0.0232137270346726	0.0412037715501765	0.0239678760767846	0.00119821312788984	0.004685837941607	0.0591505019226446	0.00944112812666685	0.0157985803225581	0
TCGA.96.8170.01A.11R.2296.07	0.0430545452193227	0.00639349714507871	0.80996446995097	0.0101301528963474	0.0238111246950242	0.0076219628703866	0.00621530161694095	0.0029652012294487	0.0625242712450606	0.00356120719939449	0.0198738447381938	0.00388442119383171
TCGA.97.7553.01A.21R.2039.07	0.0375238792666938	0.0393988087954138	0.377801559840619	0.0139025553976128	0.0854441848479312	0.0474442574447727	0.0149041228035959	0.0351149995482795	0.300690973284731	0.0197275017981119	0.0145141596622062	0.0135329973100332
TCGA.97.7937.01A.11R.2170.07	0.0692598808226203	0	0.801442532530757	0.00216588147195801	0.0155519979441526	0.00518533377405487	0.00505129195858026	0.0132429295352766	0.0685041449901573	0.00417365152711224	0.0134999454830055	0.00192240996232512
TCGA.97.8547.01A.11R.2403.07	0.312109462538594	0.00854435715003065	0.416584389479238	0.00137812899074892	0.0357986226471932	0.00809262069770607	0.0254872860004927	0.0122366718074938	0.167571527172999	0.00742285433310381	0.0047740791823996	0
TCGA.97.A4LX.01A.11R.A24X.07	0.116535818189511	0.00389506517406825	0.36267894265354	0.0253195136184314	0.109239731589686	0.0605609737032178	0.0181055264277136	0.0228224999378022	0.2088928441096	0.0166643881683665	0.0521100665072872	0.00317462992077676
TCGA.98.7454.01A.11R.2045.07	0.219808687286544	0.0408145340769023	0.325043820916098	0.0138587404762726	0.092225469524973	0.03530524313126	0.0114403574965676	0.0331768863289174	0.167438600950484	0.00987628180418332	0.0441516730968954	0.00685970491090208
TCGA.98.8021.01A.11R.2247.07	0.141687005766703	0.00630395728324733	0.735739483633716	0.00164538576902771	0.0195923996171946	0.010175967224457	0.00441838479128089	0.00964659472436939	0.0426107783874908	0.00612484071379835	0.0213653320523764	0.000689870036338559
TCGA.99.7458.01A.11R.2039.07	0.069057651810512	0.0319746728725752	0.572250114618065	0.00518142018076455	0.102257342236669	0.0382925251329358	0.0203483866065558	0.0216930321943757	0.123288441965617	0.0111948985353556	0.00226110701852651	0.00220040682804808
TCGA.J2.8194.01A.11R.2241.07	0.121535621043504	0.0458844687654006	0.606809915926706	0.00296728119567916	0.0474517979522857	0.00833410130546313	0.0122331583087427	0.00953899680466246	0.11748201731624	0.00412795834390496	0.0127157659103624	0.0109189171270485
TCGA.L3.A524.01A.11R.A262.07	0.0524779054411071	0.00674324240277707	0.750639375609147	0.00480657929808474	0.0269416667459595	0.0186431966902283	2.65415837344239e-05	0.00470398199019432	0.12000323573036	0.00504174193230748	0.00997253257609962	0
TCGA.MP.A4SV.01A.11R.A24X.07	0.0641101871864364	0.0116250980254454	0.610457808159904	0.00796385424139408	0.0631240040290805	0.0487492130393533	0.00413685750542097	0.0139613615015365	0.120497124732773	0.014664663792689	0.0392013678536721	0.00150845993229517
TCGA.MP.A4T4.01A.11R.A262.07	0.082554341088314	0.00999726939747529	0.523769075772912	0.00408742929125901	0.0597915977137443	0.0678537719824069	0.0023500682241164	0.0167882659127145	0.158115812358731	0.017559644921948	0.0571327233363788	0
TCGA.MP.A4T6.01A.32R.A262.07	0.0128132306567159	0.0135854300283911	0.740082147413555	0.00873205007431477	0.0467946586036531	0.0256991513730765	0.00342734692434729	0.00743767787738878	0.112801665785892	0.00909795121129707	0.0187286007019483	0.000800089349419665
TCGA.MP.A4T7.01A.11R.A24X.07	0.0190802166447332	0.0121945701680841	0.742052551556695	0.00601985118994289	0.0465167625900068	0.0193783158208792	0.0193780412263142	0.00576816846899185	0.108749601116508	0.00988567894088839	0.0088321379422372	0.0021441043347185
TCGA.MP.A4T9.01A.11R.A24X.07	0.0838578725544832	0.0294077186330125	0.605978585111155	0.00635703270885822	0.0495873642547155	0.0226203340832647	0.00816887044022238	0.0245023574070731	0.147685050719004	0.0116129956815126	0.00889549667159562	0.00132632173510308
TCGA.MP.A4TJ.01A.51R.A262.07	0.116825211567978	0.0110995314635821	0.443265436741295	0.0242445734676311	0.104307911714834	0.0544736310257203	0.00768692312286362	0.00661610851182021	0.152879990744482	0.0215877287785875	0.0555292337865257	0.00148371907468013
TCGA.MP.A4TK.01A.11R.A24X.07	0.228219681159115	0.0172157789204542	0.362049330786964	0.0187195953973539	0.0598044173314645	0.026033924207985	0.00989493884837852	0.0124083255334115	0.20962228017449	0.00354696034173692	0.0524847672986467	0
TCGA.NC.A5HD.01A.11R.A26W.07	0.0384345127304592	0.00310150697342278	0.924759231089364	0.000651690504302015	0.00355777344897188	0.00164110175810998	0.00333114247365515	0.00107119827889956	0.00734153439815899	0.0012723763868596	0.0146492877223971	0.000188644235399869
TCGA.NC.A5HG.01A.11R.A26W.07	0.024111910448953	0.00451790112603426	0.916743258773296	0.00205823340840293	0.00864447409920541	0.00557112413865906	0.0051833427626786	0.00414333469921163	0.0231471490404433	0.00274913550239255	0.00242156155633635	0.000708574444386546
TCGA.NC.A5HH.01A.11R.A26W.07	0.0859743554828881	0.0106132432806262	0.756600608016748	0.00544490070301724	0.023765840626926	0.0273651293647502	0.0046055658521177	0.00326964227292592	0.0616196852313338	0.012810343551141	0.00793068561752536	0
TCGA.NC.A5HJ.01A.11R.A26W.07	0.0161306960988522	0.0390369777795599	0.515849543737854	0.013052012658702	0.0484800988224385	0.0910675359104372	0.00752153150547529	0.00939894532678276	0.223142512452912	0.0196794253206368	0.0159100488118586	0.000730671574491185
TCGA.NC.A5HL.01A.11R.A26W.07	0.0236378155004048	0.00675218939286277	0.605309339948264	0.0171509482332479	0.0415013761960095	0.0589532861357622	0.00500484426621346	0.00397303783384164	0.19119176166247	0.0190774957750451	0.0274479050558787	0
TCGA.NC.A5HM.01A.12R.A26W.07	0.0436752381808927	0.002172003589434	0.851168716790049	0.00446458343715964	0.0163104318977731	0.0104074444693309	0.00320847853828068	0.00565264665741683	0.0454565644656739	0.00581607768782708	0.0104571928568184	0.00121062142934382
TCGA.NC.A5HR.01A.21R.A26W.07	0.0233556753613653	0.0012447406026901	0.834024329352381	0.00387157304261709	0.0190834679414653	0.0153567911740731	0.00479128949849333	0.00620467061354062	0.0700872448680197	0.0132030265860986	0.00743333713534745	0.00134385382390854
TCGA.NJ.A4YG.01A.22R.A262.07	0.0622416341006932	0.0066060217871378	0.657630354072088	0.00614686470678249	0.0461539900707653	0.0215362305259292	0.0300968730829188	0.0172388194552712	0.121206860361658	0.0113195788840095	0.0173954800701827	0.00242729288256375
TCGA.NJ.A4YI.01A.11R.A262.07	0.104660461444114	0	0.550236698153748	0.00272309395059277	0.0553831846323504	0.0138660099476234	0.0247021677252922	0.0145742435851551	0.208088764167625	0.012097579851908	0.00933318663700565	0.00433460990458587
TCGA.NJ.A55A.01A.11R.A262.07	0.054480872949589	0.0247328103161243	0.672030474213517	0.0321322352974706	0.0518046507612873	0.0241655550443119	0.0122434761339787	0.0285033063174341	0.0747727012931322	0.00620741580586687	0.0176480781824593	0.00127842368482922
TCGA.NJ.A7XG.01A.12R.A39D.07	0.00833302099229682	0	0.966125660461099	0.000468774264961311	0.00797222950978363	0.00152576692045161	0.00216620643775047	0.00360884091514732	0.00700148964816101	0.00131043624114788	0.0012822458316535	0.000205328777547346
TCGA.NK.A7XE.01A.12R.A405.07	0.0413381877696727	0.000729969897653832	0.848116238347177	0.00174595251456769	0.0184401908433525	0.0171908163222641	0.00805638294518382	0.00421540237876558	0.0475449200355547	0.00695385992052098	0.00532466156934831	0.000343417455938492
TCGA.O1.A52J.01A.11R.A262.07	0.0405060060724806	0.00011441279331963	0.597881235710989	0.00273500177740877	0.0669604791056966	0.0173216703180333	0.0252398555339674	0.0176102723293525	0.218123028979733	0.0092100026511126	0.00429803472790748	0
TCGA.O2.A52S.01A.11R.A262.07	0.0488246337834892	0.0176699540648135	0.471029253004701	0.00685735035893308	0.0706203007135546	0.0309216004609123	0.0113477088165571	0.0087834747823986	0.242698569320591	0.0251086683583725	0.0659434699681823	0.000195016367494891
TCGA.O2.A5IB.01A.11R.A27Q.07	0.020370253092203	0.00169214793625815	0.944856446339213	0.00301168194924508	0.00623644827002245	0.00408036144076474	0.0017463519071425	0.000578061117966592	0.0132538066892602	0.00120892886127237	0.00296551239665164	0
