"IS01"	"IS02"	"IS03"	"IS04"	"IS05"
"CXCL13__pos"	10.7077468915124	0.669260908347699	2.5306281784485	6.31354539239506	2.90844333532924
"TNFAIP3__pos"	11.549508912981	1.04600093163366	3.33171747204866	2.22044604925031e-16	6.55508745902512
"ENC1__pos"	12.9331204411011	4.66753754729627	8.51917323310293	0.605847959142711	1.41513452979676
"HERC5__pos"	18.0142538146676	2.22044604925031e-16	5.7271156148879	2.53975148113202	2.22044604925031e-16
"CCL17__pos"	5.96350376919197	0.905530979303617	6.06899422223972	4.16077352159743	9.35942909154924
"BCAS1__pos"	8.65227727798126	2.22044604925031e-16	9.50475125078749	2.22044604925031e-16	9.87648148754566
"MIIP__pos"	8.09138028445342	5.41220913096965	8.02196756259601	2.12248927287762	2.90042337293098
"FCRL4__pos"	8.17577543822899	2.22044604925031e-16	4.02895539056254	2.44075427743584	9.54866637556105
"CCL22__pos"	9.82958747093407	2.22044604925031e-16	3.23162850920896	0.5006843098368	12.5870520543344
"TNFAIP6__pos"	13.5856986429444	2.22044604925031e-16	4.9122164218409	9.23509753201682	2.22044604925031e-16
"UST__pos"	10.162770767989	2.22044604925031e-16	3.82247028790127	2.65593927316788	9.8414216471198
"SCN3A__pos"	8.9740198889062	2.22044604925031e-16	8.99727396041224	2.47652370084539	7.6892214649624
"C15orf24__pos"	4.07379844373878	2.22044604925031e-16	2.22044604925031e-16	21.6991760264713	2.22044604925031e-16
"AVIL__pos"	5.28337762136273	3.71397583822605	8.94425275562855	2.22044604925031e-16	8.75110120051256
"CD86__pos"	6.66776707334144	4.47064352981955	1.5222492478395	8.96656490797276	3.74500734018504
"C13orf27__pos"	2.22044604925031e-16	4.97905964458842e-05	0.250486263634548	18.8223452190469	4.64423138548967
"EPB41L4B__pos"	3.93694549169546	3.76275460382297	10.09755832098	1.08488569071542	9.69936868108748
"ELOVL7__pos"	1.94414911249976	2.22044604925031e-16	1.60187126540391	2.49343634024222	18.9495983250285
"IL1A__pos"	7.22359573886157	7.37495164703105e-07	8.52227937004876	5.09547340500898	7.90483799736094
"EIF5AL1__pos"	2.80523721260908	9.26792624726571	2.22044604925031e-16	5.8277004249122	6.51650285179494
"CACNA2D4__pos"	7.92442926617502	0.112084207002242	15.9747999272233	2.22044604925031e-16	2.22044604925031e-16
"TMPRSS6__pos"	0.474047170312237	1.77467637875745	0.947733732716272	0.963962194052254	24.5503200636282
"IL10RB__pos"	13.1062401018844	2.22044604925031e-16	4.72545505884982	7.45748828054278	2.81024911834227
"ESCO2__pos"	7.55983900255484	6.88521000003037	0.507012158617095	1.89696144033542	5.95822896473893
"NFKBIA__pos"	12.5376152758537	1.01877420770712	6.99901393381402	1.48216025402764	5.01079293919954
"CALHM3__pos"	4.05109290514846	3.26247064102962	7.75209201983468	5.45379336961626	9.20847224960396
"CCR2__pos"	18.1650895285064	2.22044604925031e-16	4.85957920327356	7.16173859603556	0.509291867518776
"TMEM169__pos"	11.5550894472128	2.22044604925031e-16	3.76928691263054	3.67909100805422	5.5754880436271
"IPCEF1__pos"	22.0302399572363	1.14682038881261	4.28686390995441	2.12913555481759	1.89595691928193e-12
"POU2F3__pos"	2.31231846457118	0.353858794820592	24.7816077925063	0.119180833545116	1.63062014895333
"TRAF1__pos"	10.9812580330971	3.27858744632306	6.84107727433965	2.22044604925031e-16	5.04928177644048
"DNAH14__pos"	1.30517881306858e-13	5.0543920764987	1.55868460193273	2.0602998385225	13.9258643824905
"ENPP6__pos"	12.7271840497484	0.592179921876456	5.80357487949504	2.83064294525672	5.84802133326131
"HPX__pos"	0.553089470970182	4.96280318261618	20.3520098778399	2.22044604925031e-16	2.22044604925031e-16
"DGKI__pos"	8.2133734997248	0.343094322854327	7.4445407520338	0.302078393999745	11.5306930089261
"GHITM__pos"	12.2957671769348	4.92635045135036	0.847388370683962	2.22044604925031e-16	4.21822643083056
"AKIRIN1__pos"	8.52329029534162	10.3227426731463	3.15839911931233	2.89536644500826	2.22044604925031e-16
"GGH__pos"	2.22044604925031e-16	0.185854454816973	0.493284134054457	24.9645321315356	1.74107787102826
"CCR7__pos"	12.3045951327115	0.998030376632669	2.13128765534441	2.22044604925031e-16	10.7242613885255
"PECR__pos"	6.69105261668403	2.22044604925031e-16	1.30972545835741	11.7062053349321	8.34258593058652
"RSPH1__pos"	2.22044604925031e-16	2.22044604925031e-16	0.884096388537405	2.22044604925031e-16	19.9955308543772
"INHBA__pos"	13.5012349544639	0.753104939532256	10.7931897110823	1.24711530889744	1.46847813644675
"ECE2__pos"	2.22044604925031e-16	8.81188352766176	2.22044604925031e-16	6.94977862215793	5.63525084095822
"C17orf42__pos"	2.22044604925031e-16	0.398472782645383	0.121182650561642	22.3675123321229	0.488894809911696
"RGS1__pos"	5.49083147897577	2.22044604925031e-16	8.53994414205765	9.56722529072344	2.20136575878934
"NCF2__pos"	17.2224065554602	2.22044604925031e-16	2.22044604925031e-16	0.986894612161016	7.91556849537198
"BCL2L10__pos"	0.101287420908157	2.22044604925031e-16	2.22044604925031e-16	2.04781281826596	19.6791516247025
"FOXA3__pos"	1.90819998197347	2.22044604925031e-16	12.5943888181719	1.0337566936481	10.1721047145639
"SELT__pos"	2.22044604925031e-16	0.541130509583563	2.22044604925031e-16	22.404183406875	0.989668416082831
"SERPINB4__pos"	0.815357317514613	2.22044604925031e-16	19.656741546318	4.19067326090478	2.22044604925031e-16
"TMCC3__pos"	5.40230993204217	2.06367921833189	5.06434724623179	0.783573841748514	14.0269571257844
"ZNF702P__pos"	8.81230129709616	2.22044604925031e-16	2.22044604925031e-16	11.0139230078404	4.51742123530458
"MCF2__pos"	1.93176446918739	2.22044604925031e-16	10.6874755824475	2.22044604925031e-16	9.24029939972364
"NLRP3__pos"	18.6768526066381	2.22044604925031e-16	9.57206131434726	2.22044604925031e-16	2.22044604925031e-16
"SNAI1__pos"	10.1522208165192	2.22044604925031e-16	16.1019940976448	0.471496855179194	1.73031953561543
"RND1__pos"	4.57311750713007	1.94337938241448	8.88122921401427	4.03964790188438	7.09684236374537
"RGS2__pos"	5.74691761128067	7.8172792339577	0.568851913160053	1.25103631934893	4.44351805105194
"TTC39A__pos"	10.6213791952331	2.22044604925031e-16	15.814983705481	2.92473341936382	2.22044604925031e-16
"C3orf59__pos"	9.27530007775461	2.22044604925031e-16	3.01958692467488	3.82381338864726	11.0075616857846
"CYB5R2__pos"	2.22044604925031e-16	0.296864268314894	2.22044604925031e-16	1.05957373116807	22.7871877479756
"MMP3__pos"	4.48271873589558	2.22044604925031e-16	17.4051608477874	6.23357161858249	1.41750781904673
"MAP3K15__pos"	2.25394969859785	1.99643008203867	9.94346333918784	2.22044604925031e-16	12.2439745430443
"DFFA__pos"	9.33000276805024	11.1168951726817	2.22044604925031e-16	2.2363773518916	2.22044604925031e-16
"CAMK4__pos"	1.90372995398622	0.377865663490698	0.893059373935108	4.94295731526087	16.5019902695909
"HERC6__pos"	13.683193486499	0.424943635136194	4.46573395657295	1.01595031899929	3.69442037552438
"HORMAD1__pos"	9.3499328595964	2.21604285152635	7.97113981805306	2.73973202965629	2.24605544153623
"PDCD10__pos"	0.115708959050748	2.22044604925031e-16	2.22044604925031e-16	23.032952684677	0.47639899749113
"NR4A3__pos"	8.24697239066013	1.53736973179681	5.80745054378478	0.000741211121710715	8.46367625345474
"C7orf33__pos"	0.330907909814497	2.22044604925031e-16	6.02527444448848	3.40458477737027	12.7448838651823
"SPPL2A__pos"	8.47556186691198	3.03997959664769	1.618904056969	5.10515039681286	7.78046245031206
"METTL2A__pos"	10.2926733594953	8.54542639763516	4.26433419826316	2.22044604925031e-16	1.42961740141678
"HABP2__pos"	2.41117739391161	2.22044604925031e-16	23.0524825327962	2.22044604925031e-16	2.22044604925031e-16
"C13orf37__pos"	2.22044604925031e-16	0.891236856817015	0.42179482333226	20.4861411993527	5.94396173185294
"PCDP1__pos"	0.518672690772767	2.22044604925031e-16	10.0939840173796	1.99679059603374	14.2192678088746
"SLC16A10__pos"	5.08955334130564	2.00602903906108	11.9668099401028	4.39990528920663	5.60110806928876
"NRG4__pos"	2.22044604925031e-16	1.97833340683545	2.22044604925031e-16	1.632044274756	16.5220770197188
"ATP1B3__pos"	5.68069444704333	7.15653867893719	3.20007299487051	6.365052094984	3.41017733496651
"SELS__pos"	9.78792467753122	4.70786456687081	3.78492070587642	2.98661571399557	4.60081356294754
"C1orf173__pos"	1.302121006826	2.22044604925031e-16	5.46259343250817	2.22044604925031e-16	18.632868494283
"MGST3__pos"	9.01063031306409	0.236995576500494	5.7360179650551	9.85061630245048	1.4934477016102
"HOXD10__pos"	6.83165495258454	2.22044604925031e-16	6.60299278152392	1.76737051365429	9.76714732581554
"PGAM1__pos"	4.90063683029592	11.5183971844639	5.90514125482005	3.88877467329269	2.22044604925031e-16
"UTS2D__pos"	5.50772732499487	0.0358097543939696	12.1354510793403	4.50441265211369	5.91031743581144
"NAMPT__pos"	7.27430745122811	2.22044604925031e-16	4.30873609117139	7.44980135515472	6.89319996972944
"SCGB2A1__pos"	2.22044604925031e-16	2.22044604925031e-16	25.2651171650582	2.22044604925031e-16	2.22044604925031e-16
"SNORD3D__pos"	2.83559858161874	3.95595068391017	5.20544467804778	5.39743898645059	6.8496821591396
"RAB3C__pos"	13.0800940447537	0.731838600061236	8.64432430321834	5.099388659427	2.22044604925031e-16
"IL11__pos"	0.233188213243876	2.22044604925031e-16	26.266698526758	0.0868593559041795	2.22044604925031e-16
"LRPPRC__pos"	10.6570397355654	10.147824923805	2.22044604925031e-16	2.95015666465965	2.22044604925031e-16
"LOC100288320__pos"	2.22044604925031e-16	2.22044604925031e-16	21.0616793469737	3.49831027855764	3.7221989702421e-05
"LOC100131551__pos"	1.27465893761076	2.22044604925031e-16	8.48386656299816	2.49596216018158	16.168908420107
"FNBP1L__pos"	0.972372609285494	2.22044604925031e-16	7.99818765478795	2.22044604925031e-16	15.4402756652823
"AICDA__pos"	2.12149982526163	0.520999182334878	2.22044604925031e-16	3.30684501247347	20.1059095656826
"PAIP1__pos"	8.29296108312516	13.1407374615757	2.33381038357225	0.307827196862966	0.644020065230152
"NYX__pos"	7.62157061097439	3.24727180188583	8.60946755591116	2.22044604925031e-16	6.05900929797923
"SNRNP27__pos"	4.85687962935723	12.1318923456055	2.80058268697047	1.99723052167857	1.41042472075935
"F12__pos"	3.10756675839702	3.2929932675003	12.4489386825404	2.18428180388741	6.43686645349118
"IGFBP1__pos"	5.21134956097453	2.22044604925031e-16	11.5715311382975	2.89701175751771	4.75808984585265
"POLB__pos"	2.22044604925031e-16	2.22044604925031e-16	0.187758712284445	23.4014864585534	0.91905458512954
"COMMD8__pos"	2.22044604925031e-16	2.22044604925031e-16	2.22044604925031e-16	25.3792519646848	2.22044604925031e-16
"UPB1__pos"	9.41113198918212	2.07625396434661	16.5876662917234	1.76541788313041	2.22044604925031e-16
"IGSF3__pos"	5.27147659452314	11.7530987043104	2.85847416754897	6.49834151104442	2.22044604925031e-16
"MGC14436__pos"	2.22044604925031e-16	2.64280032937178	5.87016005874264	0.927004807949607	11.758826920372
"CDH7__pos"	2.22044604925031e-16	2.22044604925031e-16	23.1285076605396	1.81025453847969	2.22044604925031e-16
"TMEM190__pos"	2.22044604925031e-16	1.36212250383445	25.2004361543243	2.22044604925031e-16	2.22044604925031e-16
"STEAP1__pos"	3.85018362195908	2.22044604925031e-16	14.488838764375	4.06734090020669	6.21894598997761
"ASGR2__pos"	17.5656342620072	0.524348341449501	7.77675444481095	0.944584562042803	2.22044604925031e-16
"UCHL5__pos"	8.16488527090541	7.89883841254082	3.98669930883418	2.0011044562331	1.22600920313632
"AKR1C4__pos"	10.0224210310796	2.22044604925031e-16	11.5488338155683	1.00320733447391	2.22044604925031e-16
"TMED5__pos"	5.52974029767236	11.6606110470783	1.76205499504892	2.00869049543221	2.24621189526267
"HAO1__pos"	11.2965849748208	1.15569404363377	6.08936691648516	2.6997019825161	2.22044604925031e-16
"FAM64A__pos"	14.3192141850961	2.78939084842536	7.49436490395756	4.07582617432909	2.22044604925031e-16
"LOC389174__pos"	2.22044604925031e-16	1.23877977885907	7.17654144916158	2.47599331669536	9.86768916644611
"SAMSN1__pos"	13.9185051904318	0.427627396255404	0.237499022384954	10.6898923096712	0.748816503703237
"MOSPD1__pos"	2.22044604925031e-16	1.17399898409364	1.32441224468278	16.1125795626018	7.7697601271526
"AK3L1__pos"	4.79622285406455	9.50478068948852	2.4432622951076	2.15797789681799	3.40762099983177
"SELK__pos"	2.22044604925031e-16	2.22044604925031e-16	2.22044604925031e-16	25.1029084395938	2.22044604925031e-16
"WDR51B__pos"	6.20943697134003	4.80402223636065	2.4831442733566	3.71314182208342	6.4459616777563
"STARD3NL__pos"	3.67179855577363	2.22044604925031e-16	1.1713652327069	19.2195082249815	3.44191922922012
"ID2__pos"	9.58084426165513	2.22044604925031e-16	2.22044604925031e-16	9.4375492630745	5.6339846678869
"DKFZP434K028__pos"	4.71876483949962	1.22533347272818	8.24941244577643	3.54478139305172	5.35035906624399
"YRDC__pos"	5.03012254761044	10.6222205319845	1.50490102813055	2.08770266844509	3.89262066947237
"PMAIP1__pos"	2.22044604925031e-16	2.22044604925031e-16	2.22044604925031e-16	4.57284346991455	18.3591236976798
"CPNE4__pos"	6.18415136707374	2.22044604925031e-16	8.01935541677821	2.66046928831011	10.2851847652612
"VEGFA__pos"	7.42023679974722	0.421094746692462	13.5363486694428	2.22044604925031e-16	7.74042860226092
"SYTL3__pos"	15.9573521116001	1.24863639754228	2.64538957361119	1.45960228814813	6.14506952263442
"C12orf67__pos"	2.22044604925031e-16	2.22044604925031e-16	11.3107539866275	0.951928520712689	17.0543344313874
"OXTR__pos"	2.27341864943848	2.22044604925031e-16	1.53004094954361	2.22044604925031e-16	15.4244533764943
"WDR12__pos"	9.85328624953858	9.01822425183456	3.62745752581601	1.73619314045794	2.22044604925031e-16
"CASP7__pos"	7.02914657581585	5.47716456402429	2.22044604925031e-16	3.83838991381265	8.48634286629309
"TMEM59__pos"	0.63387971703616	2.22044604925031e-16	1.01768043544782	21.4325413363687	2.22044604925031e-16
"KPNA3__pos"	8.54433173972769	6.24881311358011	1.49065532378275	2.49632099063682	5.43002322181379
"PNPT1__pos"	2.22044604925031e-16	2.01838908509074	3.22200433766749	6.82364548596906	10.4854873770528
"ALLC__pos"	0.173327746169952	0.000163975558915322	10.1712534534608	2.69875432186851	15.7231422264122
"BCKDHB__pos"	7.19393714467738	11.0070538582079	1.66098533033855	2.20246942583004	4.055106634421
"API5__pos"	7.82627428678739	8.43170300887704	2.7902752757111	3.65505473703629	1.1432426446702
"LRRC40__pos"	11.8985038963163	8.54508239811426	2.59678525436301	1.37619417836452	2.22044604925031e-16
"LOC729041__pos"	4.49833396076562	2.22044604925031e-16	13.9216523688914	5.54836175225437	3.17962484805772
"C1D__pos"	2.22044604925031e-16	2.22044604925031e-16	2.22044604925031e-16	23.095654154084	2.22044604925031e-16
"MLLT3__pos"	3.80016265166419	11.2749728589553	1.0609162032239	3.19859699516232	4.08025910675815
"ARG2__pos"	2.30157506741995	14.1600139507215	1.51533770734753	3.20031482642331	2.20513287587996
"PTP4A1__pos"	9.70750641986917	5.44501914388565	2.22044604925031e-16	3.86351571508354	6.30244986847833
"CYB5B__pos"	6.38654312462081	8.47409313882302	3.62702751368839	3.33800208467206	3.42461333365177
"C14orf34__pos"	10.776144668269	2.22044604925031e-16	9.2244805940338	1.3872860243237	6.31252225743669e-05
"OVOL2__pos"	2.22044604925031e-16	5.03248792281227	6.11723908737018	2.13198491674986	15.3936694484193
"TEKT1__pos"	2.22044604925031e-16	2.22044604925031e-16	25.4640792465366	2.22044604925031e-16	0.0581140727556752
"OSTN__pos"	3.90050865063278	2.22044604925031e-16	12.6177956853157	5.8175609768592	5.49814028485853
"TAF13__pos"	3.11977626897264	13.5358124968399	5.91562422897628	0.528540350192413	0.23417217523839
"HIST1H2BH__pos"	4.68066352672391	7.65191030969729	4.36209836357087	2.26435647864245	4.77165794602543
"UBE2W__pos"	2.31774261639148	0.377865292148617	1.13118163122933	19.1245450073436	1.91636555913903
"MAPK8__pos"	5.99656996631954	8.81454170147054	2.05967739453495	2.72509220901564	4.2820642179177
"RPP30__pos"	10.1465439747417	6.48138801625369	3.2070169970009	2.0202354581148	2.5129727353743
"MIRHG2__pos"	5.99521324000587	14.022762841187	4.41344368650794	1.25181323083424	2.22044604925031e-16
"C14orf33__pos"	8.72601936091564	8.47300697005641	2.53826673466295	3.53143539198719	0.553915559318657
"THAP3__pos"	0.915677480060067	4.1807188987535	2.8647552546769	12.4341055888472	2.22044604925031e-16
"ZNF519__pos"	2.03144703931441	8.48173649663784	2.45801040995009	3.19965646159025	7.0747748452459
"MED6__pos"	10.3093605479404	6.33565218936142	2.31477444008759	0.54157050651353	1.78847344819995
"SPTLC1__pos"	5.99830724399682	9.25665004369317	2.45494208209886	3.2395842239456	3.41346576788079
"SUV39H2__pos"	8.02248837351448	10.0132148221832	3.16059133003129	2.19939972308854	2.22044604925031e-16
"SCLT1__pos"	2.8701390776202	7.20529576401824	7.89962304946895	1.8265005861223	6.7039555407852
"LSM12__pos"	7.02119817506199	9.69988129001223	3.03242407255775	3.73623764154628	0.813416910037423
"TARS__pos"	6.12148839360477	6.79051406466835	2.19657815244665	4.25061840715294	5.71006449597853
"TMEM135__pos"	6.01312706697865	8.32403101480816	1.02931435675117	2.19951454385778	4.42953616735752
"FAM81B__pos"	1.0640550306891	0.786807142947034	20.2889053474958	2.18057782140296	2.22044604925031e-16
"RWDD2A__pos"	1.61358979021466	1.08993060322181	2.22044604925031e-16	11.8504078361737	7.88289937061968
"CPEB2__pos"	7.77520166795896	2.22044604925031e-16	14.04609973292	1.91995688495432	2.96552624769825
"ANXA7__pos"	5.84170196267736	10.5644263962855	2.43511840595798	0.543423659363062	4.06180417222325
"LRRC63__pos"	2.31840720549749	2.22044604925031e-16	2.54843330095414	3.70679233675979	15.4112788362112
"GPR63__pos"	7.20470570336341	1.12396431909902	6.35622894849876	2.22044604925031e-16	12.6066942567211
"CAPSL__pos"	2.22044604925031e-16	3.81545046810696	15.1443183849326	3.20400922998009	2.22044604925031e-16
"RFFL__pos"	6.77148878078763	0.00190087755560205	1.21781268542267	2.22044604925031e-16	14.0808239003894
"DHDH__pos"	3.80811960873465	1.65394602484888	11.0551496652525	9.63193583821183	2.22044604925031e-16
"SERP1__pos"	8.68247404177901	7.34288367645044	2.58193815930049	1.36409846816718	4.75151500268108
"ANKRD33__pos"	6.49272405085106	1.94557215104396	13.6721207350662	2.22044604925031e-16	6.92707105071165
"FER__pos"	6.20408736616893	0.451052018651493	1.73313691740246	4.7329167989595	9.11370317598668
"CCDC103__pos"	10.0913860276024	3.06695764330584	8.40710841649762	4.01054421483895	1.53023181988428
"WDR63__pos"	6.86326729353963	4.38736728418447	1.83486269091211	2.22044604925031e-16	11.6191281667349
"LOC100131303__pos"	2.22044604925031e-16	2.22044604925031e-16	25.1293552997653	2.22044604925031e-16	0.382458603489114
"TAS2R30__pos"	2.22044604925031e-16	4.80572261755871	8.65559520796331	0.452629948878315	6.09412292363913
"TIAL1__pos"	11.5535207331258	7.58710450960224	0.938589508990106	2.94997936842842	0.23589148599249
"REXO2__pos"	5.83599393752796	11.6771875249635	2.24780031909682	2.08734925755322	0.898640295593984
"NUDCD1__pos"	7.44161579950508	9.46322503761976	4.72681951258958	1.23085444651359	1.90077075366487
"C10orf79__pos"	2.7391995290969	0.930322433396839	18.1104162640232	0.292362730469294	7.71200474935748
"RSRC1__pos"	4.70973967633669	8.60709888910212	4.93977509592994	3.73843624069781	2.14449346831563
"FAM92A1__pos"	4.79471829951221	1.16209621861788	5.60684893186849	8.7940840045434	7.82634650314823
"SLCO4C1__pos"	5.64928910136176	1.59786836409559	12.0840474846015	0.485442141080662	4.46075087242386
"ZC3H15__pos"	9.07596587466166	9.25715733279899	2.75868796534431	1.96937321301591	0.992369844705582
"ACCSL__pos"	2.22044604925031e-16	2.22044604925031e-16	2.22044604925031e-16	0.0663162383764285	20.4697464932594
"FAM35A__pos"	10.5392651509733	6.02909772738601	4.28713467141608e-10	3.27363114658821	3.66611952094321
"MCOLN3__pos"	4.2556276760972	12.3625873816522	0.575108382776933	4.6778600717366	1.45450871181578
"C8A__pos"	2.22044604925031e-16	2.22044604925031e-16	25.4331777350285	2.22044604925031e-16	2.22044604925031e-16
"SRGN__pos"	14.9934759489237	2.22044604925031e-16	0.19604888937101	10.9157965554599	0.807790843913151
"PSMC6__pos"	7.62186388541298	13.797702775068	3.99575939641956	2.22044604925031e-16	2.22044604925031e-16
"TFAM__pos"	5.16762210135373	10.965773124905	6.11566042010391	1.41749948066315	0.385806707438195
"TRIM6__pos"	5.04425897984797	9.41047116782757	0.457723100245807	2.86433398771356	3.07238042612364
"YIF1A__pos"	2.22044604925031e-16	7.08565187957066	5.9506471697736	10.2202635101701	2.22044604925031e-16
"PAK1IP1__pos"	3.53242790841719	7.27447869734524	1.61819507081384	5.20054920205595	6.39047328951257
"TMEM38B__pos"	4.22173541506634	14.4239742511758	4.38831648455449	2.22044604925031e-16	1.04966865173439
"GLO1__pos"	8.47916014159195	10.7266883696769	5.5008630312415	2.22044604925031e-16	2.22044604925031e-16
"LOC729467__pos"	4.37696918706894	2.22044604925031e-16	14.8151511144595	5.79565320402809	0.768504900995955
"CCR3__pos"	16.3396915484425	2.22044604925031e-16	8.87393049291102	1.3578801338304	0.452821564790353
"LOC100288082__pos"	8.89801612450993	1.06668607533406	2.98210799528508	2.44285846275174	10.1466999262143
"GPN1__pos"	9.32729820846476	5.97102742505278	1.15336863709279	2.22044604925031e-16	6.83787900735622
"FOXA2__pos"	2.22044604925031e-16	2.22044604925031e-16	25.7176379010802	2.22044604925031e-16	2.22044604925031e-16
"NUP54__pos"	8.55712088995249	7.9576920276961	1.40890164022641	1.08072742036044	2.51647202687835
"GDAP1L1__pos"	0.24761137701699	0.0756837943111891	20.2498050275286	1.91808038868012	3.41285556039968
"C8B__pos"	2.22044604925031e-16	2.22044604925031e-16	25.053693406481	2.22044604925031e-16	2.22044604925031e-16
"ZP1__pos"	0.311119215828772	2.48259825080362	19.6386016249808	0.631643564796159	3.98082178786221
"CCNC__pos"	5.51024634251408	12.1020207544121	1.33291252243027	2.22044604925031e-16	5.13591753747481
"LOC388813__pos"	14.0898102572666	2.22044604925031e-16	1.88691235865207	6.86537982277941	1.63744271132683
"NCRNA00158__pos"	6.42133142643315	2.22044604925031e-16	1.76419961736755	11.0869510829708	3.54822893842503
"ARNTL2__pos"	4.83114492445878	9.43904052272909	1.69135561766294	1.51850282471428	4.67330069709676
"TMEM217__pos"	9.77148561629671	2.13614432287835	8.75353113708529	2.22044604925031e-16	2.22044604925031e-16
"LOC100129411__pos"	2.22044604925031e-16	1.86095817015589	12.5280950740489	2.22044604925031e-16	7.0965578494039
"C1orf163__pos"	3.28967503078702	9.44405582269735	8.15998071945275	3.73831216878202	2.22044604925031e-16
"IPO11__pos"	5.26120950381136	9.58617158494	3.0587167362019	3.6569834117006	1.58183806066942
"MRPS35__pos"	7.52805172553612	5.98651897441121	0.126124909287055	0.855867315231961	8.96819353460222
"CASP6__pos"	6.11309897586274	12.3664787857233	3.57354477218456	1.22499882624571	1.18389504550975
"FAM99A__pos"	1.52773806563131	0.000940607898864285	23.1332484091008	2.22044604925031e-16	2.22044604925031e-16
"HYAL3__pos"	3.16493311548699	2.70524726691297	8.52390519338925	3.58588231422011	8.84378570221793
"EGO__pos"	8.70352028506234	0.918692655004885	14.554925970494	2.28741124085558	0.83602370387211
"STOML2__pos"	1.80069052080901	2.34467364102578	1.22872312389664	15.7181614743417	3.52436087778301
"TUBA8__pos"	13.1051464737866	4.76377057201679	8.35281122326149	2.22044604925031e-16	2.22044604925031e-16
"EIF2S2__pos"	10.4262438586524	7.37178929478501	1.31061159827496	1.48887286591114	2.49664836590572
"AGRP__pos"	2.22044604925031e-16	1.01109421493663	6.03368288117166	3.57622545744059	13.9381046382162
"MRPL3__pos"	6.33529864913576	8.01748706126186	3.54466507730907	2.34678728425118	5.00655920590958
"SUCLG1__pos"	10.5076335763879	5.80098331977207	2.57149281311861	2.22044604925031e-16	5.02249674237831
"LOC100129935__pos"	6.05795949997619	2.22044604925031e-16	10.9483287464254	4.84575322976328	2.22044604925031e-16
"DGKH__pos"	5.8023092488073	2.8839340568802	2.79441908695521	0.3788748463979	13.2545765913554
"FBXO22__pos"	7.56120329989894	8.12693993157432	1.55082898146356	1.89910512331324	5.2909253358056
"L2HGDH__pos"	8.24160641498301	8.01242365566097	2.64640463633717	2.97623782757289	0.67695495853835
"LOC728806__pos"	2.05264898885605	2.17625866138228	4.42671651401945	2.22044604925031e-16	12.4949452015447
"SLC25A46__pos"	8.52094396393625	7.97302147963801	2.60558668880198	0.260649558099187	2.81207656419229
"HCCS__pos"	2.03024296948874	1.55849274942867	0.0888523432863396	9.25016382781217	10.4212466217636
"LYN__pos"	10.9553221660952	4.50984715631264	0.0574352836371385	4.57904311711762	4.35108619495746
"ALG11__pos"	7.30985845696351	9.72392175324157	0.652308437590127	3.14705883063282	1.10806974921658
"SUB1__pos"	2.77672793111935	14.4234179915293	4.42675755823219	2.22044604925031e-16	2.85702029632642
"LOC100287393__pos"	8.53719874168686	0.702306101066398	13.5990074517192	0.170893963360758	0.933018050896317
"LOC150577__pos"	0.802831080501515	2.63336349893662	2.5693514895317	1.75056555556571	18.0959300605476
"ETFA__pos"	6.26862157100752	7.73927004098856	4.19030576642452	3.52176239406187	1.77326202034553
"RRP8__pos"	2.22044604925031e-16	7.71369952518809	4.60131733028279	1.36425604868871	6.17599622182797
"FLJ40292__pos"	2.22044604925031e-16	0.395438093449193	16.0008816811143	2.22044604925031e-16	7.52851740493659
"PPFIBP2__pos"	5.69597362017772	2.04639643187269	3.87924504420451	2.22044604925031e-16	15.5889711539597
"SLC39A9__pos"	0.516523008524191	9.82244080816932	4.41333082541054	5.1655226664661	5.2354029471849
"PCGF6__pos"	5.50926293154817	10.8871662644572	3.47055135342916	1.54362082254715	1.86919995900692e-10
"NEUROD1__pos"	4.63851531809099	2.22044604925031e-16	8.18319383192199	2.22044604925031e-16	12.1799174518384
"ITGB1BP1__pos"	2.22044604925031e-16	0.516070035907343	2.35069480185759	19.1468525946719	2.22044604925031e-16
"LOC100287784__pos"	5.03686687893662	2.22044604925031e-16	11.5159929383525	3.25905349927873	2.22044604925031e-16
"USP3__pos"	4.19090393760513	7.95111020789352	3.151880437832	4.02221204696633	6.53965463198786
"PPM1L__pos"	3.43692139509335e-05	2.22044604925031e-16	3.19231065557343	0.0258636913374496	20.9931049453719
"PNCK__pos"	7.1650479883121	0.118516173315395	13.8634595191027	2.22044604925031e-16	2.33002259270139
"C11orf57__pos"	7.36200656889025	7.8846099549161	3.41469142340426	3.40480962986863	0.130608763523954
"LRRIQ3__pos"	2.22044604925031e-16	0.733083952788594	1.95021904502033	13.5542446948299	10.9891800258688
"LGALS1__pos"	6.55064009562185	8.81870653413836	2.22044604925031e-16	3.93358273754301	3.9977671894871
"ZFP1__pos"	6.56813569900459	6.92431417114966	4.60418201861813	3.51142744428573	2.82357119995696
"DNAJB1__pos"	10.1908330806769	5.22366858239008	4.67112293131037	2.1119968115396	5.0694559933538
"NQO1__pos"	7.56872262965617	0.756763986498674	9.54685249693923	6.74965086554989	4.54648944449666
"ORC6L__pos"	6.24473300182432	5.58501627023163	0.0506137698010924	3.71830988692092	8.49185262804797
"PXMP3__pos"	2.22044604925031e-16	2.22044604925031e-16	2.22044604925031e-16	23.2714910026626	2.22044604925031e-16
"BCCIP__pos"	6.06457354871097	7.47102748040687	3.41472935131941	2.37349781857072	3.81761328346169
"IARS__pos"	0.099316636259491	3.8480916391285	2.59902290502976	0.394544366933038	16.7712209202165
"FLJ11506__pos"	2.80620437169133	15.066420623396	1.11979311061906	1.48072806362337	2.37350997495844
"MTHFD2__pos"	6.22064040767349	8.70673210922251	6.19821751832852	1.02623384429674	2.22044604925031e-16
"COLEC10__pos"	6.08698886532742	2.30871099159631	10.9999637134363	4.97802421708639	2.5639529203435
"HPSE__pos"	16.0260500748301	1.86592522497609	0.802749662557782	4.59902684996306	3.61663571809076
"SRFBP1__pos"	8.05247231344099	10.6549757358906	5.98486825230226	0.271866831359653	2.22044604925031e-16
"WDFY1__pos"	12.8875144021679	2.20796350925556e-15	2.22044604925031e-16	2.10801950867559	8.06848179635279
"RAB31__pos"	16.2467805840324	2.22044604925031e-16	5.61273297916564	2.67365833361664	2.63545075465039
"C10orf128__pos"	6.10811349805604	2.22044604925031e-16	4.77342811418136	8.07696375425544	3.75933717827545
"C12orf42__pos"	4.85999866073388	1.39525348106957	9.81716296802422	0.441303358971047	4.70508076058515
"ANGPTL3__pos"	0.0232615510854816	1.20182857705234	23.9363100922821	2.22044604925031e-16	2.22044604925031e-16
"ZFAND2A__pos"	0.978021270151236	2.42138523926798	4.03874949313775	17.3203947356829	3.1194889041109
"TXNL1__pos"	7.51818775776987	8.72039138773204	6.89932445089471	1.52111272014839	2.22044604925031e-16
"HSBP1__pos"	0.0130910507360084	2.22044604925031e-16	0.200273238306954	25.3527654045412	2.22044604925031e-16
"LOC389102__pos"	1.3349714037557	1.79558110257532	22.0194019071679	2.22044604925031e-16	2.22044604925031e-16
"CPB2__pos"	2.22044604925031e-16	2.12307051744755	6.55747069561807	1.58546158212825	16.7893745572872
"FAM9B__pos"	2.22044604925031e-16	2.22044604925031e-16	25.0799073026629	2.22044604925031e-16	2.22044604925031e-16
"NME5__pos"	3.6593559210833	2.22044604925031e-16	9.54239517351176	6.50067389559994	8.24564616209149
"C6orf105__pos"	5.14068625917055	10.2026341035375	4.14831630511149	2.23617087497248	1.50524256693088
"MRPL46__pos"	0.424871530297752	3.52502143417518	2.22044604925031e-16	17.0312559502123	4.16807469419495
"RER1__pos"	0.501797582045584	2.57402094498174	15.4102399295488	8.14986772480974	2.22044604925031e-16
"LOC100289122__pos"	2.22044604925031e-16	2.22044604925031e-16	17.3644267941615	2.22044604925031e-16	2.22044604925031e-16
"TMEM61__pos"	2.22044604925031e-16	2.22044604925031e-16	25.0453264603256	2.22044604925031e-16	2.22044604925031e-16
"CCL3L1__pos"	14.7209025793735	2.22044604925031e-16	6.05842921672443	6.60006611882979	0.0296088487671562
"LOC100287089__pos"	2.22044604925031e-16	2.22044604925031e-16	24.0888920087303	2.22044604925031e-16	2.22044604925031e-16
"HSPA13__pos"	5.47641432531036	0.787687230493683	1.64247396047263	13.3860654655416	4.00697367400025
"LOC100289057__pos"	2.22044604925031e-16	2.22044604925031e-16	2.22044604925031e-16	2.84507744548103	16.7129510076229
"DIAPH3__pos"	2.22044604925031e-16	0.643019131999166	2.22044604925031e-16	0.497659806557422	20.3107540145372
"ZNF788__pos"	14.7266792355918	2.20043773784938	2.67885216691672	5.26760225230165	2.12935285887794
"FASTKD3__pos"	3.07944721938215	4.20475508664532	0.00411343410350774	13.3457158845356	3.41474095008691
"FSD1L__pos"	2.03555171633541	2.22044604925031e-16	2.22044604925031e-16	0.546318376416299	18.8628474848661
"METAP1__pos"	0.433195558657475	7.86988728153985	3.24458073136241	3.08757313376648	11.2434852618018
"TMEM39A__pos"	10.6372493644759	5.83662066454987	0.161729857767478	4.4011408282473	1.60752227181934
"SMNDC1__pos"	8.56217335643713	6.60358637241078	3.24015742655333	2.61075156172815	2.22044604925031e-16
"ETF1__pos"	10.2711567987457	4.62247874778144	3.58832693511408	0.898094368407668	4.98279247570863
"LOC100287054__pos"	2.22044604925031e-16	0.356259794674287	9.30738922873254	0.690619954241118	12.6324738866934
"CNIH4__pos"	4.68227998577998	0.214705441019757	2.22044604925031e-16	21.5983137787628	2.22044604925031e-16
"TCTN3__pos"	0.183253829001954	4.44339754083256	2.99941545140559	5.2036169230435	11.7726325689187
"CFHR2__pos"	2.22044604925031e-16	2.22044604925031e-16	24.6861883635965	2.22044604925031e-16	0.169897692237407
"B4GALT6__pos"	2.61856234348772	2.93525416994233	1.31403479377805	6.67964070407502	11.0829602384859
"AP1S3__pos"	0.490905151065493	3.04273891028086	1.02356395479811	1.88850683208155	14.1825618190175
"LOC729040__pos"	4.13059076250471	2.22044604925031e-16	16.6939158647514	1.06292199609871	2.22044604925031e-16
"LOC100288180__pos"	10.9811460547711	3.76617435217497	3.60390338824164	2.22044604925031e-16	5.13633793867042
"VTRNA1.3__pos"	2.99302819484232	0.554195286427188	9.13464824209351	12.0237738011829	2.22044604925031e-16
"LOC730036__pos"	2.22044604925031e-16	0.867233568774386	23.4362858790415	2.22044604925031e-16	2.22044604925031e-16
"KNG1__pos"	2.22044604925031e-16	6.89345301792719	11.0601529687376	1.94573400247348	0.618953701961351
"SPAG1__pos"	6.36570478887695	3.55077632378849	8.9938593924296	1.9713981810593	5.85134613636516
"RPE__pos"	8.87010024467175	9.04927314981556	3.99993700638092	0.127008440496556	1.88008244897158
"SERPIND1__pos"	1.27317976608925	2.3838513451393	19.2987114044755	1.19580241928498	4.16527671609203
"UCA1__pos"	2.22044604925031e-16	2.22044604925031e-16	25.1494488356238	2.22044604925031e-16	2.22044604925031e-16
"GPHN__pos"	5.46442760495529	1.61696104773437	3.83389273987341	2.22044604925031e-16	13.0025408169754
"LOC100289576__pos"	1.17861266985744	3.99092689928084	17.6663497194546	1.40120288599055	0.282938654346165
"ABTB2__pos"	4.35268203337107	9.55371874572481	1.85557412070584	6.02858468530296	1.93750835835169
"NRAS__pos"	5.13010956147773	6.86183716682129	2.63821802413894	5.08222054520805	5.61078908482085
"FGL1__pos"	5.93446415390489	2.22044604925031e-16	9.33237017912739	6.20209320246663	0.00498013972540012
"SLC26A9__pos"	6.58184209076921	2.22044604925031e-16	20.0744945773771	0.58620774559499	1.51782330611275
"HMGA2__pos"	2.12324839854729	2.22044604925031e-16	13.5275581668021	0.268750940098433	12.5963840627253
"MACC1__pos"	3.19956505742046	6.33276206072026	4.66260607295667	0.798597763556747	7.502019563165
"PSMD13__pos"	2.22044604925031e-16	3.44228686226513	4.30266537657928	15.1569102538121	1.67621402507212
"LOC646851__pos"	0.776925850446968	2.22044604925031e-16	14.2191977095754	2.8988444742171	11.9660014343847
"HOMER1__pos"	3.58872423186794	12.9025795440858	1.30565773650343	3.08493050812892	1.89639925594266
"MRPL39__pos"	6.00580206712771	8.57347245335619	5.73937328856491	2.55268566165003	1.05388218354416
"LOC100287718__pos"	4.89567334734578	2.22044604925031e-16	10.1758108377262	5.85481794275189	2.22044604925031e-16
"ACSL4__pos"	6.89067032106414	9.71533722552689	1.24575299226904	2.49963532024254	3.7518418755158
"C18orf19__pos"	8.61200698524647	10.8310038553683	3.15422212605234	0.0287713135709529	2.22044604925031e-16
"CD300LB__pos"	11.485479767248	2.22044604925031e-16	15.8573988702941	0.561127665948951	2.22044604925031e-16
"PTGES3__pos"	9.5144573681936	6.78307533109364	0.0139855200730198	0.622416056632892	2.92611870630001
"KLKBL4__pos"	2.22044604925031e-16	2.22044604925031e-16	9.94215348548126	1.02659151770806	8.41440645503039
"UTP11L__pos"	3.64291690282941	8.51802184484582	9.86491154321477	4.07102476905714	0.000195243307804418
"TGDS__pos"	6.30957047069417	2.35408681497234	0.418323470758483	13.0541634993819	3.21470906863056
"TTC39B__pos"	19.229507298269	2.22044604925031e-16	2.30176129050539	4.53779520268876	2.22044604925031e-16
"KLHL23__pos"	4.23599530898007	12.2761084243774	2.45177901531766	4.01179699589413	1.13598208936393e-05
"AGPAT9__pos"	3.6754426089799	2.22044604925031e-16	6.89594162368636	1.66673138749913	11.920155116391
"PUS7L__pos"	5.66670399867843	9.60014274453119	3.54660287813892	1.35314609427277	4.66408911782519
"LOC100288535__pos"	12.5658061698879	2.38194329409585	7.44632002208367	2.22044604925031e-16	4.30481329227776
"YIPF4__pos"	10.1869689426411	5.00380080352662	1.41331924680324	1.66897524114086	5.11235632660165
"TMEM68__pos"	7.38292621534167	6.29408093927264	1.30942493776107	2.22044604925031e-16	3.9179068109024
"COMMD2__pos"	2.22044604925031e-16	2.22044604925031e-16	2.22044604925031e-16	19.928989515853	4.27824361192185
"LOC441528__pos"	7.33779507820289	6.65662727844717	2.25584219814242	1.01180014564092	10.7792708667763
"UGT2B15__pos"	3.89581122303002	2.61174922839241	2.17971186423454	4.85679709069766	14.0315070000366
"ARL1__pos"	2.22044604925031e-16	1.22695414232902e-09	1.08468365687573	22.0621612239455	0.0919945002089594
"FAM92B__pos"	3.47830220223239	5.73917947473482	8.52066584807274	5.18281383680838	1.06834480888207
"ALG5__pos"	2.22044604925031e-16	2.22044604925031e-16	0.356704215434392	22.7492826083796	0.020348109176554
"LOC100132891__pos"	14.8984645772169	2.22044604925031e-16	5.10554780214241	2.33614485105367	2.22044604925031e-16
"BATF3__pos"	7.92188715558861	0.50542985014692	5.76355442498253	5.95428957119116	5.18017073703269
"OR5B21__pos"	2.22044604925031e-16	1.62253921395164	3.11622466468605	2.22044604925031e-16	15.540759149329
"LOC100287276__pos"	2.87810299611889	1.15741125157907	14.2211428901529	2.22044604925031e-16	3.07250492401863
"MRPL1__pos"	2.22044604925031e-16	1.95662471210732	2.22044604925031e-16	17.9283759340987	8.47351681493977
"C1orf88__pos"	3.1400188547894	2.0869023701377	11.2016647412947	5.79229487077627	5.43316290925304
"ALG13__pos"	2.22044604925031e-16	0.663579743549319	0.172445652407793	24.439438748433	3.24913258919962
"ULBP1__pos"	3.17404492282816	8.14868799739698	7.34133448331657	2.22044604925031e-16	6.45276999214684
"MX1__pos"	14.4813665154885	4.44288392204558	4.82614158991766	1.21640114119249	1.33498275361378
"CGRRF1__pos"	0.113180009050637	2.22044604925031e-16	0.428188186967841	24.6296148203908	2.22044604925031e-16
"TFRC__pos"	5.02225373575156	11.6449479758546	5.27792413179838	2.16027792622561	2.22044604925031e-16
"CAPZA2__pos"	0.884786170671341	2.22044604925031e-16	2.22044604925031e-16	23.7942848095866	2.22044604925031e-16
"BPGM__pos"	3.22131740201765	14.9959075170622	3.8656866117565	0.805616693434238	1.68242393968985
"WDYHV1__pos"	6.57001059163999	8.18842370842764	2.81022835845762	0.999515778089919	3.72694070305914
"SLAIN1__pos"	2.03007091446898	2.09841935112868	2.22044604925031e-16	5.79885108936231	11.2894053286677
"C2orf49__pos"	8.82140862938049	12.3899059908107	2.42923875244875	0.155573365517711	2.22044604925031e-16
"SRPRB__pos"	8.22641466163724	6.90010816146539	3.33984330089621	0.653106043954788	5.09647756187528
"CREB3__pos"	2.22044604925031e-16	2.60712921961188	4.64896543727433	13.7195837326112	2.22044604925031e-16
"EIF2A__pos"	1.98787585531411	4.73550530314927	1.70495374020187	3.25930330291958	13.3697867351699
"AZIN1__pos"	7.30192423257733	10.6809751685741	5.75177296531831	1.02083055357823	0.693075071933051
"C14orf104__pos"	2.22044604925031e-16	0.521386622553345	2.22044604925031e-16	12.1800626116508	11.9729312059958
"RPAP2__pos"	7.44053820288085	11.8690092218281	4.64553635668309	0.908893472335197	2.22044604925031e-16
"MAPKSP1__pos"	2.22044604925031e-16	2.13217350838468	1.18929772965821	20.8689780469864	2.22044604925031e-16
"CD58__pos"	2.02063749037835	15.0654595989861	1.25284775491919	2.22044604925031e-16	6.33312499261777
"GK__pos"	14.3481625607771	2.22044604925031e-16	0.422260408555743	6.18767216946014	4.92573626148158
"PCNP__pos"	11.0468826411767	7.10705805269153	1.13683685004316	2.22044604925031e-16	4.13310405198646
"BAAT__pos"	2.89289200290525	0.818197713739739	11.626470091583	1.1882748377243	10.1547978175712
"FAM96A__pos"	0.760908441048739	2.22044604925031e-16	2.22044604925031e-16	28.0564135154046	2.22044604925031e-16
"SERPINB10__pos"	9.11365742211226	2.22044604925031e-16	11.0299785371357	4.43609699116409	2.22044604925031e-16
"LHFPL3__pos"	2.22044604925031e-16	2.22044604925031e-16	1.26262859401204	1.23723155514775	20.8791404157148
"LOC100131510__pos"	1.89176460077188	2.22044604925031e-16	4.47833048488102	2.22044604925031e-16	16.393786167599
"NT5C1A__pos"	6.48678056160637	2.22044604925031e-16	2.22044604925031e-16	2.22044604925031e-16	13.6243380691153
"PLSCR1__pos"	14.3294497157381	2.22044604925031e-16	2.22044604925031e-16	8.77218626428206	3.74136218620429
"PRPF18__pos"	4.86423795779466	12.1895481363112	1.2855966226518	2.02574917863111	1.50250888452051
"LOC100287306__pos"	6.127060375608	2.22044604925031e-16	5.51515571086719	4.4921623965372	9.85798649860126
"MBIP__pos"	2.22044604925031e-16	0.31946943506895	0.103313758470595	8.24399651275336	12.3703584384383
"VDAC2__pos"	6.80044639330366	9.2911097796795	4.46901929253178	3.91610238200077	2.22044604925031e-16
"CXCL13__neg"	2.22044604925031e-16	12.069718337979	2.22044604925031e-16	2.22044604925031e-16	8.26392433466574
"TNFAIP3__neg"	2.22044604925031e-16	8.77987753410438	2.22044604925031e-16	13.6218568641226	2.22044604925031e-16
"ENC1__neg"	2.22044604925031e-16	9.02853443210233	2.22044604925031e-16	8.17258682933492	9.60102238955267
"HERC5__neg"	2.22044604925031e-16	13.1607169384199	2.22044604925031e-16	3.38934103517912	7.02521160185551
"CCL17__neg"	7.54983567857122	11.3230814229515	0.365560360160871	2.68658762291143	0.972515709411036
"BCAS1__neg"	2.78464643142883	13.5040084939183	2.22044604925031e-16	5.76169820224064	2.13773462612784
"MIIP__neg"	3.27457266652847	7.45020294427165	0.193905770152203	5.9085692394987	8.10263687079365
"FCRL4__neg"	4.38637106065374	11.050978403234	0.842325635772856	3.83418705066888	1.64572517013118
"CCL22__neg"	1.85859453534353	13.8715610413313	1.68339765455469	6.98951012720227	2.22044604925031e-16
"TNFAIP6__neg"	0.205833870449599	16.068828112548	1.07827475468861	2.22044604925031e-16	6.23956514098811
"UST__neg"	2.22044604925031e-16	17.0185865973835	2.22044604925031e-16	3.84681074931348	2.2747755654789
"SCN3A__neg"	1.91855910405526	15.848242799528	2.22044604925031e-16	3.39822455522168	2.35823976647003
"C15orf24__neg"	0.442510493922387	11.1663026909591	1.46275803902916	2.22044604925031e-16	8.84068310220015
"AVIL__neg"	3.00736023053913	8.31834409047688	2.22044604925031e-16	13.9862534706825	2.22044604925031e-16
"CD86__neg"	2.38670509243619e-08	10.0815520445022	4.5862991018302	0.406759389373464	9.46495453814155
"C13orf27__neg"	6.81346060391732	9.80916244750376	3.68599962641391	0.0131715341675314	2.22044604925031e-16
"EPB41L4B__neg"	7.33709039779455	10.532699202742	2.22044604925031e-16	4.70919859207006	2.47968407299509
"ELOVL7__neg"	2.21269623665487	15.0472838792536	1.13777940479699	3.87162537971574	2.22044604925031e-16
"IL1A__neg"	3.99245250706759	13.0121764664275	8.79209499562949e-09	3.47668606692463	3.78976279603067
"EIF5AL1__neg"	8.00992562301851	6.99913026034402	2.79646877803433	2.48538713822553	4.56973699491266
"CACNA2D4__neg"	0.781615508889198	8.34509552473897	2.22044604925031e-16	4.86055515423091	5.51132639950018
"TMPRSS6__neg"	9.21705669897486	10.1904714900302	3.52504488296852	4.81412374242167	2.22044604925031e-16
"IL10RB__neg"	2.22044604925031e-16	16.7798902059828	0.455762324088179	2.22044604925031e-16	6.66651711320367
"ESCO2__neg"	0.868150684349516	6.95723336856949	1.26367814419552	9.70915878906302	5.42140208320424
"NFKBIA__neg"	4.55298178172709	10.3677874342069	2.22044604925031e-16	4.22440176384233	5.22090873063261
"CALHM3__neg"	7.76494958394016	11.5617708277798	0.322093756103702	3.1418930050988	3.12327731738116
"CCR2__neg"	2.22044604925031e-16	15.3507612614524	0.976981061983333	1.07375842236759	9.88907613714034
"TMEM169__neg"	2.22044604925031e-16	18.6254720074108	0.292657453215734	0.959318339006279	0.799090338540483
"IPCEF1__neg"	2.22044604925031e-16	11.5461955594987	3.1206520699068	4.62495266622488	9.63432404101184
"POU2F3__neg"	2.99045069673053	8.56582896246707	2.22044604925031e-16	6.4368618812405	4.2374689464701
"TRAF1__neg"	2.22044604925031e-16	11.2961001018141	0.816264489508408	11.5390760802357	1.43878119138284
"DNAH14__neg"	5.06870345211146	8.89697855291674	2.22044604925031e-16	2.89918279876621	4.45566279423042
"ENPP6__neg"	0.268686529829391	12.528711051446	2.22044604925031e-16	5.10440969725215	7.24211317690717
"HPX__neg"	2.69123736022056	7.71050945327696	2.22044604925031e-16	8.63696199590883	2.12684960837014
"DGKI__neg"	1.35206856214878	14.0727877007539	1.12790398249846	5.91369865137022	2.30870708210776
"GHITM__neg"	0.358233516342011	11.0484088301992	0.480003812014824	9.37833177926584	1.52298618655078
"AKIRIN1__neg"	1.16890204650141	6.5268922540297	5.37741486331414	2.82819342228407	10.6457676226399
"GGH__neg"	8.67728093317124	9.35886496573946	3.16488837693193	2.22044604925031e-16	1.93168545000588
"CCR7__neg"	1.64111098498008	13.7563082870911	3.32465765448997	6.37050749916149	0.33925553478208
"PECR__neg"	2.32304922000048	19.2425563976969	2.13810684501896	2.81703169452724e-15	2.22044604925031e-16
"RSPH1__neg"	6.32631909536567	6.28669003430839	1.2691335050631	3.72501915604503	2.27651419688769
"INHBA__neg"	0.448131461881897	12.9699306504309	2.22044604925031e-16	4.28060113938909	6.23892188882789
"ECE2__neg"	7.45622895637826	4.43397901145663	2.26545208538164	2.40140778516369	5.2762628544579
"C17orf42__neg"	7.90382372034921	7.02116728997852	1.78741200939368	2.22044604925031e-16	2.95757940367106
"RGS1__neg"	3.85090754227992	10.5404932131634	1.08949507718721	0.889562700389022	4.80130262137203
"NCF2__neg"	2.22044604925031e-16	17.8218450437273	3.30137868182659	3.85770604184579	2.22044604925031e-16
"BCL2L10__neg"	5.14204869661852	10.0819303426377	2.79139196904011	2.42371995346744	2.22044604925031e-16
"FOXA3__neg"	5.27904415846117	9.86083778198755	2.22044604925031e-16	3.80751871574336	1.96537443226373
"SELT__neg"	6.03741660257025	8.66565565158591	3.70154368957884	2.22044604925031e-16	2.15513030743297
"SERPINB4__neg"	4.81424885616856	6.55819202135366	0.0590292515148418	3.22230459778561	3.63502010457741
"TMCC3__neg"	2.00406858515617	13.7290726613005	1.82785929718699	7.00875628432776	0.722964604439302
"ZNF702P__neg"	2.22044604925031e-16	14.0395028775943	1.67715254449068	1.61846083938574e-09	5.7657993182543
"MCF2__neg"	4.04756407548944	7.76655736617652	0.566832346386088	3.87202225687876	1.99609375232729
"NLRP3__neg"	2.22044604925031e-16	12.5263192138071	2.22044604925031e-16	5.37082333159314	7.34639750517286
"SNAI1__neg"	1.67660523787224	11.2007775875567	2.22044604925031e-16	7.65783066286851	3.16741487274412
"RND1__neg"	3.46626831621173	14.3380422270685	2.22044604925031e-16	0.908462151661749	3.0836397777259
"RGS2__neg"	4.02735684129715	2.22044604925031e-16	9.39103903075187	8.59247072693245	2.32935557029809
"TTC39A__neg"	2.22044604925031e-16	16.3616245674419	2.22044604925031e-16	1.54062803028557	5.01201670333968
"C3orf59__neg"	0.19780269392212	16.3325334549398	2.22044604925031e-16	3.00654782509366	4.28796918232007
"CYB5R2__neg"	7.61644991697954	8.89272013026806	3.99863399347392	2.82399682976279	2.22044604925031e-16
"MMP3__neg"	5.54816534115516	9.52674376195233	2.22044604925031e-16	2.57734162623326	5.38301827137818
"MAP3K15__neg"	4.53807388008404	9.15724188832395	2.22044604925031e-16	9.94649812125496	2.22044604925031e-16
"DFFA__neg"	3.29034535572066	4.55033440646463	3.33828596764742	3.43616335387278	10.5628034622917
"CAMK4__neg"	2.50601179508584	16.6762624158947	0.148058530674998	1.50606532714684	0.216396319532124
"HERC6__neg"	0.167856638964273	10.7552446908249	0.566255011293446	4.87712850653676	5.25823217842781
"HORMAD1__neg"	0.0816421194711103	13.2501834471009	2.22044604925031e-16	6.64278645492355	1.51885098441844
"PDCD10__neg"	5.87746716527331	8.54282539270309	3.47157216048518	2.22044604925031e-16	2.17106896776365
"NR4A3__neg"	1.88857227610329	9.35345141583163	2.35846671428177	4.57576926472276	4.46544820698603
"C7orf33__neg"	5.74872774229957	7.00825551645432	1.3452541273491	2.69002505907791	2.89494272747676
"SPPL2A__neg"	3.32393134990997	12.6383450590017	2.40433242814957	0.0767933814333726	5.75784426342691
"METTL2A__neg"	3.12466934940048	6.00124011924622	1.1199487876664	11.3251230833706	4.29947356947739
"HABP2__neg"	4.43533767421707	6.61734214595867	2.22044604925031e-16	3.4354269899141	4.33315868815488
"C13orf37__neg"	9.47386849804167	10.8951324578345	3.52680061505971	2.22044604925031e-16	2.22044604925031e-16
"PCDP1__neg"	6.9265605984962	8.99090871027099	2.22044604925031e-16	3.74035962885923	2.86743729454737
"SLC16A10__neg"	4.94157930206039	11.8098157481217	2.22044604925031e-16	2.36500636827503	4.98499203468279
"NRG4__neg"	6.69115141120662	6.84708571510217	1.83641819159525	2.58735822979637	1.46587264992283
"ATP1B3__neg"	5.79501589918725	6.97133288589486	1.89568634227615	2.73847868027473	7.71686420936196
"SELS__neg"	4.22561701221813	9.74280129036154	0.933809174973124	7.69818362679336	2.47804078492816
"C1orf173__neg"	4.47305955601639	11.7084808938101	0.164695693521815	5.59842746971364	0.447886369823042
"MGST3__neg"	4.25539612342979	10.5246026896931	0.226198703577104	1.04767117495008	6.3339722898045
"HOXD10__neg"	5.23543672320823	9.67844828850866	1.1864391427192	3.53215394539573	2.51807913145121
"PGAM1__neg"	6.17397540316445	6.47335266143073	2.22044604925031e-16	3.25728180078208	9.62573752576315
"UTS2D__neg"	5.95989804025047	10.7618455466545	0.575907138044035	3.26495569620038	2.55567835040387
"NAMPT__neg"	4.80758637242788	12.0383233626052	0.69955062361995	1.02268082330511	3.70213713877807
"SCGB2A1__neg"	5.08794310949903	6.35461801837256	2.22044604925031e-16	2.99562217148488	3.46407308811468
"SNORD3D__neg"	6.68182998998892	8.4263782770723	0.313414561374648	4.17584631367069	2.27081092971906
"RAB3C__neg"	0.348068701894064	10.9730737711901	0.263283702985419	0.728015097550229	11.5396813498353
"IL11__neg"	4.45120050897399	6.18790450389482	2.22044604925031e-16	3.72281093472584	4.76424307706674
"LRPPRC__neg"	3.59002767051202	5.41862252523048	2.99832746315619	2.90809606999966	10.836702662915
"LOC100288320__neg"	5.06719008258107	5.95869816864122	1.10921563929078	2.51319481543864	3.49721167160479
"LOC100131551__neg"	7.59622504231838	11.4539431019498	2.22044604925031e-16	4.06763910713413	0.937488874466162
"FNBP1L__neg"	5.93145891852277	9.05643118554951	1.20987389540019	3.9692855521512	1.07299336615922
"AICDA__neg"	7.09453509732	11.0279841755588	3.37608398790501	3.18340868194613	2.22044604925031e-16
"PAIP1__neg"	2.72950585802061	2.22044604925031e-16	3.00002846638212	12.1209875504391	11.0438632973986
"NYX__neg"	5.77233312137166	8.02867164140509	0.768023985191364	4.09681917883649	4.61678584871422
"SNRNP27__neg"	6.07118056889043	1.17120729199791	2.22044604925031e-16	9.39777339876742	8.6088643016214
"F12__neg"	3.1572238512105	10.5919946757495	2.22044604925031e-16	4.43535288433191	5.1226370778576
"IGFBP1__neg"	3.56465485086352	8.57039144967557	1.68678994388627	6.18199493045371	0.882808968928869
"POLB__neg"	6.80458937887065	8.07364495679287	3.01802914798514	2.22044604925031e-16	2.87740320109175
"COMMD8__neg"	5.47242661725538	11.4304629294029	1.94295747432403	2.22044604925031e-16	1.82467222058134
"UPB1__neg"	0.153364633135307	8.94613691472554	2.22044604925031e-16	5.34436094606447	10.9585274216004
"IGSF3__neg"	6.19878822725244	2.22044604925031e-16	1.42645893625936	2.22044604925031e-16	19.7747312917751
"MGC14436__neg"	7.22966183923443	6.81188706101889	0.893312682204985	3.16129918450364	0.951146270302788
"CDH7__neg"	4.97167001626793	6.30876200046075	2.22044604925031e-16	3.06309680460724	3.58355687502178
"TMEM190__neg"	6.20356326214939	6.23053417725763	2.22044604925031e-16	3.47846678842571	3.56431255944615
"STEAP1__neg"	3.96093150093571	14.0684929128464	2.22044604925031e-16	1.61663019830192	2.55600569623502
"ASGR2__neg"	2.22044604925031e-16	11.9654442591869	2.22044604925031e-16	2.81482117794745	9.2188676223569
"UCHL5__neg"	0.00836499730872202	1.85049978030133	2.22044604925031e-16	7.60556163359986	15.0066142662373
"AKR1C4__neg"	3.34915893431111	6.78512298669773	0.420884770142398	5.17267254275016	3.69380416928431
"TMED5__neg"	4.85652692695454	1.17418017092664	1.2022379699006	10.6738004513825	8.06612773622145
"HAO1__neg"	2.8410537777649	7.52329835693732	2.22044604925031e-16	5.87898933344694	3.15865631777645
"FAM64A__neg"	2.22044604925031e-16	11.6151187993612	2.22044604925031e-16	2.12317386547517	12.0702930580851
"LOC389174__neg"	5.44014660741628	5.88864645599872	1.21942164219826	2.62838476271288	2.9721464100569
"SAMSN1__neg"	2.22044604925031e-16	13.704720341805	2.01136114914369	2.22044604925031e-16	7.93130510692213
"MOSPD1__neg"	8.71659035876595	6.99317156792298	3.12048013289218	2.22044604925031e-16	4.66681205924825
"AK3L1__neg"	1.95584014485145	4.92703001295638	2.61435311870182	6.26172454674541	8.03982054163265
"SELK__neg"	4.80357636745195	9.28630291722063	2.51103463076693	2.22044604925031e-16	4.39259172673676
"WDR51B__neg"	3.53212943337809	8.9675496609009	0.866562368072184	7.6853838653325	2.03444613759078
"STARD3NL__neg"	6.20635538733701	11.7913904028849	0.329977285520689	2.22044604925031e-16	4.55841248660511
"ID2__neg"	2.09249249763301	13.3998544100354	1.29073253054657	1.28514173574413	3.9848585613147
"DKFZP434K028__neg"	5.44575746204	6.58486207725972	1.16092911349803	3.03347962077856	4.03660180751273
"YRDC__neg"	6.90593026514446	5.2771795005787	3.62818464624194	4.30203627912876	4.66174356387911
"PMAIP1__neg"	6.36449876824375	8.59851940653732	4.6818372084725	1.34528611080327	0.818616420613717
"CPNE4__neg"	5.08851505580802	12.4562918052468	1.44201225714713	2.75958028695633	1.57906608297479
"VEGFA__neg"	4.0538906934574	10.9253206896396	2.22044604925031e-16	7.95849551296917	1.985747704476
"SYTL3__neg"	2.22044604925031e-16	15.4235116008067	2.22044604925031e-16	7.84842553521533	2.55051776476341
"C12orf67__neg"	8.71282721869491	9.89215554761153	0.012219719482323	4.56180287629456	1.44835405325364
"OXTR__neg"	4.43154385358959	7.01398775656873	1.62032099108938	4.59392817926665	0.697395424251669
"WDR12__neg"	1.87272796527867	2.5522917881537	2.22044604925031e-16	4.22454412369483	16.5905505891607
"CASP7__neg"	3.92482156869436	9.51504386255328	6.75459175137068	5.13845549814764	0.751204991980084
"TMEM59__neg"	4.15692285563243	7.01270602265511	0.814398258683796	2.22044604925031e-16	7.21045175469457
"KPNA3__neg"	1.24329108929587	6.54257062198489	3.34121920084154	6.32552110956325	7.99523282610748
"PNPT1__neg"	4.76695637314549	5.24193935581561	1.21793818451003	1.93573866856156	7.49645731510646
"ALLC__neg"	8.05062404464611	10.1163453970435	0.790534715210622	3.74671901913587	1.57086469921026
"BCKDHB__neg"	7.31868891340159	6.76666804024422	2.980524833349	4.8602302873517	5.57842991128189
"API5__neg"	0.771545102431137	4.7731066271	0.808259468786951	2.99102665229128	15.0032723132625
"LRRC40__neg"	2.22044604925031e-16	10.0185742305963	5.88197629875153	4.75402425071282	5.34878930535502
"LOC729041__neg"	5.76882585010301	8.71982312936678	5.15983089301813e-12	2.72367437827235	4.52067048314904
"C1D__neg"	4.75525421199831	9.81167000475437	3.74522121500324	2.22044604925031e-16	1.10766107345884
"MLLT3__neg"	9.21266011926734	2.71674356538372	3.023127472005	1.81841222176328	8.23152410508482
"ARG2__neg"	5.75708116550634	3.64603143094565	3.90198303213894	3.81741103070223	8.63922044283051
"PTP4A1__neg"	2.12126521024581	6.97036480573866	8.04587991083551	4.50017241568441	5.89040667892007
"CYB5B__neg"	2.88581888011332	4.5669269935409	1.2369144065129	4.82022141960078	12.2218300511656
"C14orf34__neg"	2.39138555672737	8.39885656064751	0.773414539428663	4.2038508416394	2.78292584112803
"OVOL2__neg"	9.29074755274205	9.73136028794244	0.704878096885866	3.87545096527777	2.54698040748452
"TEKT1__neg"	3.57905391780971	7.0869466102599	2.22044604925031e-16	6.67761449632197	1.12405062837002
"OSTN__neg"	4.91434626772654	11.2887248493376	0.0347614655570701	2.57240252489649	3.43989103003164
"TAF13__neg"	8.81303229541716	2.44641756972621	2.22044604925031e-16	4.83653356827226	7.94967294809663
"HIST1H2BH__neg"	1.53164761295383	9.20275718951904	2.02140489431851	3.97215525904845	6.50694752714473
"UBE2W__neg"	3.90114130857857	11.8187400171869	2.06027383956141	2.22044604925031e-16	3.03489359668898
"MAPK8__neg"	5.63526054183486	0.887544965403194	4.39179758433285	5.61757904914792	9.70617709612942
"RPP30__neg"	5.92793055533686	8.60280407851433	0.418742371834396	4.30078358481867	4.53087312261166
"MIRHG2__neg"	4.60725852140624	2.22044604925031e-16	0.605233039220767	5.33407764656764	17.2781420646566
"C14orf33__neg"	3.04708522206399	6.24383423536413	1.32014389633513	5.60327537628831	8.26158370093573
"THAP3__neg"	4.62252447420191	6.14873752049114	1.70530536223484	1.02840823241029	4.77853335790909
"ZNF519__neg"	2.46637648943612	2.10497117529574	1.0077047797409	5.13566953195305	13.5230553211608
"MED6__neg"	2.22044604925031e-16	3.67389374022162	2.22044604925031e-16	12.8944168515987	6.57682197024622
"SPTLC1__neg"	4.55834604730969	6.83139403162668	4.88984123648174	4.43382454648949	4.90644775649521
"SUV39H2__neg"	7.777016209613	5.5220297978929	2.92233718174163	3.92291560099658	4.21465395199029
"SCLT1__neg"	6.99415218757638	5.70471254116985	1.35381892154369	3.75172970259032	7.33551842367707
"LSM12__neg"	2.30529222958219	6.57210813568492	0.969856979254034	5.14740989917842	9.78955044032299
"TARS__neg"	5.69386659983013	9.06049078610705	2.70471626228769	3.75882498752583	3.53330183667793
"TMEM135__neg"	0.240543879109961	2.88905728472073	2.82418091899909	9.23915617051157	9.33817814836721
"FAM81B__neg"	4.91729045137204	6.3097759075355	0.244338637348626	2.04817742894571	4.60527067764149
"RWDD2A__neg"	4.36114549776945	11.618186295843	1.1332432715567	2.22044604925031e-16	2.22482028822221
"CPEB2__neg"	3.04882418289278	11.390336122551	4.26586957017921e-07	4.66657536632094	2.62083853710915
"ANXA7__neg"	5.4821819017468	3.58612561358973	2.68644428077696	10.7522871781117	3.41894751139288
"LRRC63__neg"	4.73779989867209	11.8983555501492	1.9934570953929	2.30661909684617	0.452776994409877
"GPR63__neg"	4.16332430485945	13.1400553920239	0.437960508046174	5.66403663946277	1.02892883397279
"CAPSL__neg"	3.3428871965191	5.73748136624318	2.22044604925031e-16	6.11877163986876	3.00193108927355
"RFFL__neg"	1.68182865424062	11.1743107343591	0.58293328146989	5.55163229304607	1.78746628241255
"DHDH__neg"	5.73284274031629	8.68867876015616	0.127839511099605	1.32316627342682	5.26772956161382
"SERP1__neg"	5.71693922334027	7.10322551272145	4.40884839700836	3.90549332671617	4.53118928564207
"ANKRD33__neg"	0.677010850076913	8.5731534598879	2.22044604925031e-16	17.4499380314374	2.22044604925031e-16
"FER__neg"	6.32499278862407	6.57422025786808	2.80815793357939	2.60913653263587	2.82760957955799
"CCDC103__neg"	1.65292719797499	11.7332385497538	0.648599899389576	4.20475505959167	5.86561618429859
"WDR63__neg"	1.42962377983256	11.994445219682	2.92360802366192	7.24809558369221	1.09734513527162
"LOC100131303__neg"	5.14379469016565	6.53446985171929	2.22044604925031e-16	4.0297744005109	2.55259764254033
"TAS2R30__neg"	5.43472795347869	4.68717885658796	1.76101842222906	2.42890538638596	3.92436607946371
"TIAL1__neg"	3.88836035388848	5.83653745894978	4.69400840762145	3.82693980386877	6.79554148153363
"REXO2__neg"	5.34957264304611	5.81074308505916	2.53201446678783	4.33400369257578	6.13495067420396
"NUDCD1__neg"	3.76592364692145	5.16905489384558	2.12440147710172	6.73446719217523	7.92212446307284
"C10orf79__neg"	6.15775171069158	10.4385793993329	2.22044604925031e-16	6.20873510730723	1.22737423559562
"RSRC1__neg"	4.40498016074819	5.27741151365566	2.22044604925031e-16	4.51553635440657	9.42943640248988
"FAM92A1__neg"	4.42864875785608	14.1612475627382	0.438607849306645	9.76659905058547e-06	4.55983140043387
"SLCO4C1__neg"	2.27447907075628	9.00308620452514	2.22044604925031e-16	3.59566906365106	5.59927539964809
"ZC3H15__neg"	4.22706566367279	4.96419576855434	1.89909745832557	5.19058014026103	8.97056682976112
"ACCSL__neg"	6.11934423068178	7.54661419434704	2.38213639691168	3.01354190056879	0.668740148414262
"FAM35A__neg"	2.22044604925031e-16	8.27928511750371	3.72040739313933	4.01100415160292	8.68262729879398
"MCOLN3__neg"	6.31581325173529	4.11833095769198	3.59775171870009	1.59148471112	9.49567613505418
"C8A__neg"	3.74360020460518	7.24072161200166	2.22044604925031e-16	5.2738518897973	1.93605435096876
"SRGN__neg"	2.22044604925031e-16	17.8062879827259	0.631747050036625	2.22044604925031e-16	4.97956916781696
"PSMC6__neg"	5.22905966267314	2.94580843178892	2.62844756784842	9.84768237020234	7.62403687379954
"TFAM__neg"	7.09583569847009	7.06609538701317	3.18195300039082	2.59568031121653	4.11904177083358
"TRIM6__neg"	8.22295452354819	2.22044604925031e-16	4.66500987609237	2.25964438480151	8.21101516873077
"YIF1A__neg"	7.70415104258605	5.81452771097445	0.391931303103064	1.7308464440301	5.10185104566127
"PAK1IP1__neg"	5.86715959894563	5.04407293972677	1.46909800823087	3.09915953478718	8.54292442572616
"TMEM38B__neg"	7.05445981336829	2.22044604925031e-16	2.22044604925031e-16	14.0012470624347	5.95495330769311
"GLO1__neg"	3.05373858548866	3.91424720275914	2.22044604925031e-16	11.1228144283469	8.02872741530317
"LOC729467__neg"	4.87824273826302	8.01636746584127	0.411546828085204	3.03654499233427	4.05814085471417
"CCR3__neg"	0.174490594698894	11.9102163116791	0.588030850747587	4.37163478946356	7.00354575813226
"LOC100288082__neg"	2.94271475311247	13.7804426680843	1.80717490388564	4.40389834054604	0.546749981481848
"GPN1__neg"	2.22044604925031e-16	10.6377086231799	4.81104551279528	9.46412428245324	2.22044604925031e-16
"FOXA2__neg"	4.57127389072733	6.72056612328403	2.22044604925031e-16	3.93121564400336	3.08538903627655
"NUP54__neg"	0.566947026313542	14.6728710513503	3.5052509735411	1.73522231543186	0.857864721019458
"GDAP1L1__neg"	4.21347803863041	7.149514778453	2.22044604925031e-16	7.45061110969895	1.17985881782755
"C8B__neg"	4.19523675573159	6.58264930309914	2.22044604925031e-16	4.05215201683144	3.03831988464523
"ZP1__neg"	3.87140066480685	7.22658139185413	2.22044604925031e-16	11.187397005251	0.00120939385076901
"CCNC__neg"	6.23886380213046	5.24113779568904	3.29247272158469	7.38797123882478	4.42892633113658
"LOC388813__neg"	4.58177565296937e-16	12.8893558812637	2.66884643767454	2.82457701057115	4.28989745235643
"NCRNA00158__neg"	4.31504397395181	8.82521290019526	2.98288078222125	1.21415108259606	3.20693082762491
"ARNTL2__neg"	8.7231959359369	2.22044604925031e-16	1.05180957122084	6.4403353801672	7.82308316996676
"TMEM217__neg"	3.98281373160173	6.11227250861704	0.773176253218854	3.4091583761741	4.38754619975338
"LOC100129411__neg"	6.1430642846377	4.79024446007647	0.824058288659259	0.742072212501494	5.29348473039554
"C1orf163__neg"	6.65700265823081	5.34963299204062	2.46475214884262	3.07513286612082	6.16014149661541
"IPO11__neg"	7.37288791269827	6.71345959287821	1.28821801817479	3.02284927162063	4.64415964261095
"MRPS35__neg"	7.12727349080954	8.93535455072911	5.5250226071301	2.92589687629304	2.22044604925031e-16
"CASP6__neg"	7.00910696705814	0.612513927889181	1.6331872293937	4.92176469848411	12.3043161704699
"FAM99A__neg"	3.52875216697591	6.01697446626492	2.22044604925031e-16	6.45302767064865	2.44438303766114
"HYAL3__neg"	8.46667740541628	8.49304412767041	0.932533171156294	2.68747535168305	2.91417747134091
"EGO__neg"	3.88451538735947	9.07741694333347	2.22044604925031e-16	4.73331693668403	5.06015392946985
"STOML2__neg"	6.04703955601453	7.09924288675063	2.21511264980169	2.22044604925031e-16	6.66057721179721
"TUBA8__neg"	1.99261314586313	6.86385811286657	2.22044604925031e-16	7.38774878761238	8.96963216092728
"EIF2S2__neg"	5.6997763824192	6.46379011392862	3.59665769624286	4.32714748964789	4.31685327525821
"AGRP__neg"	7.7109302031882	8.68983850940323	0.524621728895168	3.41741105638266	1.00273625292317
"MRPL3__neg"	8.26084130944632	5.91149689376675	4.28967540210136	3.49939963110879	3.87597022471145
"SUCLG1__neg"	3.01213749769047	10.7873804606564	3.22018702697186	4.18477546118353	2.83369604029313
"LOC100129935__neg"	3.17435599495603	7.35392147266705	2.22044604925031e-16	4.96025649229867	2.49088022738378
"DGKH__neg"	3.6839257318671	10.8628561346951	2.96027454775222	7.04904832458138	2.22044604925031e-16
"FBXO22__neg"	5.5619810680088	7.5402003445839	6.3805218168148	4.87925674849464	1.80966333083409
"L2HGDH__neg"	0.821367203548383	5.18656200116137	0.450146088403219	1.71466394579693	14.6315396766971
"LOC728806__neg"	4.43398413779961	7.41287375349667	0.559181224498856	4.99061634157446	2.25932925139977
"SLC25A46__neg"	2.22044604925031e-16	2.23223751598454	1.98949698326372	15.1487496226747	5.81701338680491
"HCCS__neg"	3.85262181879485	9.70428831874504	3.09353006990386	2.45404567558902	2.65142686248792
"LYN__neg"	3.58434197170018	9.75437234278516	2.95271262233304	1.71083179125678	6.30998401407143
"ALG11__neg"	2.96932039593703	0.0745949742043958	5.49469247684876	4.89358122317562	11.9019405965884
"SUB1__neg"	7.77218280067731	2.22044604925031e-16	2.22044604925031e-16	11.9374907245405	7.3422171990601
"LOC100287393__neg"	4.40135110694101	7.09435427129381	0.890070371894615	3.77940536671318	4.10022686529003
"LOC150577__neg"	7.27154217229	8.98373631096643	3.10052178965903	5.52191498794955	1.43136386305242e-09
"ETFA__neg"	2.30041325209498	2.72761543251866	1.77032984667538	11.7972625809948	6.34824113213427
"RRP8__neg"	8.17594112691279	5.27273297665998	1.00508222599456	2.7650742025371	1.88559794886712
"FLJ40292__neg"	5.67904937513028	5.87704484906365	2.22044604925031e-16	4.6999220123449	2.91089945055583
"PPFIBP2__neg"	4.62581078383844	7.89760320509578	2.22044604925031e-16	14.2984168851449	2.22044604925031e-16
"SLC39A9__neg"	8.78590250952421	4.44791892603327	3.58652175072638	2.77467682259699	5.60349229361978
"PCGF6__neg"	0.48117899819284	0.573899339048534	0.191620807480728	10.4599118715008	12.0385444062499
"NEUROD1__neg"	5.69190424926883	9.07092066350932	2.22044604925031e-16	3.42757928238182	3.45311657367316
"ITGB1BP1__neg"	6.1209132500204	6.49958822117816	1.7606123995712	0.526463274189209	3.47197932029554
"LOC100287784__neg"	4.27128100828598	5.56074978208258	0.387719751599785	2.13998392852459	3.60643841809505
"USP3__neg"	9.76434195684974	5.00856518404188	0.747862152700954	2.1400425265166	7.61500905255015
"PPM1L__neg"	5.59114850759045	9.53772801100168	2.04826331350095	5.27741309557421	2.40220155973951e-06
"PNCK__neg"	4.3067181139399	6.73357037421835	2.22044604925031e-16	4.67807966496105	3.80144314367407
"C11orf57__neg"	0.238805581731312	3.61006839510876	0.818665367991663	3.93840386880655	14.1877182824664
"LRRIQ3__neg"	10.5652480933005	10.5979815225435	2.04281506548147	2.22044604925031e-16	0.156445454633115
"LGALS1__neg"	7.81503068527759	4.48611770829409	8.42492654445938	4.08882019888758	1.30479054356997
"ZFP1__neg"	3.55497486070719	4.76988037707048	1.83191314012581	3.74558709876605	10.4317553778669
"DNAJB1__neg"	3.78715454461965	9.63866712120467	0.263356392953504	4.77993993435498	7.55830823447881
"NQO1__neg"	2.85076473917728	17.207510868451	2.22044604925031e-16	0.682692463802255	2.66579042533457
"ORC6L__neg"	6.48630748938984	8.06322888666952	2.98201955925556	4.04862692481381	2.80661059520912
"PXMP3__neg"	7.21530773642832	7.02597347920816	3.30776819129946	2.22044604925031e-16	2.28799134245373
"BCCIP__neg"	8.93639690335824	6.22754123533954	2.81459052013944	3.56715119056611	1.64372033019761
"IARS__neg"	7.17538971920073	7.00760169963159	1.68047780998821	2.9672046112628	3.9636619906557
"FLJ11506__neg"	9.36129656323618	4.73725513745804	2.74306989667495	4.22782014767736	3.99431598946743
"MTHFD2__neg"	3.6597758316888	9.6798876611974	1.81230473025969	4.25717813792149	1.98113527678938
"COLEC10__neg"	5.30392150725858	9.7427491536748	2.22044604925031e-16	3.08314573823559	4.56793813110153
"HPSE__neg"	2.22044604925031e-16	12.648807925498	2.59575180880334	3.18462886414792	7.70687058207284
"SRFBP1__neg"	1.9796606370577	7.53692779292826	3.61882924706959	5.01374784696278	7.66293157068793
"WDFY1__neg"	0.828535335718109	11.7342319118115	3.37160009067798	4.0724665495737	2.64898027053537
"RAB31__neg"	2.22044604925031e-16	16.2763326400775	2.22044604925031e-16	2.43460638682663	4.99282806728026
"C10orf128__neg"	0.946942111092762	11.3942407359085	2.01117935643393	0.962534179030668	4.15002286648248
"C12orf42__neg"	3.43545771133496	6.83388775938189	1.1620276752381	3.24371634081363	3.80138196127377
"ANGPTL3__neg"	3.79108566069154	6.70627171526588	2.22044604925031e-16	5.88265227631613	2.29477275562363
"ZFAND2A__neg"	7.6659636257954	8.76382839085638	1.33739466411656	2.22044604925031e-16	6.00061556669138
"TXNL1__neg"	3.64155130512025	3.91179454079131	2.22044604925031e-16	5.63093606050423	11.3160726680828
"HSBP1__neg"	7.52853303962913	8.63884001338521	1.74156341090294	2.22044604925031e-16	3.24559133899543
"LOC389102__neg"	5.8526048110913	5.98807927549677	2.22044604925031e-16	3.8776394249344	3.39484311119567
"CPB2__neg"	11.1327455089501	8.5053208542345	2.22044604925031e-16	4.30528791548532	2.22044604925031e-16
"FAM9B__neg"	4.64615194352045	6.40462595188924	2.22044604925031e-16	3.70485628329789	3.10119556391516
"NME5__neg"	4.47570234585417	12.3510114743366	2.22044604925031e-16	0.853326713517978	4.98888277186764
"C6orf105__neg"	4.57139546883525	2.73971716221368	0.48698455596755	6.92497194048241	9.51329108619237
"MRPL46__neg"	7.80949485171033	7.13845123402769	2.92569575995698	2.22044604925031e-16	5.04691908050438
"RER1__neg"	4.45329987678367	8.86649772412566	2.22044604925031e-16	1.10339707956694	6.25534111997298
"LOC100289122__neg"	3.51912494927954	4.08188397645982	0.289772457628375	1.88024807352101	2.63574186044406
"TMEM61__neg"	4.61376442565925	6.13050354192432	2.22044604925031e-16	3.00736508791274	4.05403635052453
"CCL3L1__neg"	2.91931969267592	10.6496050309791	1.5836134117137	2.52170793156458	6.90281768315813
"LOC100287089__neg"	4.96052362539457	6.01618015500971	2.22044604925031e-16	3.02490543238484	3.08740278606944
"HSPA13__neg"	4.84392419547901	8.30114750848613	4.7244790247565	1.98307715296068	3.61860231692023
"LOC100289057__neg"	5.06990131209266	8.44979832202395	2.7916946471778	1.337651617749	0.607988320740782
"DIAPH3__neg"	6.26151893476709	7.72667995503887	3.19686596696118	3.77491541986222	2.22044604925031e-16
"ZNF788__neg"	0.404798183806815	10.4731938511904	3.07454501920261	2.23030376040677	9.88258253226078
"FASTKD3__neg"	5.89477985432577	7.39622211407889	2.60096161877052	0.980708391737584	5.71490684509962
"FSD1L__neg"	4.64491711638856	10.2989214532967	1.96836892392249	3.29933466187768	2.22044604925031e-16
"METAP1__neg"	10.7712363036935	7.94073138788027	1.85506424117752	4.53194651490674	2.22044604925031e-16
"TMEM39A__neg"	5.27600632274043	3.83668887189518	2.27757397210728	2.79232812995225	9.47402404407351
"SMNDC1__neg"	0.122751006983695	1.38202326688754e-06	0.343590947225486	3.89330805646857	17.7607217787748
"ETF1__neg"	4.32058245247582	7.9072044815892	2.59563223088361	3.55490341488005	5.76869066910808
"LOC100287054__neg"	7.61084746703935	6.341121268339	1.21844466750052	0.30662534160289	3.94751701494236
"CNIH4__neg"	5.50132145970971	9.27923999839337	2.75550235742873	2.22044604925031e-16	5.5615935329551
"TCTN3__neg"	7.91241548556535	6.60805120055017	3.01657789083426	2.03918147755631	3.85156868343811
"CFHR2__neg"	3.79229205872041	7.08466502333936	2.22044604925031e-16	5.77883546880401	1.2274612895568
"B4GALT6__neg"	4.72787689463426	10.4280060718183	2.78873536611535	2.41832592951029	2.67832820617904
"AP1S3__neg"	5.6630761772327	4.95278199968589	0.509194288462125	3.08886888902694	5.78007433191151
"LOC729040__neg"	4.37732677160156	5.80578179318202	0.254283921613448	2.38128721816616	4.07645281590548
"LOC100288180__neg"	0.856470813503949	8.52789109929306	0.474051367812808	9.37375484226982	4.21762806725442
"VTRNA1.3__neg"	5.65635549380695	6.76204404040715	0.50599212382268	1.83078101557693	5.41139110364409
"LOC730036__neg"	5.15451200646342	5.62203450810334	0.120414494602256	3.09641349881346	3.72823793918369
"KNG1__neg"	5.4332257123542	5.31592424635178	0.677205177371636	2.36899965746644	4.1829999568598
"SPAG1__neg"	6.60184406188464	8.17887165009253	0.982391262740216	2.69046174557551	5.52080250162646
"RPE__neg"	3.96196253740759	7.89819179314241	2.22044604925031e-16	7.68602160433827	4.71063839301989
"SERPIND1__neg"	5.62509729300805	8.50979454876103	2.22044604925031e-16	7.92483437544966	0.864634998748721
"UCA1__neg"	4.71392260842941	6.48250341624417	2.22044604925031e-16	3.94152458539011	2.77930803252564
"GPHN__neg"	3.13580494153929	8.36896958876502	0.578144990053245	4.97083455893511	5.50784834794224
"LOC100289576__neg"	4.77535094598476	6.82523212775578	2.22044604925031e-16	3.88423209052451	4.22062598592825
"ABTB2__neg"	6.98884071877581	3.29308507059431	3.01460327427917	2.22044604925031e-16	11.0457085180718
"NRAS__neg"	7.20641327740279	5.92276125935565	2.13192044367326	4.01885568968946	5.85489071936808
"FGL1__neg"	4.56006534638593	6.10486065190601	0.780289487716949	2.20374794784244	4.23405281996274
"SLC26A9__neg"	2.61897413552033	10.623027791495	2.22044604925031e-16	4.88571035195683	4.42949447743826
"HMGA2__neg"	5.52575340962392	11.8194333046503	2.22044604925031e-16	6.02872369567546	0.086161217159598
"MACC1__neg"	5.46259542901334	8.10057156400118	0.24231338549826	3.61576927952975	3.84207223266648
"PSMD13__neg"	10.4218195869883	7.23119456463535	2.72160085724904	2.22044604925031e-16	0.863749196464112
"LOC646851__neg"	7.02866337501886	11.5853209034778	2.22044604925031e-16	5.13670423927656	0.37714821234573
"HOMER1__neg"	5.55306898535615	1.67240422714242	3.62596397492663	4.88682567713789	9.74811181043829
"MRPL39__neg"	6.51951034892294	5.45119036533932	9.13275527917057e-11	3.7587994729248	7.44917755458727
"LOC100287718__neg"	4.42606670001867	5.65139096640004	0.974991521549003	2.08727006746182	4.09234115398195
"ACSL4__neg"	3.25618429427206	7.27354034677076	8.20679886031228	4.16068233276624	3.76047629996843
"C18orf19__neg"	1.22872573816077	3.44412454317603	0.337150426292463	10.2374049052212	9.569352451111
"CD300LB__neg"	0.599134047938566	9.69742796602641	2.22044604925031e-16	3.28166462928753	9.55021960009559
"PTGES3__neg"	0.685575200853819	12.9618110720007	5.75836055968213	1.32397383828513	2.22044604925031e-16
"KLKBL4__neg"	5.08708412639445	5.41335832813571	0.704064275260717	2.40410422378462	2.36867938518593
"UTP11L__neg"	8.4113439406917	5.17028133945819	2.22044604925031e-16	5.1486540345184	5.38712116192369
"TGDS__neg"	4.86429812808896	11.9953431431399	3.76019026274335	2.22044604925031e-16	2.44294466153831
"TTC39B__neg"	2.22044604925031e-16	14.4413337184294	2.22044604925031e-16	0.692378702947382	8.3941379216036
"KLHL23__neg"	2.54213149573618	0.865813864821628	1.99440030423829	2.64637187440689	16.8377662271779
"AGPAT9__neg"	2.94651219188558	11.5937186757986	0.983340770426717	2.44535626666437	2.74148227179519
"PUS7L__neg"	5.93030823141206	8.22641842107818	1.91992112458322	5.33583391844654	3.69045945717652
"LOC100288535__neg"	2.22044604925031e-16	9.38563149649458	2.22044604925031e-16	9.75413933758619	6.22475109957542
"YIPF4__neg"	2.22044604925031e-16	11.0723845802345	2.5560039143205	10.479222731356	2.22044604925031e-16
"TMEM68__neg"	2.22044604925031e-16	1.71304905637793	2.14864544058807	16.9089505939311	1.45623062380398
"COMMD2__neg"	7.79086154594586	8.64175830024988	3.80637308744195	2.22044604925031e-16	0.698810277258252
"LOC441528__neg"	5.57608409332551	9.03012426565634	3.00444664534974	4.88431928128386	5.82526836357124
"UGT2B15__neg"	7.96287355792107	8.97124005478559	3.22132095052726	3.27738652790586	2.8383537555903
"ARL1__neg"	6.64972513451766	8.43961202517204	1.51478788206156	2.22044604925031e-16	2.39617840498061
"FAM92B__neg"	4.88437604636	7.95983594687641	2.22044604925031e-16	2.57423898141459	5.69204680182485
"ALG5__neg"	5.19951748522934	7.77386383141673	1.07110797151006	2.22044604925031e-16	5.04086936554198
"LOC100132891__neg"	0.0343073111140376	11.6583171470933	2.22044604925031e-16	2.56700112532324	5.55646427073277
"BATF3__neg"	1.30310217980503	15.4335306929447	2.25372634335247	1.19670806097618	1.39853462378399
"OR5B21__neg"	5.54633102505585	5.32823848611131	1.80756198172983	4.04361517094628	2.688278515473
"LOC100287276__neg"	4.52307630503231	5.67013480140976	0.732382170384012	3.04551799414471	3.44283490749352
"MRPL1__neg"	9.25196497020447	11.2040346465142	4.52888363541537	2.22044604925031e-16	0.310810865614537
"C1orf88__neg"	5.27415983557915	9.99680299091107	2.22044604925031e-16	0.556268186222797	6.9175978685471
"ALG13__neg"	6.19158712653294	12.9044428362404	3.75198072518198	2.22044604925031e-16	1.28806189246673
"ULBP1__neg"	4.93816864720504	8.29135575639542	0.151448284488272	6.66100835611119	3.90567461270498
"MX1__neg"	1.63865152146587	8.8057735332129	1.0640083924766	6.35030752730094	8.00721486358822
"CGRRF1__neg"	5.92756887056382	7.735277489363	0.731669504792793	2.22044604925031e-16	6.3989290149942
"TFRC__neg"	5.49413780827282	0.289971513253555	0.00627693424038843	4.77016247815033	14.5711814237536
"CAPZA2__neg"	4.73510756653932	9.7422096831977	1.90861569532117	2.22044604925031e-16	4.14966440462944
"BPGM__neg"	9.47287052414901	0.0662337712325862	1.70051991419972e-09	6.52569760277316	10.5488427229322
"WDYHV1__neg"	3.16605668537271	6.41762025105787	0.773100692727917	8.64142266616487	4.15009409803811
"SLAIN1__neg"	5.03735932969442	8.5824463474165	2.07288479177133	3.46098444390423	0.967117721846075
"C2orf49__neg"	3.50018185454006	2.22044604925031e-16	1.13102661677495	8.07609668629695	14.1983550410761
"SRPRB__neg"	2.24561804322214	2.50753110937383	1.97585303639538	14.9781638235799	4.88818989245153
"CREB3__neg"	5.00512198132197	5.78680902601675	1.2557394333522	1.46351878563695	4.41260110465085
"EIF2A__neg"	7.73754127357982	6.5945026045047	2.90161387446914	4.59416574249484	3.01009335128721
"AZIN1__neg"	5.53668786401254	4.66609862944775	2.90038314401779e-11	6.26468399037303	9.33213671611728
"C14orf104__neg"	9.46017837861705	8.49886138663389	3.73797600191529	0.643318004354839	2.22044604925031e-16
"RPAP2__neg"	4.48114591524613	3.73270616861966	2.22044604925031e-16	8.08877673667072	9.8532527001444
"MAPKSP1__neg"	7.44128941884334	6.82795031863162	0.96673496963345	2.22044604925031e-16	5.32363285870002
"CD58__neg"	10.5286046324714	2.22044604925031e-16	1.47718749769594	9.21280636629722	6.79044035871611
"GK__neg"	2.22044604925031e-16	17.6331893337569	4.14866082785322	1.37939415362416	0.709530605855893
"PCNP__neg"	0.848781467217205	7.02027257915	5.46320444570861	10.0993166381315	2.76620225881388
"BAAT__neg"	5.17061969055906	10.1293889419599	2.22044604925031e-16	7.36081219676541	2.22044604925031e-16
"FAM96A__neg"	3.79707620724845	9.97143904889856	5.62736463333139	2.22044604925031e-16	5.73187016121133
"SERPINB10__neg"	3.06940368159272	8.89718011412868	2.22044604925031e-16	4.54830851061639	4.06864073155861
"LHFPL3__neg"	7.15211582978224	9.06328708159406	2.09454021171252	3.37009384406473	0.0855486852208036
"LOC100131510__neg"	4.9457577653621	8.75004823160809	0.858264872486806	5.32229129184182	0.812641627564742
"NT5C1A__neg"	3.85303737002735	8.68985871826006	3.04027386641685	3.5530903004969	0.683574612866831
"PLSCR1__neg"	2.22044604925031e-16	16.1915498920981	1.2741150157823	2.22044604925031e-16	6.58234052251459
"PRPF18__neg"	5.36201415868334	2.89381904954331	1.2492269646292	6.90721973167001	7.65028539541818
"LOC100287306__neg"	2.67396710950801	13.3426760780313	0.622029099763673	6.08224428534623	1.11444536614466e-07
"MBIP__neg"	6.96957564575399	6.27895579156461	2.63573225793791	1.85477136551404	1.74145500286171
"VDAC2__neg"	5.69485426892833	4.58737424338262	1.02967551751054	3.42416186615091	9.75508150773768
