"Gene"	"IS01"	"IS02"	"IS03"	"IS04"	"IS05"	"IS06"	"IS07"	"IS08"	"IS09"	"IS10"	"IS11"	"IS12"	"IS13"	"IS14"	"IS15"	"IS16"	"IS17"	"IS18"	"IS19"	"State"	"MaxFC"	"InitialState"
"SLAMF1"	"SLAMF1"	0.364819367046907	-0.0630893073801594	-0.10285289879573	2.11511566945093	-0.0382123600020592	-0.0727234914067647	0.700276517294898	-0.761117408872737	-0.177528544361081	0.0146111352854892	-0.116582553908749	-0.0841157135047511	0.0730526962973113	-0.360494432440091	-0.142912718146798	-0.199143923797884	-0.123428681977086	-0.0643128171270186	-0.215301015513597	"S01"	2.11511566945093	"IS04"
"HLA.DOB"	"HLA.DOB"	-0.0760949593816614	0.197786775750021	-0.174393905605975	1.91645693677104	-0.0842017780691495	0.11292770292279	0.95165217690035	-0.690106397930904	-0.152020001335917	-0.154070258281329	-0.0667539188293898	-0.146257187886424	0.244642056618385	0.0115412869718887	-0.200613151011945	-0.225883969432253	-0.197777342205691	-0.193219142209072	-0.0316569498860358	"S01"	1.91645693677104	"IS04"
"LTB"	"LTB"	0.162158641505862	0.11856118528441	-0.263278990572263	1.85114184278995	-0.0905202895547818	-0.190184687014676	0.288720986580271	-0.581453243290311	-0.218783271401485	-0.232977872034067	-0.0864627025573887	-0.177176234639821	0.706507908573233	-0.0912290463915066	-0.156027398518093	-0.14198063288106	-0.165618095103613	-0.156612588951095	0.0358594847533633	"S01"	1.85114184278995	"IS04"
"WDFY4"	"WDFY4"	0.844033439230824	-0.188362124970786	-0.145575425171159	1.80278531503633	-0.0904475119798073	0.116844573865707	0.414404519469327	-0.650959361579596	-0.230805224030015	0.0944687842426517	-0.23923287859941	0.0249629714336761	0.115606902371242	-0.299822293689844	-0.13505091688966	-0.256559301628807	-0.0117968534609755	-0.269344145243058	-0.0838162528722844	"S01"	1.80278531503633	"IS04"
"ITK"	"ITK"	0.0778606652212544	-0.0800288211610222	-0.034948898594178	1.80085575552003	-0.0574854180495665	-0.106873529446101	0.531301398836769	-0.483647383188448	-0.180962922652626	0.0256228720464249	-0.146047890938336	-0.0527513476889366	-0.116542218220916	-0.130995883262508	-0.125879155913466	-0.243563940946278	-0.102990119017443	-0.127902758900582	-0.186854662482515	"S01"	1.80085575552003	"IS04"
"CLECL1"	"CLECL1"	0.245183888209591	-0.212271123084191	-0.0886293806191287	1.70212162996701	-0.0664669052737955	-0.114722213702384	0.310874096020846	-0.567441078580889	-0.100374638245651	-0.0968261806500113	-0.0947862240773616	-0.115623500715241	0.267528589632042	-0.131180292719642	-0.140890191768577	-0.098872058569805	-0.0610321967325911	-0.221054576017272	-0.133475247470092	"S01"	1.70212162996701	"IS04"
"ADORA2A"	"ADORA2A"	0.252915069381053	-0.0150796088492202	0.110319322619352	1.65712553330837	-0.0707537540318874	0.0060857144459938	0.327131439459876	-0.494562022939142	-0.144402792190845	0.0462309799337624	-0.181691746436323	0.0241572809308763	-0.0551520418660319	-0.0525648649050255	-0.201057584680268	-0.348630985341432	-0.0807425545626179	-0.0724568019743798	0.0304653193154296	"S01"	1.65712553330837	"IS04"
"SP140"	"SP140"	0.156367520535455	0.0307281500596231	0.0354099607629363	1.63935060903988	-0.109760962154617	-0.0473946939833128	0.962218902467378	-0.574349288424158	-0.162825147458509	-0.188078951094883	-0.0886623278490187	-0.211583495743434	-0.0928979719577175	-0.0780327504954063	-0.132132958554836	-0.181691040337906	-0.122315556265988	-0.226594477462599	-0.13378535566633	"S01"	1.63935060903988	"IS04"
"SIT1"	"SIT1"	0.298167709168582	0.0596086372257504	-0.163336053691369	1.63389284772844	0.0125544313162635	-0.040616776849545	0.934768405582198	-0.988490348772196	-0.141730089065799	0.0115183655290412	-0.157623096020177	-0.139754340799315	0.225748316781628	-0.146920101056451	-0.154981311185988	0.0676101047279857	-0.0576524467111095	-0.0683169763057362	0.0104373642904902	"S01"	1.63389284772844	"IS04"
"ICOS"	"ICOS"	0.521711285666072	0.0463981066308575	0.00888007336978573	1.59809520679202	-0.0284763695881399	-0.0167231319387201	1.17445245511773	-0.924984012612101	-0.238570736404903	-0.133396612639793	0.161139684483719	-0.156056907067282	0.214298178179162	-0.202651014020142	-0.0693998919494802	-0.154413110166984	0.0757845686973433	-0.0893886260753757	-0.184048064183226	"S01"	1.59809520679202	"IS04"
"FUT7"	"FUT7"	0.405573009183992	0.173405676992665	-0.262205565369546	1.57985051864662	-0.183823561159503	-0.0814552994882605	0.758810853879534	-0.864779108968188	-0.0899244601644985	-0.251878654735809	-0.0679314870380383	-0.224733260543371	0.798074437496075	-0.337206894463971	0.0157068329602612	-0.132875658498871	0.038136255743069	-0.0363629795943273	0.189540395107543	"S01"	1.57985051864662	"IS04"
"TIGIT"	"TIGIT"	0.169357713545465	0.129916293626209	-0.0117736492190339	1.56660378428035	0.00696658801634578	-0.249458884776033	1.27972408511372	-0.822410800518723	-0.254092701096657	-0.236770068774504	-0.0356574928445453	-0.0455838315000126	0.233081428319837	-0.179392808160497	-0.0692920345851122	-0.105238607344998	0.0701264637744875	-0.0906859476885794	-0.156495405018578	"S01"	1.56660378428035	"IS04"
"CTLA4"	"CTLA4"	0.350506834036761	0.149772730355932	-0.0182965320437913	1.51511064725347	-0.00850390563507523	-0.276814048589999	1.30486126961503	-0.865593751849787	-0.298313994480949	-0.324071308836963	0.172373537176748	-0.172785098014301	0.359335397359245	-0.130538260883966	-0.0727676685093894	-0.169090474101852	0.128330487712452	-0.0379118820122668	-0.0360034855257347	"S01"	1.51511064725347	"IS04"
"FDCSP"	"FDCSP"	-0.0613635534062725	0.797305620479381	-0.230412250117039	1.50620797146237	-0.0150349591592993	-0.0949114721464632	0.056086363895409	-0.465396556275353	0.0452656283529416	0.0981651088462673	-0.100819478795656	-0.193710821790759	0.141100896362092	-0.0192464120323983	-0.176250124536457	-0.195487553312073	-0.181929589459195	0.590869717053484	-0.0483326629718056	"S01"	1.50620797146237	"IS04"
"CD69"	"CD69"	0.312455995498818	-0.191260450551567	-0.0772511294488312	1.44889133102564	-0.0996605240041443	0.147176264994062	0.283882366394746	-0.537029259647937	-0.0957486269352725	0.334202987542319	0.0522431701763904	-0.148019981649152	-0.0101398041177549	-0.146959928238198	-0.189341575121526	-0.221793072203238	0.0127396734397009	-0.157699330956444	-0.209109885014543	"S01"	1.44889133102564	"IS04"
"CD52"	"CD52"	0.907821953476947	-0.236129585766814	-0.238571776400873	1.39651913706737	-0.00147727482622034	0.50823820034119	0.231744921566998	-0.664177863628155	-0.156240096794438	0.291961783971312	-0.207676777995002	-0.0552168673737107	0.187911685448826	-0.149014321367192	-0.24527150836194	-0.0841675819245144	-0.127553927446997	-0.0958804685214266	-0.109818202047938	"S01"	1.39651913706737	"IS04"
"PLCG2"	"PLCG2"	0.103122155946571	0.107785305363999	-0.116402390037653	1.38471183828244	-0.117314901425259	-0.117015960438959	0.0615350222633576	-0.278551299969908	-0.0945288345674962	0.162094046679586	-0.128029749290943	0.190950348352936	-0.0316159654700931	-0.0983473026519602	-0.0305180815306719	-0.322263328116355	-0.137140058819571	0.0896872907869847	-0.0593706640080364	"S01"	1.38471183828244	"IS04"
"MAP4K1"	"MAP4K1"	-0.09134937494725	-0.0470512372012383	-0.0728319907329557	1.37698830093532	0.0446966992727651	0.0242082456637113	0.158998309478306	-0.278294208356327	-0.183494712200163	-0.119468988795062	-0.205941978219096	-0.141759479646208	-0.0693907520811557	-0.0111577255181269	-0.152459672572065	-0.229270958542598	-0.13745119118189	-0.101541706668241	0.275882743572345	"S01"	1.37698830093532	"IS04"
"IKZF3"	"IKZF3"	-0.0350276063100271	0.108824664473953	0.0428592946778775	1.3481279787551	0.0698904412981545	0.0278886373466002	0.290764188138984	-0.305851327059398	-0.154088545128328	-0.104935330042698	-0.186521094515156	0.0487606306913861	-0.0534691372105769	-0.158551946213607	-0.176256872470333	-0.194712248571577	-0.133418121886457	0.047262864136091	-0.0933806322784296	"S01"	1.3481279787551	"IS04"
"CSF2RB"	"CSF2RB"	0.679198169985584	0.118269418461305	-0.0431490109539616	1.32985958234391	-0.239418609960766	0.185892865237055	0.413143917154261	-0.662415549985059	-0.174889530959701	0.289443532444297	-0.0393105561750457	-0.0504063312631469	0.122175109656504	-0.274102620510273	-0.00367530740966669	-0.222073395826177	0.0363746007665827	-0.154705184385494	-0.224138739124726	"S01"	1.32985958234391	"IS04"
"KCNN3"	"KCNN3"	-0.0219895019692387	0.202115730974177	-0.0671445046235724	1.31664183827139	0.00896576308848305	-0.102720897100772	0.318293951912118	-0.461903762725636	-0.236318667811377	0.411191620264215	-0.130757615505268	0.391882237155096	-0.198617011947692	-0.113943513528604	-0.158830812904129	-0.283075139188496	0.0694770229759143	-0.0476110970963467	-0.0992264262449533	"S01"	1.31664183827139	"IS04"
"CST7"	"CST7"	0.34987773786957	-0.0330462171207541	-0.268889584718727	1.30674657451392	-0.126242814273413	0.0685254063313576	0.710151229905622	-0.602341304975972	-0.135833217689266	0.0349131799227193	-0.151428439693824	-0.0103375933512144	0.148299692441416	-0.436271847320644	-0.0698468343868172	-0.12031936144199	0.192374606184309	-0.112089260670387	-0.0706992698156543	"S01"	1.30674657451392	"IS04"
"PTPN7"	"PTPN7"	0.0179518121672092	0.0466513753672547	-0.108322160052338	1.30301928073265	-0.0108453251134022	-0.236288794202657	0.463829096317512	-0.22338085646636	-0.0704854424665438	-0.166878477461636	-0.0438022405046155	-0.052626794438412	-0.178254990173121	-0.227847640136162	-0.147394730741636	-0.154615020126641	-0.140129796967649	0.024456327827305	-0.126566956705493	"S01"	1.30301928073265	"IS04"
"IL7R"	"IL7R"	0.610964592927804	-0.266694184649799	0.00443190434102425	1.25756024404922	-0.0398905482580059	0.224460761768676	0.224186653714325	-0.547502333665307	-0.346283623955059	0.335503973861619	0.295535619228763	-0.215584226100695	-0.0190941895506966	-0.232492194052958	-0.053808158994436	-0.354920674931078	0.278967394124341	0.0267640367998223	-0.196002953086427	"S01"	1.25756024404922	"IS04"
"HEMGN"	"HEMGN"	0.100601053180807	-0.262245544324765	0.05626987687501	1.25524171232502	0.676420564484992	0.374171832759849	-0.108787468160448	-0.366060430514397	-0.130320088075972	0.554322179585718	-0.195134669889505	-0.139928518247756	-0.132632488283643	0.184187330105408	-0.0685526629677927	-0.35230099130946	-0.237141090732223	-0.0638767657756388	-0.170394643074735	"S01"	1.25524171232502	"IS04"
"HLA.DQA1"	"HLA.DQA1"	0.806215997614605	0.0247387619129723	-0.162081634887754	1.22899914960516	-0.0374738257791196	0.265559395635898	1.15427644561273	-0.810383737044944	-0.272721442074873	0.0183241888091051	-0.0494574471267563	0.022761617714481	0.527743376226852	-0.178929093302711	-0.149268187424339	-0.147004882166436	0.128261904733193	-0.260699001299829	-0.299079351664716	"S01"	1.22899914960516	"IS04"
"CLEC4C"	"CLEC4C"	0.205315244851413	-0.0347300145657059	0.0892348689041728	1.20211674311858	0.31813266300249	-0.0982402297642255	0.102569897151292	-0.257480947386772	-0.0913384655867428	-0.0668059285548696	-0.0967868122051757	-0.100732073317302	-0.0197404568057075	0.0593683464564683	-0.0856524623412608	-0.280775160203761	-0.123245395549255	-0.18938608535027	-0.0317216727386574	"S01"	1.20211674311858	"IS04"
"IL12B"	"IL12B"	0.10500803393059	-0.0166649085622467	0.113460772122526	1.19278377476802	0.149708627380701	0.206851490299071	0.252888118535676	-0.378033764714803	-0.20705700159332	-0.142670347090199	-0.149548880424044	-0.0304251710923345	0.211008248152218	0.0494071606697203	-0.114505321164812	-0.215225108358589	-0.106663949470969	-0.214589034426262	-0.00133552684182757	"S01"	1.19278377476802	"IS04"
"EBI3"	"EBI3"	0.385639258585571	-0.0541739042071464	-0.125808627121483	1.18303790528865	0.0788241591760821	-0.159403918591167	0.700623618397656	-0.792167034117395	-0.316566149626579	-0.0351189417519525	0.0383132145776123	-0.0322152418454763	0.38216041233127	0.0685017437552097	-0.0637971341282564	-0.00162637590926059	0.0278456752885817	-0.149679113436209	0.0920798223156641	"S01"	1.18303790528865	"IS04"
"GIMAP5"	"GIMAP5"	0.279070029206206	-0.263903219013557	-0.305486597817497	1.15967494003393	-0.226397883121095	0.108775388536667	0.703492403201964	-0.530982272466584	-0.294867865156762	1.00783372990671	-0.26981032151528	0.106607383141995	-0.200306157635419	-0.199641311303997	-0.204579604217874	-0.271738016005787	-0.150884460842818	-0.0833697859232542	-0.072693475095023	"S01"	1.15967494003393	"IS04"
"GPR183"	"GPR183"	0.583387119500879	-0.0416673486733598	-0.050791944425929	1.13580267191201	-0.0977381077387194	0.0270205230026405	0.298384036005092	-0.565083429715928	-0.192019292787956	0.315760104305149	0.0891298760948486	-0.0420908664963975	0.191994441910154	-0.196492680728245	-0.124440536247718	-0.192559445214953	0.107100906689757	-0.0403326566987051	-0.24546861892833	"S01"	1.13580267191201	"IS04"
"GCSAM"	"GCSAM"	0.0347167798952628	0.462343298728545	0.272852988508142	1.1269550543123	0.0157079977223158	-0.0375046826845645	-0.0537148622987355	-0.241089852564403	-0.0684668508789256	0.0513360403386151	-0.0274949600551631	-0.210275823011302	-0.0227908831032562	-0.0300603247333232	-0.128441663672587	-0.349521257468294	-0.199131462974454	0.000734554279658891	-0.0283785930111274	"S01"	1.1269550543123	"IS04"
"PLEK"	"PLEK"	0.9627880692765	0.171874482887447	-0.0522302089523614	1.12569003331693	-0.0736131088201943	0.0270988471344424	0.508314946095278	-0.571361764866409	-0.279553347480527	0.0227589697469282	0.0727434495265906	-0.01469367437581	0.0126726663367743	-0.330572804951726	-0.133843717832458	-0.14601358949635	0.0960537045534067	-0.16004258157213	-0.177731275369985	"S01"	1.12569003331693	"IS04"
"AMICA1"	"AMICA1"	1.01396890276522	-0.127958515885032	-0.0433836625138875	1.11110375481304	-0.134207749588862	0.407751862184627	0.391547788052202	-0.941951627173465	-0.0108762654869707	0.357802231745978	-0.109194766086888	-0.0210881920083756	0.487175597681101	-0.323523066366273	-0.177944966082614	-0.0653441387995658	-0.0177649164370768	-0.111165477814231	0.0305646334601561	"S01"	1.11110375481304	"IS04"
"IL10RA"	"IL10RA"	0.499931462381855	-0.0942493438273538	-0.106140360886108	1.1086511688454	-0.103339028573691	-0.0820727339017553	0.287462889052222	-0.291448204394941	-0.0897685612605081	-0.0400400958972131	-0.107171755460653	-0.0562578764503198	-0.131773313387106	-0.150913629635106	-0.0520822268030394	-0.141113518143206	-0.084505842500325	-0.0425480765166329	-0.074158415367862	"S01"	1.1086511688454	"IS04"
"LPXN"	"LPXN"	0.676785824995766	-0.0102898625836674	-0.138031503393595	1.08414699166337	-0.112975919320518	-0.0266430325829646	0.338107444869905	-0.328460163070294	-0.14152230994897	-0.0663152072350718	0.187506610266037	-0.0403929096481333	0.0745651173618186	-0.183040268820171	-0.0960800188069766	-0.214618841107599	0.0144273418089377	-0.222100708421557	-0.17184430274723	"S01"	1.08414699166337	"IS04"
"TREML1"	"TREML1"	0.724590679396883	-0.217707148773921	-0.0928066688949989	1.04402661992381	0.0225714103820206	0.123186589424064	0.144619584469804	-0.648186056954584	-0.169819796973899	0.147488370338041	-0.0501860826430914	-0.0957469593936989	0.283278417719433	-0.0560232636251705	0.0574513712091559	-0.258987380563117	0.185160752981712	-0.222909280734483	0.336058462774124	"S01"	1.04402661992381	"IS04"
"SEPT6"	"SEPT6"	0.0171095741352288	0.0405104097890373	-0.0592672027858717	0.999557967235999	0.0209224031858292	0.026431717617482	0.0425057482204945	-0.137116402948174	-0.174710080124508	-0.0552803871902389	-0.0657493321352806	-0.080695498501273	0.0142182911707701	0.186978963240975	-0.13578844588311	-0.126479527555737	-0.0744315830596327	-0.172376406476114	-0.173305095426137	"S01"	0.999557967235999	"IS04"
"RCSD1"	"RCSD1"	0.338614334440947	-0.134188661526658	-0.135144692694627	0.994659626890018	0.0764050568019305	0.00672820065147644	0.120461446765889	-0.275494352464649	-0.188251099341786	0.405332949112739	-0.115976754152329	0.210584627333589	-0.176428521366163	-0.145889904971236	-0.0686882966272959	-0.210648851573909	-0.129007459551414	-0.13941549945451	-0.125404908037205	"S01"	0.994659626890018	"IS04"
"XCR1"	"XCR1"	0.071308893245372	0.0723916538465247	0.125308362179565	0.993583692456644	-0.121836270467125	-0.114752620280523	0.0269167644647002	-0.246984773861519	0.0525053780574333	0.0263882131538125	-0.0899773801652089	0.043829046575912	-0.0379603948465492	-0.119986464078553	0.159833647197552	-0.219145112259232	-0.0804487509783149	-0.10286617658783	-0.172527092127327	"S01"	0.993583692456644	"IS04"
"STAT4"	"STAT4"	0.0660701017311243	-0.138382176608299	-0.0430238691488568	0.975555985004135	0.0692372339484364	0.133143515414052	0.487299776672422	-0.431101289564343	-0.129176053194664	0.0573827617071939	0.177013224541992	0.0202267207700426	0.155811800787195	-0.083328843969778	-0.0212930992204602	-0.246876992931441	-0.0977248411914864	-0.107782740446461	0.0441536213852687	"S01"	0.975555985004135	"IS04"
"IGLL1"	"IGLL1"	-0.030527320306109	0.0318515347268484	-0.10381488422265	0.951826519791372	-0.0727685364241639	-0.0684520344542464	0.0602923007987774	-0.158180873136771	0.0975268032328031	-0.0988349455204706	-0.076385640870528	-0.148967834823859	-0.140378355283977	-0.130489435562782	-0.0581185009893719	-0.102793936430006	-0.0437360824628004	0.0178847452127385	-0.0120253516031006	"S01"	0.951826519791372	"IS04"
"TNFRSF9"	"TNFRSF9"	0.182262356098697	0.619339737666519	-0.0961569254213136	0.937915099592743	0.0801085612735446	-0.317032549396686	0.650718956324756	-0.304726175515199	-0.22078791171778	-0.223897000728849	0.00944086279187415	-0.0568585786725459	0.140156019958303	0.153403083052939	-0.0501919693753979	-0.231342894177113	0.181936462301168	-0.218122277601275	-0.169619553959337	"S01"	0.937915099592743	"IS04"
"CLEC9A"	"CLEC9A"	0.251947755702033	-0.102355688094537	-0.0150236308563375	0.926390769373503	-0.063041529187238	0.302548938312164	0.248662625064954	-0.653336706363303	-0.072700823155737	0.866244817083464	-0.173715561170391	-0.133503152462295	0.197211861414502	-0.262155231476657	-0.0843795857065926	-0.181795428863561	-0.175771043256865	-0.270472451027627	-0.0487773862853614	"S01"	0.926390769373503	"IS04"
"TNFRSF4"	"TNFRSF4"	0.107723936686492	0.340112676180023	-0.216798082572311	0.912141613027112	0.0368434302234687	-0.1187072741062	0.302059514517998	-0.365953096730612	-0.183528100882278	-0.106006249366576	0.0896590769000218	-0.086379443910557	0.117567689087674	-0.0288742660031597	-0.0779021531743117	-0.179420216139453	0.123266659511206	0.0894841553211199	0.209638489649195	"S01"	0.912141613027112	"IS04"
"DOK3"	"DOK3"	0.427852725076002	0.0291035085800334	0.0763500159207421	0.822670702429001	0.0754335756106416	0.130486537835274	0.429667594882294	-0.469162219180974	-0.253819176324253	-0.0272535014981336	0.0302248163504034	0.0396276083549351	-0.0242169618040412	0.0390528720566304	-0.0906768855672807	-0.16050045013952	0.134529773145452	-0.200305822534511	0.0257423250474577	"S01"	0.822670702429001	"IS04"
"PIK3CG"	"PIK3CG"	0.46763239243732	-0.124282633053068	0.222482871689609	0.714337264116104	0.0112010777128108	0.093113540433197	0.0918660010488112	-0.35213468728761	-0.121145131155276	0.0631183681182863	0.0531129093316124	0.134287677003284	0.0317306438133444	-0.00503907477420996	-0.125182397579456	-0.131893095336749	0.0777418258032241	-0.0260794416886366	-0.23423894324806	"S01"	0.714337264116104	"IS04"
"NTRK1"	"NTRK1"	0.305950907466153	-0.0942709526144744	-0.0973355086055	0.669554429460059	0.264420198503271	0.0764147414653575	0.427166286554021	-0.763525204129343	-0.310762138716042	0.448384069500409	0.1543656205465	0.302984639083623	0.262142525533131	0.354814826434914	0.0179133595248611	-0.319849611979177	0.420772694272489	-0.0815014068981528	0.328070726492678	"S01"	0.669554429460059	"IS04"
"PIK3R6"	"PIK3R6"	0.457717084041854	-0.130984454407369	-0.0035882271146215	0.644986391708743	-0.0326813406817676	0.0654252115119534	0.365877269876458	-0.457229520577826	-0.152267747066995	0.00841180144088693	-0.239299135197134	-0.0757072899959737	0.51903775777183	-0.0772550963856228	-0.140926113878364	-0.16156903988918	0.261107160233981	-0.037115763988937	0.150613530035284	"S01"	0.644986391708743	"IS04"
"WAS"	"WAS"	0.272443561785943	-0.0526624995811225	-0.018996994248339	0.63481748595058	-0.163636704789337	-0.00805113775552475	0.342383562480933	-0.195774137404517	-0.0331861726559033	-0.0622686302464398	-0.0965262576566176	-0.032820707209884	-0.255252509275635	-0.154769489113262	-0.0408940570492231	-0.0884926985291595	0.0396730628790475	-0.371486271907372	0.0629467376735483	"S01"	0.63481748595058	"IS04"
"ICAM4"	"ICAM4"	0.125810183307556	0.374413507432172	0.0843296095158061	0.601692122794233	-0.0618861575535719	0.402293800847465	0.019948822761076	-0.418391869697777	-0.0988954798925683	0.406760182114078	0.0791656870919856	0.012664534438872	0.0974087710140514	-0.157951235671254	-0.143807956412437	-0.348149056776692	-0.115663803372863	-0.091698743372936	0.395899937379583	"S01"	0.601692122794233	"IS04"
"MCEMP1"	"MCEMP1"	1.92871505117113	-0.103647671043694	-0.160364240205409	-0.000414275977343812	-0.144909033576225	0.639076595389791	-0.0116702003090894	-0.40012032370072	-0.297258180616134	0.224992425541288	0.503094930475213	0.220939901271027	0.36026560008179	-0.23126873928894	-0.0655383441752692	-0.205583753959396	0.245233033762389	-0.156392777361281	-0.146252675594751	"S02"	1.92871505117113	"IS01"
"MRC1"	"MRC1"	1.79897538696982	-0.293021262787649	-0.0851344726958533	0.425406131668185	-0.158289296766103	0.580632690489577	0.258884300918883	-0.668207679382452	-0.377545287551143	0.909248305488077	0.117773334469228	0.0701530612257275	0.289447643101569	-0.265922861444397	-0.0391014402687541	-0.319941146197168	0.217229856874974	-0.302117843784726	-0.269755997644043	"S02"	1.79897538696982	"IS01"
"ITGAM"	"ITGAM"	1.69441715181452	0.269553402867876	0.0130976751246639	0.759190975406699	0.0155994833070721	0.223824195719171	0.313197739520266	-0.58940208429485	-0.345660037731369	0.0402223240866118	-0.0463021056191425	0.0225311317866571	0.286428152473101	-0.238934143441231	-0.0623309324136938	-0.29702673240242	0.385116245956795	-0.155454355586214	-0.13639707637722	"S02"	1.69441715181452	"IS01"
"FCN1"	"FCN1"	1.67378967425804	-0.190498645586095	-0.144002000954081	0.783680864896222	-0.0753415454452208	0.499183707792882	0.0858483259672392	-0.675962250142266	-0.182949601512999	0.574132879949053	-0.0425616716715242	0.229033552358762	0.369332191682123	-0.210735434883515	-0.111070681003613	-0.210204381978019	-0.0101841865811662	-0.310754014722775	-0.15778685077914	"S02"	1.67378967425804	"IS01"
"OLR1"	"OLR1"	1.46657204629799	-0.0508161831918405	-0.00567842240386249	0.190127436368779	-0.0117330358803935	0.491087653058196	0.340954842361143	-0.479494412018533	-0.264361809710678	0.0526070919117723	0.359180239196739	0.101877234475881	0.211588010331872	0.0352355109601061	-0.0399322322253259	-0.18474034155225	0.398273458301323	-0.22100889097131	-0.223493455621353	"S02"	1.46657204629799	"IS01"
"CD300C"	"CD300C"	1.44324449463225	-0.0808020350930207	-0.0976740230123138	0.317550480231683	-0.0282617719119514	0.379732709991879	0.306236166491203	-0.478991285105632	-0.30649804603553	0.378320532516819	0.0662599118991831	0.029559356667016	0.0849911289628067	-0.065838911847531	-0.0734202469282476	-0.143773214261866	0.157963209817081	-0.210182025589313	-0.139213638302346	"S02"	1.44324449463225	"IS01"
"CLEC12A"	"CLEC12A"	1.23608402227422	-0.172119248850736	0.0730290268923375	0.671891513822587	0.0455809173485528	0.429489029047997	0.849075374042857	-0.779279468218349	-0.237607693581274	0.297096118945191	-0.0271814475625913	-0.0410163518400567	0.132869243608921	0.198237013702158	-0.0833422966166154	-0.184106087527189	0.0180148152273588	-0.23697081195147	-0.0411066447983928	"S02"	1.23608402227422	"IS01"
"CD33"	"CD33"	1.22826655369818	-0.200136950953268	-0.244651340003463	0.675659797459967	-0.0957900080110651	0.400129492885616	0.468615591837187	-0.567557137616495	-0.309747164094427	0.416181434593971	-0.170865942571112	-0.0119722518316455	0.384683762521639	-0.31723812513737	-0.0763415003700081	-0.198567092958436	0.217708789054735	-0.294744322348367	-0.0714110669901369	"S02"	1.22826655369818	"IS01"
"ADGRE3"	"ADGRE3"	1.2130809377465	-0.0874676303508016	0.0768804074211032	0.580505559528418	0.196858699506579	0.457260330613027	-0.0675506590643542	-0.76486532653995	-0.176848389690903	0.562682170677346	0.467712775617593	0.0368117809560453	0.554480816747669	-0.345074388795779	-0.174248881903906	-0.17891030758996	0.0981012739623277	-0.262580145707122	-0.186295072733711	"S02"	1.2130809377465	"IS01"
"DPEP2"	"DPEP2"	1.20023926605715	-0.320205232011234	-0.078826001998837	0.955421732641169	0.0566244697775111	0.4598728602918	0.138432036251508	-0.620461118226563	-0.196892468283436	0.596634536122888	-0.278085127300962	0.0578302047441515	-0.0482515783563467	-0.19627987405122	-0.116291900119421	-0.245062150282603	-0.0390522523918661	-0.42166697627799	0.149367503203977	"S02"	1.20023926605715	"IS01"
"FCER1G"	"FCER1G"	1.18244485629323	-0.0661164851345101	-0.0545616349682473	0.328870292975323	-0.132336716152098	0.131626792262687	0.615710263247182	-0.389901124768189	-0.224782482531315	-0.0457834979000813	-0.0750126853584729	-0.0852860385991569	0.00697060638215851	-0.191956281321142	-0.0179078775641061	-0.0402881982744039	0.170541480358955	-0.0348942552348457	-0.0876444192279057	"S02"	1.18244485629323	"IS01"
"BCL2A1"	"BCL2A1"	1.10659122788029	0.430490198253082	-0.230018055228377	0.617318342741013	-0.0425156598099744	0.17997513169797	0.572460323737647	-0.629704222077377	-0.326956628850723	0.0210080452492241	0.635027006026335	-0.0833925384615712	0.0478461383950926	-0.141070692903725	-0.0888045175080192	-0.0884458229698455	0.108791038901244	-0.0354654103756081	-0.0596738393872596	"S02"	1.10659122788029	"IS01"
"MMP19"	"MMP19"	1.10623512459622	-0.0118383638037588	-0.160826749447378	0.388783075555073	-0.246687923508681	0.297960726105243	-0.0763185017032843	-0.421214497503269	-0.30266572983814	0.864493579746263	0.0581571258094872	0.044364858184538	-0.0942633832625529	-0.227283156348452	-0.110327814757094	-0.342748162698924	0.499016185417459	-0.125357073493068	-0.0225648323758735	"S02"	1.10623512459622	"IS01"
"LY86"	"LY86"	0.96558928057333	-0.116562579774172	-0.116425192020982	0.867616266188553	-0.102430972218422	0.305277703929957	0.254085047939354	-0.454912060939886	-0.216730465784799	0.0677132853177649	-0.156061111174245	-0.00385736991945541	0.259199258383449	0.071080001579712	-0.183969636096477	-0.148524160346656	0.225858646515239	-0.14553513377296	-0.126810851043485	"S02"	0.96558928057333	"IS01"
"LILRA1"	"LILRA1"	0.941333246270764	-0.128034746892741	-0.00710491805708709	0.39754460836209	-0.238180356524225	0.178104218408947	0.313601838957657	-0.489912870111013	-0.130084525775968	0.433528052536552	0.180929578754146	-0.05377660497058	-0.00388786626279282	-0.0390567978412748	-0.0888911090825566	-0.161003269038042	0.160964813720665	-0.185415617123412	-0.0344643309666631	"S02"	0.941333246270764	"IS01"
"CEACAM4"	"CEACAM4"	0.930548147294119	-0.308912614090556	-0.135746666734245	0.772577254262797	0.121201867461454	0.408932407722985	0.610062571869251	-0.880575108193908	-0.146124204370973	0.24700555488741	0.263607151615154	0.0060837668864464	0.513498685329237	-0.339454320913264	-0.0670598077550499	-0.141880574247246	0.165165931317197	-0.306993951452346	0.153175189374422	"S02"	0.930548147294119	"IS01"
"CCL13"	"CCL13"	0.842030252837292	-0.106460916885096	-0.163897384238284	0.544248918185675	-0.160743043538071	0.157770739625193	0.789934191148915	-0.756191735658252	-0.287683853434511	0.395486758490297	0.487972157780496	0.167374648761089	0.478619398193866	-0.405859920040895	0.0152375506980759	-0.201451267555553	0.262344016267261	-0.13309614107561	-0.121567464385065	"S02"	0.842030252837292	"IS01"
"ADGRE1"	"ADGRE1"	0.821057023368429	0.174868947117814	-0.0306115714561854	0.395200016342866	-0.0461468978074755	0.142611366317842	0.626025873620952	-0.399844385233507	-0.190773122741009	0.22571410156909	0.186734186044113	-0.0338173862991926	-0.0725992099162477	0.165281827960848	-0.101372467708116	-0.230321692310791	0.0924620191658216	-0.18463532825055	-0.0677562532565102	"S02"	0.821057023368429	"IS01"
"SRGN"	"SRGN"	0.749047593325247	0.00259450953863899	-0.13496917374522	0.478113449880959	-0.0306539380445622	0.0761384605979471	0.276404572951377	-0.198045769605903	-0.15853647282802	0.243287666936766	0.0443064718224166	-0.0361952074321336	-0.2758448047623	-0.127284141998997	-0.0614483220677009	-0.124377301760755	0.0607640668200765	-0.134639041713521	-0.206361927117385	"S02"	0.749047593325247	"IS01"
"NCF4"	"NCF4"	0.698720642078847	0.0540592505491391	-0.103641797706429	0.691844693194781	-0.024570230975887	0.185580399230822	0.20463076685158	-0.223143644065298	-0.160521546078258	0.0118543355736004	-0.0721418759276231	0.00860747052727	-0.0861658932782887	-0.13923985116079	-0.11722570608317	-0.147907993200149	-0.0401791700030972	-0.155633398879317	-0.0179880270035441	"S02"	0.698720642078847	"IS01"
"CRLF2"	"CRLF2"	0.58768668928493	0.0153452248430888	0.0220493324582498	0.49162892501555	0.429796464818475	0.093283001111162	0.115256546483343	-0.542905249421597	-0.202260690415409	0.312342090180297	0.196984400154075	0.0197289023780018	0.541389682612133	-0.127791569722409	-0.0568665433813475	-0.275173292230171	0.0971334872619893	-0.207488880034748	0.159307120508508	"S02"	0.58768668928493	"IS01"
"IDO1"	"IDO1"	-0.0358821758866886	0.237452857881545	-0.0890345690096494	0.918105850634294	-0.0087193309515195	-0.0655780943631585	1.89263500672247	-0.593809111979948	-0.104691268263998	-0.270848690332633	0.176723122842372	-0.224725833149206	-0.0453180239606165	-0.23502995077205	-0.157082617232695	-0.0433928033427268	-0.109069282108287	-0.0577293854858702	-0.237486985073483	"S03"	1.89263500672247	"IS07"
"CCL5"	"CCL5"	0.156242509328423	0.185984859708802	-0.289340264729314	1.46210004931812	-0.0211653804372286	-0.174197633418573	1.73232278217948	-0.643250006995286	-0.292879235379632	-0.113251585365455	-0.108354460698607	-0.128348564271716	-0.147772211199971	-0.30168038278148	-0.14087593132589	-0.109644031812597	-0.169921267637818	-0.148039920712017	-0.103652022294781	"S03"	1.73232278217948	"IS07"
"PRF1"	"PRF1"	0.251037430034731	-0.0286406149239497	-0.182687591403746	1.290422215184	-0.0702802394396645	0.136792345838825	1.57038929457937	-0.785526082848985	-0.260348632589557	0.253576733063213	0.109754210435304	-0.1321962072596	-0.134010962124852	-0.254550190506141	-0.182264109840453	-0.158773277261309	-0.140688831030936	0.0211127320117025	-0.123945143722486	"S03"	1.57038929457937	"IS07"
"CD274"	"CD274"	0.289627968631357	0.0148235351351339	-0.0109514682912058	0.493747296604021	-0.0417047330197992	-0.0104054795539937	1.54863098228228	-0.481339184460206	-0.185967390761715	-0.0556995400333146	0.256428743726599	-0.0483067143322674	-0.0635348176162241	-0.204951714220246	0.00803566753489795	-0.13869761834018	0.00538791959867147	-0.0142724890570169	-0.243399997586966	"S03"	1.54863098228228	"IS07"
"IFNL1"	"IFNL1"	-0.0770423397967948	0.135985960706309	-0.0872497295959722	0.103732315971238	-0.012772818965767	-0.182037985708769	1.52317530628314	-0.175654160824119	-0.169803768560749	-0.211506264463972	0.00507268005448653	-0.143149850166553	-0.0520294108306959	-0.184677361821592	0.111190284910737	-0.117416832410187	-0.031764267190005	-0.00910006453233249	-0.0307008824150137	"S03"	1.52317530628314	"IS07"
"CXCR6"	"CXCR6"	0.234229780308328	-0.104411454991424	-0.0394462720787778	1.47018137591745	-0.0645768178170301	0.0525566523698294	1.47427195097175	-0.805087043061104	-0.143983068902112	0.0106991695289787	-0.117974714901472	-0.171014249346093	-0.0319320167520586	-0.254761323555507	-0.222298662941059	-0.0539952113853103	-0.151702856017559	-0.0458721558402727	-0.175591342818431	"S03"	1.47427195097175	"IS07"
"KLRC1"	"KLRC1"	0.0329612756563548	-0.0406643393647778	0.0251839026839603	0.661519002432172	0.218463903570236	0.0795212682710279	1.31681560743365	-0.528409450151118	-0.179246705576937	0.170504293825732	0.0611337010014751	-0.189957321349344	0.036878137968747	0.20497999558696	-0.237784509530102	-0.195127705682438	-0.181723858410349	-0.0740259503313394	0.0433458039675907	"S03"	1.31681560743365	"IS07"
"PDCD1LG2"	"PDCD1LG2"	0.546597202670133	-0.00194813460780885	-0.0717421188166519	0.656455861646534	-0.0557416416275297	0.0911600453529172	1.12662377710996	-0.711466532219908	-0.28023593973784	0.362715096128854	0.354128008383161	0.12021744545355	-0.0757220292519392	-0.314090226679749	-0.0200746003695031	-0.184738376494499	0.284639124191585	0.104516561410622	-0.251012634326743	"S03"	1.12662377710996	"IS07"
"IL2RA"	"IL2RA"	0.743090673205561	0.220298722869845	0.0506635075071521	0.8564943588919	-0.0179365477844041	-0.188217699368146	1.08138713833862	-0.647595633784706	-0.293938165840106	-0.135750301138866	0.177286087370247	-0.0805248452617621	0.0693831023812459	-0.200314147382478	-0.0220875879771774	-0.170581881669904	0.234543029229532	0.014627551979165	-0.146445722257974	"S03"	1.08138713833862	"IS07"
"HLA.DRB5"	"HLA.DRB5"	0.631690502944554	-0.126959619220104	-0.14591604283704	0.679243367639426	-0.0195780920398892	0.359100222749994	1.06131761729083	-0.590153433722233	-0.15294368344936	0.103376205258213	-0.144768040206358	0.0777707626710763	0.345295676342775	-0.12999030031373	-0.116475878073633	-0.0703302176449037	-0.0291115908929551	-0.204435919126901	-0.174523530316442	"S03"	1.06131761729083	"IS07"
"IL12RB1"	"IL12RB1"	0.232980555488173	0.0747313288833527	-0.0638958169236377	0.914365553130026	0.0068587886092251	0.0593926263578912	0.915589672068388	-0.342395951116603	-0.154729220301849	-0.11461841257784	0.026418489292013	-0.207013900029854	-0.213528337497022	-0.0591560397826138	-0.174229672294938	-0.113279414414472	-0.114938324681877	-0.204864553044834	-0.0818411072921849	"S03"	0.915589672068388	"IS07"
"IL12RB2"	"IL12RB2"	-0.133772932347657	0.270134574702725	-0.0213230914314209	0.51242387869216	0.00665969368627085	-0.391908030834884	0.866343736171111	-0.302179751131088	0.0453062752651093	-0.260986294150591	0.617898849234103	0.425386644195073	-0.0654075994001507	0.652958178849776	0.165926837289499	-0.285680638702005	0.0238204480139105	0.279269664326494	-0.146872412519034	"S03"	0.866343736171111	"IS07"
"CD70"	"CD70"	0.278886501017601	0.572035080198274	-0.214890281166974	0.601340915556779	0.16594769906625	-0.412833117532049	0.863018838827642	-0.543090850952893	-0.216422405370497	-0.246601887418648	0.533157358236225	-0.0801130064673751	0.14290350248115	0.146100421502109	0.0193940738860973	-0.179273741322327	0.516506440351771	0.132988590678776	-0.00358589523601571	"S03"	0.863018838827642	"IS07"
"CD80"	"CD80"	0.535333395613678	0.0978151055717644	0.12480477307377	0.617810923190827	0.0376419317781267	-0.0693940146682368	0.806652806301473	-0.611374401959187	-0.286259501108311	-0.220193811451791	0.394879095984595	0.0128856715753469	0.320852646463915	0.0654310352536274	-0.0352744602417385	-0.120435389965565	0.278495418862977	0.0534489609321962	-0.164657977153948	"S03"	0.806652806301473	"IS07"
"FBXO39"	"FBXO39"	-0.0350779658240616	0.177007002987481	0.214300901803433	0.0945118932426683	-0.000103478412019929	-0.0230993534467087	0.621211920534618	-0.285303849789464	-0.00781054006508966	0.00116328163717554	0.0995679426372729	-0.0155570059917306	-0.0277608691592459	-0.0164712959189103	0.163566911102117	-0.312931607856127	0.125442013324585	0.0409450216111219	0.30576828959417	"S03"	0.621211920534618	"IS07"
"AF165138.7"	"AF165138.7"	0.093872585402448	0.0348553047545032	0.0326628439662517	0.515362885168027	0.263450516530634	-0.151584281451002	0.561457861555332	-0.277197984504066	-0.180548846452782	-0.130796719053495	0.0297382534577783	-0.0158125408969814	-0.056836591207384	-0.0472959349016853	-0.0227805034759489	-0.142183848671825	0.296069677326926	-0.162347850648349	-0.0357303769461714	"S03"	0.561457861555332	"IS07"
"PRKAG3"	"PRKAG3"	-0.100466546213672	0.255692609701554	-0.0808371182943499	0.0174208962339461	0.316870478227001	-0.0386761351087573	-0.0386278788718983	-0.134472964916404	-0.0378935899311942	0.051647721476267	0.0246095849190363	3.30870416201158	-0.0658329311049951	0.159509413351884	0.0486751393042995	-0.271914422243112	-0.0296028579353464	-0.142157972684909	0.0405845221734946	"S04"	3.30870416201158	"IS12"
"MURC"	"MURC"	0.0107091982396835	0.287357232546035	0.0664985213508401	-0.0553815608391369	-0.00240801340651115	-0.137332492752315	-0.0419857104446876	-0.0599108347567367	-0.215994381113946	-0.088587327937801	0.00952272778704311	2.95917152062987	-0.103884681216707	1.25255618672492	-6.91381015209828e-05	-0.363229296036238	0.319366342929834	0.0181088851725554	-0.0109963459566562	"S04"	2.95917152062987	"IS12"
"SPTB"	"SPTB"	-0.0460282352121311	0.204923485435248	0.0271778191224777	-0.0159710830917784	0.400257775932916	0.148780086177355	-0.0883013297489726	-0.127624003352944	-0.133896782656295	0.185199042768185	-0.0595723731571119	2.90315738254255	0.0100864868812821	0.288333601921522	-0.0518013499264541	-0.371460958094021	0.0204613182383573	0.0388156644117607	0.0786660877762922	"S04"	2.90315738254255	"IS12"
"KLHL30"	"KLHL30"	-0.0480300172179584	0.0164752927297198	-0.0454186121851056	-0.0869348558344389	0.0307649929813155	-0.0218597634866126	-0.193830704096926	-0.149370072899916	-0.0477947370620415	0.49914240988725	0.0536276829424868	2.58902245372447	-0.0271215587286645	0.133271466025865	-0.094190376283543	-0.268844617583028	0.0253499786869016	-0.0735738148559812	0.0821781852906469	"S04"	2.58902245372447	"IS12"
"AKAP6"	"AKAP6"	-0.0798412537053989	-0.115534179794219	0.145606589715189	-0.0487781719436796	0.00126456472154597	0.144180078741742	-0.194905454996784	-0.150062892728319	-0.131869527430071	0.834709047829889	-0.0813516489070817	2.56780026767997	-0.0422418040360183	0.0201908556871226	-0.0392944032040632	-0.348520452026438	-0.00637049726507074	0.0637606347715718	-0.261302819004131	"S04"	2.56780026767997	"IS12"
"HSPB3"	"HSPB3"	-0.117126815657972	-0.105099606380261	-0.130181658362559	-0.0992819877658196	-0.0517185137445602	-0.0817713068540427	-0.14793963792836	-0.144550889536855	0.0189741970814016	0.497998849890171	-0.0504418897458788	2.37630817268186	-0.0755819252058499	0.0927251788779469	0.0400612580379762	-0.205842207586462	0.190334727078726	0.358367225263945	-0.0447660355732287	"S04"	2.37630817268186	"IS12"
"NT5C1A"	"NT5C1A"	-0.0505271458629773	-0.146643386326133	-0.0717719454758176	0.091045970826659	0.0663857308589276	0.312595825468548	-0.151981011129229	-0.233384246403092	0.0990736215818531	0.567394187169332	-0.130022921861486	2.35269345910233	0.156566429226447	0.194313645428353	-0.0559471709650343	-0.253344482697295	-0.0279989456854527	-0.0694849062463197	-0.108091683328832	"S04"	2.35269345910233	"IS12"
"MYH1"	"MYH1"	-0.0328780583625656	-0.170741427623788	-0.146982197396107	0.0288255803721386	0.194237547348983	0.147274323403265	-0.143299661670944	-0.237761394038611	-0.139135951580805	0.731932186713595	-0.169630893217624	2.30914691803747	0.0443210049712005	0.243719555711646	-0.0082242264353092	-0.277152295849725	0.229863024078415	-0.0843765419565209	-0.093021017435693	"S04"	2.30914691803747	"IS12"
"PPP1R27"	"PPP1R27"	-0.155772823601207	0.130482319427634	0.111661578488287	-0.0232597787766156	0.318077643961391	-0.323421194497533	0.094587807263164	0.0416435980453329	0.04926866299955	-0.324880472799887	-0.17785956229733	2.08159936049903	-0.134411295121031	0.416260556910394	0.142878460289229	-0.310057835692922	-0.105586739443188	-0.032160888179598	0.395253424708855	"S04"	2.08159936049903	"IS12"
"KCNA7"	"KCNA7"	-0.0381207223047673	-0.0535206818972167	0.400398441678185	0.243454509079838	0.480135022692984	-0.182911907056763	0.00750806991853216	-0.0943189697683936	0.012681291745726	-0.103380837499782	0.0250813674302154	2.01599146055818	-0.0424432316297347	0.551427527902657	0.038001149186498	-0.687831652934206	-0.0182281707809504	-0.310986586956243	0.552448278680623	"S04"	2.01599146055818	"IS12"
"FABP3"	"FABP3"	0.137538361545326	-0.111415605595444	-0.119420280730689	-0.0593852543672445	-0.000865853732238412	0.23241130641554	-0.0439346364672021	-0.0911874461270598	-0.153623757037958	0.145274217131541	-0.0515061725046745	1.71867518029973	0.0393718118165483	-0.087505483446581	-0.0790742001696438	-0.0519282521759187	0.0284195513383212	-0.0810049789102724	-0.00245677494719181	"S04"	1.71867518029973	"IS12"
"MEF2C"	"MEF2C"	0.269491170654231	-0.173580747604422	-0.008669453486067	0.925388944913647	-0.107574669395333	0.303695530083625	-0.097935096398435	-0.527369235052419	-0.255800401301239	1.11834456774839	-0.18156292190437	1.66775327573294	0.0715652050469651	-0.0921821992387295	-0.228465563579615	-0.454254098011978	0.211949371621987	-0.172860949353551	-0.290529723633501	"S04"	1.66775327573294	"IS12"
"MAP3K7CL"	"MAP3K7CL"	0.0276458246149452	-0.228355224846851	-0.00766806810039994	0.188476982195654	0.114940492649812	-0.027229669036325	0.103851421309708	-0.215823208007713	-0.171084498515042	0.309571536555137	0.0125127996488991	1.43737012116948	-0.000738126168552427	0.0900123841042443	-0.0847744816602134	-0.369263108091379	0.712785158536014	-0.220410680757228	0.000534628402402395	"S04"	1.43737012116948	"IS12"
"CAPN3"	"CAPN3"	0.0789974863873688	-0.216573423422103	-0.119560414308706	0.202646306029013	0.0113703927243247	0.311224608003061	-0.061536110295873	-0.233839122681679	0.0155574058777232	0.303715546941196	-0.115237907573125	1.15551702918837	-0.0033684844010453	-0.0634324183769814	0.0436502625251847	-0.343154222648109	-0.226071010429942	-0.320807119767261	0.819061445687131	"S04"	1.15551702918837	"IS12"
"CAV1"	"CAV1"	0.0727247478786147	-0.385796223311231	-0.217923176389696	-0.176034831890916	-0.26723374419021	0.314719962132509	-0.0652423764730716	-0.382576096467965	-0.308310245035774	1.81201697547119	0.770575089722215	-0.00500922918613542	-0.231233279663315	-0.263895155513453	0.192040533635042	-0.384346521702158	0.169536185438664	-0.137757794978398	-0.140609750835082	"S05"	1.81201697547119	"IS10"
"GNG11"	"GNG11"	0.0819906338038688	-0.298668345957541	-0.245091805045497	0.0430468785791091	-0.0564183057874915	0.255116770868633	-0.169318596022455	-0.322980200297864	-0.292279988419878	1.7917780596909	-0.0997316550949793	0.422859724422259	-0.190556373224574	-0.070407383337072	-0.118797607438061	-0.277665079122275	0.0856374749876798	-0.135927878798751	-0.0833184658270048	"S05"	1.7917780596909	"IS10"
"KIAA0408"	"KIAA0408"	0.0926261956962916	-0.100864504174164	-0.104583492858133	0.0181778461916604	-0.156610650774911	0.529639296024826	-0.164972040698227	-0.37388338043985	-0.158028622400105	1.64271917789705	-0.158180926376603	1.00050705397463	-0.00483943340360649	0.622870510730283	-0.147732386120023	-0.402020079193846	-0.0110872695581974	-0.218163395126299	-0.0645403656073527	"S05"	1.64271917789705	"IS10"
"DLC1"	"DLC1"	0.430363538328423	-0.209589511676983	0.0655929855805569	0.0588973129514213	-0.118694959134878	0.600407496884688	-0.279696243028371	-0.414957418378516	-0.313568720359351	1.63492212494608	0.160152621630692	0.273570471974184	-0.100862035872092	-0.085826167003022	-0.0814345201739741	-0.404459315902495	0.135680663387393	-0.165622821954648	-0.182006915556451	"S05"	1.63492212494608	"IS10"
"CLDN5"	"CLDN5"	0.200116352780297	-0.276570029878005	-0.250166905929766	0.30144130222532	-0.0631642298145206	0.346003009719511	-0.336623448644252	-0.392418306685594	-0.0737907656890767	1.46186814223138	-0.357309288496716	0.269856096049604	-0.133156461647159	-0.163078830000125	-0.108895150573057	-0.248328414156437	-0.105900978085329	-0.11595504184868	0.356644148798469	"S05"	1.46186814223138	"IS10"
"AQP1"	"AQP1"	0.384659611123527	-0.357544311723711	-0.15879719036656	0.232343715591562	-0.0328959250557021	0.550835026930292	-0.144383957696045	-0.437197736281248	-0.0496614419463042	1.43850515994728	-0.264826447095145	0.321782272015126	0.207322204469388	-0.152839046947744	-0.149950993852638	-0.267878120542926	-0.0457817184339889	-0.230046613432618	-0.0410055914052283	"S05"	1.43850515994728	"IS10"
"FMO2"	"FMO2"	0.157277104278736	-0.128948030639952	-0.00678966538687342	0.203287598505641	-0.188600899183734	0.425853996563823	-0.0536642322473378	-0.419921542757927	0.985339480126152	1.36987003057648	-0.156467739658376	0.030414902595937	-0.0474393187673746	-0.150792798107246	-0.209988498612658	-0.306149785357343	-0.110429037925587	-0.09619665578616	-0.231740411831937	"S05"	1.36987003057648	"IS10"
"S1PR1"	"S1PR1"	0.563958882769041	-0.4061393800454	0.0257446582880683	0.660217311459311	-0.0823360763833615	0.406869346882181	-0.195381196164671	-0.543531326728444	-0.137930848533484	1.34036275530777	-0.178383106570503	0.180573797904124	-0.116275955411701	0.0406754890411982	-0.1419818567753	-0.349011788321418	0.156259516065071	-0.170374712620723	-0.117627494641687	"S05"	1.34036275530777	"IS10"
"CLEC1A"	"CLEC1A"	0.206631132651283	0.657980911522906	-0.105433271401367	0.493776562224001	0.060969624935824	0.146993374264221	-0.0677320336519618	-0.442507887873634	-0.222124793996696	1.31470456544232	-0.225702312126216	0.0828224220584819	-0.180032325487324	-0.213754937763306	-0.198067597007846	-0.347705444092005	0.143006134666458	-0.196959900691958	-0.0172284000183952	"S05"	1.31470456544232	"IS10"
"GRASP"	"GRASP"	0.168788001882151	-0.013567574629503	-0.130864602506651	0.449076544320523	-0.0982964819036469	0.24825127191595	-0.186877497003363	-0.400869361382512	-0.246225328871209	1.27005580034956	-0.133576560050285	0.0457673038927795	-0.0516688864822882	0.276828148652023	-0.159223598386144	-0.39582612021958	0.077802428997788	-0.252894526340762	0.293383867677574	"S05"	1.27005580034956	"IS10"
"TDRD10"	"TDRD10"	0.0287705683078127	-0.157939438087483	-0.116404089154749	0.406892395919199	0.162883874215609	0.476650346254286	-0.225514393438038	-0.436786002030072	-0.117965528237708	1.19289237114526	-0.246191228331029	0.241219431306219	0.0527305361025476	0.0299521772061803	-0.11807692513471	-0.430717860492888	-0.20040019289255	-0.160800891815417	0.65578622650605	"S05"	1.19289237114526	"IS10"
"ABC7.42404400C24.1"	"ABC7.42404400C24.1"	0.231908012164779	-0.0191608117927454	0.127765797387583	0.549481535460366	-0.039060912183522	0.42474316012831	-0.0992897058372065	-0.448610261507549	0.364113111626109	1.12009283241027	-0.242392953937756	0.395469480451774	0.0640137924470199	0.0101022371208378	-0.0721881755290396	-0.411937678551164	-0.0849796075994617	-0.0630971018958835	-0.238754709766462	"S05"	1.12009283241027	"IS10"
"NDNF"	"NDNF"	0.170036065418514	-0.174542495529845	0.158614262987667	0.00681163298853542	0.0361816650671199	0.916021840281439	-0.35828417217594	-0.2834838330554	-0.162694861649694	1.06978985700014	-0.226412852952359	0.310861380845101	0.0301321114233139	0.102096294506627	-0.183932561164716	-0.301692842980302	0.386259957174112	-0.106247860022966	-0.203752851381925	"S05"	1.06978985700014	"IS10"
"TLL1"	"TLL1"	0.115436817790339	-0.298897824979055	-0.0462161387229815	0.333840763885771	-0.19815129158246	-0.0155278728547116	-0.169665266787812	-0.348235973270339	-0.225904904125527	1.04601349949005	0.306349380231576	0.0117464057857612	-0.0401578828117536	0.166538267341362	-0.0128005316892074	-0.398108941069814	0.777123227836145	-0.144767330390302	-0.198801220968885	"S05"	1.04601349949005	"IS10"
"MAP1LC3C"	"MAP1LC3C"	0.320443507133462	-0.198561071677822	-0.0890577900120067	0.391298662129602	0.523774963401177	0.533182108630104	-0.0176820582607762	-0.356619698743367	-0.169939494384362	0.985869598471238	-0.141357412668035	0.816455666793966	0.0557678453124001	0.297652622764617	-0.171251520980131	-0.408937096107842	-0.0151471831994169	-0.221541770652891	-0.076536084109827	"S05"	0.985869598471238	"IS10"
"GYPE"	"GYPE"	0.376627981194725	-0.123150745918845	-0.00121689598254628	0.682112301202271	0.217561683824631	0.520804710128759	-0.144567595455954	-0.503217904662312	-0.193797714890436	0.977806135971929	-0.118261530188572	0.107411492437065	-0.0272084001795743	0.148953968154439	-0.150286510593541	-0.380406952757005	0.0282933923885724	-0.0498969553978454	0.115285297270625	"S05"	0.977806135971929	"IS10"
"GLDN"	"GLDN"	0.598653183179129	-0.213794408420382	0.0233638097933181	0.0193287787140535	0.301542980260297	0.406841166410772	-0.0672061098730745	-0.31023818782616	-0.142460276769002	0.974848579189127	-0.0792684124233178	0.148554782900891	0.0693074294036593	-0.0398627837846653	0.142813812622513	-0.381271963460593	-0.0472020485503831	-0.0408295312757128	0.0276943310744901	"S05"	0.974848579189127	"IS10"
"RGCC"	"RGCC"	0.299022384758459	-0.0381710164266426	-0.17437605725187	0.153907740354371	-0.0518804952861732	0.544253403291976	-0.20485331960814	-0.192949699109198	-0.20312805410515	0.971983123924241	0.0266539643511539	-0.0726047885824989	-0.250061168408412	-0.108782504873515	-0.070411984794566	-0.275748772939087	0.164799740480572	-0.113472653835974	0.0284300172829025	"S05"	0.971983123924241	"IS10"
"CFH"	"CFH"	0.165962358485228	-0.338878520004925	0.0628038644261153	0.364394342787543	-0.217554103198733	0.107672449261331	0.140546125570157	-0.508275255794321	-0.105769260506203	0.904084470950685	0.234137985988564	0.194488691410546	0.1743683083999	-0.300540354407641	-0.206773987268119	-0.282759085964384	0.576870782715696	-0.0105601980694373	-0.170249588945011	"S05"	0.904084470950685	"IS10"
"HIGD1B"	"HIGD1B"	0.302585414076108	-0.252846421571451	-0.11628126846546	0.112881911144237	0.0968110311104055	0.375571492066605	-0.310894294448052	-0.167670313374713	-0.158546766544597	0.894172803742474	-0.388749228177625	0.050401449874777	-0.107279595755103	-0.152060500505227	-0.128733836893528	-0.246201608486841	0.174476180656076	-0.314180604793811	0.322345075374262	"S05"	0.894172803742474	"IS10"
"CD1A"	"CD1A"	0.246368349059653	0.291783970902125	-0.123856390088832	0.442229034639476	0.036357336882118	-0.0144743278318766	-0.0784040155463554	-0.680798747925745	0.259209768656872	-0.350192121822445	0.17055032631694	-0.0726463143222438	2.41735402199779	-0.19044546859262	0.175732351251329	-0.138958199904237	0.305283313445002	0.0576414019952005	-0.0771398501531792	"S06"	2.41735402199779	"IS13"
"CD207"	"CD207"	0.0971306758207938	0.267313610623445	-0.0584941031832012	0.298799821314574	-0.0894002419740753	0.227088709445411	-0.37861170516072	-0.628627719949825	0.424165927024887	0.0268636180071049	0.00995609167060155	-0.0241438213807183	2.32553224823702	-0.197928055904539	0.173141975408928	-0.196840735088122	0.116750059737853	0.0622176681681624	0.0286291799956449	"S06"	2.32553224823702	"IS13"
"CD1E"	"CD1E"	0.300787950799955	-0.0398077801957569	-0.0377740270036735	1.14516284076296	0.0285375031125319	0.244114942166022	-0.125728433028993	-0.945443879475511	0.239661876980132	0.216628323392983	-0.205139006426242	-0.0342183577902065	2.03686305375808	-0.112926653340884	-0.0590340324214675	-0.157800020593219	0.036980080614861	-0.120491058349972	-0.076123654941766	"S06"	2.03686305375808	"IS13"
"FCER1A"	"FCER1A"	0.373251461630444	-0.201496120465975	-0.0670085944681136	0.454540267225495	-0.155336193674267	0.477203691716821	-0.568680933359659	-0.848283527974554	0.340235482433772	1.08336830935192	-0.200498652463826	-0.0150739329779027	1.84852412785803	-0.321870721086364	-0.0180040993872061	-0.225531217960923	0.117174819970858	-0.224617780608532	-0.0157580499314941	"S06"	1.84852412785803	"IS13"
"CD1B"	"CD1B"	0.633717717358356	-0.123243666489338	-0.138578660913285	1.10350586813394	0.0272892135569205	0.0837773506985197	0.151073639651323	-0.836952626653272	-0.107883240856346	-0.0435578000366431	-0.094496194859163	-0.023240815659117	1.79635743010212	-0.140372921347386	0.124536039920176	-0.112876312658025	0.0164915926531626	-0.171075924968634	-0.121960318820572	"S06"	1.79635743010212	"IS13"
"CD1C"	"CD1C"	0.522117088236145	-0.358673682407239	-0.131699347344686	1.2902578600114	-0.193929319563298	0.382903968386028	-0.23709183551069	-1.04847173570432	0.147728021745573	0.655392325870755	-0.186358791546796	0.0630689179601837	1.70692097803213	-0.401571314334941	-0.0570886329667005	-0.180436343876919	-0.0050673848216364	-0.11645281156593	0.0380593544157888	"S06"	1.70692097803213	"IS13"
"S100B"	"S100B"	0.142301478914368	0.0614144862145885	-0.289162637094326	0.457760187990982	-0.079605075824085	0.118957256776465	0.161363888627633	-0.76716944880076	-0.0291315427198797	0.795422776681115	0.0338005173187292	0.137548794724302	1.69471060616216	-0.135370990669073	-0.0130530337991606	-0.205864366149701	-0.0285434136517034	-0.0483056561406892	0.0262268705367352	"S06"	1.69471060616216	"IS13"
"IL22RA2"	"IL22RA2"	-0.0200107420512201	0.558548700818438	-0.148564122012697	0.936210280111805	0.118758090793943	-0.171686244303475	0.347594845243536	-0.734964553063023	-0.17343611108018	-0.0888901858109101	0.365311582809779	-0.0463005817352714	1.62160527331572	-0.25737988278073	0.0613393665554118	-0.173919700904657	0.0719671017621785	0.11650261574025	-0.160010305821503	"S06"	1.62160527331572	"IS13"
"HLA.DQB2"	"HLA.DQB2"	0.422606926487309	0.156953362963874	-0.231065251970537	0.867350419660276	-0.156338898525469	0.447270752480805	0.618001649925686	-0.767650007301094	-0.110250533991506	-0.0931628999358488	-0.106112535350834	-0.130168468377066	1.54220631770047	-0.081200497671025	-0.14317543779887	-0.116671026354822	0.183675357679107	-0.212828694570991	-0.0319720634238999	"S06"	1.54220631770047	"IS13"
"CCL22"	"CCL22"	0.60858237518657	-0.131823129364015	0.0242366017303629	1.11800847191043	0.0596503780640812	-0.104478749205223	0.210280121419661	-0.821667508981915	0.0315499722883354	-0.193717654222988	0.233121674408236	-0.0399649117925067	1.14008101355169	-0.359865884574247	0.168854523927768	-0.173719671356463	0.204531142764324	-0.111605869584639	-0.0339895327025946	"S06"	1.14008101355169	"IS13"
"CCL17"	"CCL17"	0.777812924538912	-0.0653717310430049	-0.188037793341414	0.953179965273939	-0.0265255079872116	0.166864590107499	0.143849099088684	-0.689394112099112	0.249443563233728	-0.128221740201684	-0.00317519548350517	-0.0933908916078637	1.13846555778707	-0.487018368209691	-0.0543096804845297	-0.103591020654954	-0.0139773410066301	-0.177208179240037	0.123623978680049	"S06"	1.13846555778707	"IS13"
"HPGDS"	"HPGDS"	0.778948880627716	-0.257897877724624	-0.060421082700949	0.320634440159828	0.0970674315970012	0.477076895131924	-0.282334553405821	-0.618537675103921	-0.133391565421632	0.91024482888514	-0.305409792806591	0.103948090291475	0.943543680773235	-0.142819406701809	-0.131707271641828	-0.198633545530323	0.379306218802699	-0.305779368059273	-0.100332817873875	"S06"	0.943543680773235	"IS13"
"CXCL8"	"CXCL8"	0.516351141068445	0.0235636320308349	-0.127959506449348	-0.0833539140050951	-0.0987578888837778	-0.108384371098867	0.0396257395831512	-0.234573335208867	-0.0482085726469266	-0.0693298273629465	1.76942275042245	0.00231002222509275	0.163595754225955	-0.213130013567724	-0.0107985364513691	-0.142206143385591	0.248000631279881	0.0197935410425299	-0.260974467595829	"S07"	1.76942275042245	"IS11"
"CSF2"	"CSF2"	0.402121858849475	-0.0642409753272137	-0.227673150229237	0.0446317472162568	0.0455966460605711	0.04695019803681	0.334394057356751	-0.348992714370069	-0.247447733667053	-0.124705240393034	1.74137679922395	-0.07922155500159	0.425692644596087	-0.230690157085207	-0.0180036624456973	-0.19599316919169	0.20415111129612	-0.109183270273461	-0.0383874934241635	"S07"	1.74137679922395	"IS11"
"NRG1"	"NRG1"	-0.00132135098823597	-0.0838933463717206	-0.00325137853584762	-0.109478071706354	-0.0982124636262487	-0.0976563406280863	-0.0247659390132672	-0.158327550006511	-0.000380599326925498	0.299662401116997	1.23670401488492	-0.0599017949452374	-0.11013651956816	0.111676348181685	0.206385110670231	-0.278067713914286	0.126849998487639	0.150236480940697	-0.0424366372256587	"S07"	1.23670401488492	"IS11"
"MMP1"	"MMP1"	0.121080204866342	-0.0459862065990564	-0.140946649479396	-0.0446651881477379	-0.132111873993562	-0.148503479150112	0.0713931424644516	-0.170303912877064	-0.192452303760997	-0.24029489148425	1.17237766832674	0.13277187723491	0.173774133777253	-0.120938175203747	0.0788077107252936	-0.13495199248999	0.604893193324801	0.0783983299199247	-0.0461997439345477	"S07"	1.17237766832674	"IS11"
"ACTBL2"	"ACTBL2"	0.140247509187847	0.0613127632271587	-0.106962782449057	0.0131651869900873	0.0553166141011144	0.100867531301803	0.477353359609659	-0.484253905932673	-0.245021860186587	-0.0393225099262774	1.07913969334553	0.0331105872324847	0.413712746129402	-0.105582250415099	0.206107921956616	-0.174855052402346	0.524915507006378	0.110891858361749	-0.0896920371044029	"S07"	1.07913969334553	"IS11"
"CXCL2"	"CXCL2"	0.286320024562303	-0.211376421486165	-0.151598681286252	0.0595408558823796	-0.0770204731977738	0.70191807002142	0.0203529104647156	-0.36582350229687	-0.28188811215465	0.774962092257399	1.04696668934281	0.0282057589704528	0.0451219886395185	-0.375398456501662	-0.179320926722015	-0.184357368533003	-0.173485373159456	-0.10996130556712	0.00743494063779977	"S07"	1.04696668934281	"IS11"
"TFPI2"	"TFPI2"	-0.0375319798005459	-0.179811116216313	-0.074597626719072	0.000811832867716642	0.0453556889027606	0.0333137293545399	0.0560410608659788	-0.148525351460245	-0.164310972658024	0.0334948333105465	0.987283380401062	0.146236652756575	0.0996862071116694	0.27183597814206	-0.0689495912778628	-0.0921348088956778	0.00786568696202877	-0.143701254543934	0.0313389924745795	"S07"	0.987283380401062	"IS11"
"KRT75"	"KRT75"	-0.0280931810120523	0.102527823373316	-0.0677152522659474	-0.115926691021907	-0.140755267028585	-0.0965493465800752	-0.088975764335914	-0.107118184204934	0.0109422269790722	-0.114781228694981	0.84233275300606	-0.141891674095522	0.0221371297950958	-0.000941794948016954	0.727858687915738	-0.138634016487905	0.104544593467035	0.0593222899242487	-0.0596482032308142	"S07"	0.84233275300606	"IS11"
"CSF3"	"CSF3"	0.254190933381372	-0.120874803837212	-0.185271438602195	-0.0250638967443416	-0.13987274638204	0.317066928555103	-0.0504696292335414	-0.213143449446852	-0.184273961516569	0.773492497375823	0.832614428001789	0.0757060981347143	-0.0664275936403508	-0.17973179733731	-0.123659974844659	-0.192024587069115	-1.87904253224105e-05	-0.0574381599750487	-0.0886860245125686	"S07"	0.832614428001789	"IS11"
"B3GNT5"	"B3GNT5"	0.0891070976310407	0.238241416311406	0.516370492363806	-0.0320939709384901	-0.0270711697032942	-0.258511454886898	0.200242433991616	-0.16024678617285	0.332812657206258	0.0656973318832936	0.786602924216794	0.0594086982049231	-0.0566774800325259	0.192092910791099	0.209550393420225	-0.386606856793353	-0.0344450918499629	0.386122918984941	-0.331796070856114	"S07"	0.786602924216794	"IS11"
"DCUN1D5"	"DCUN1D5"	-0.0623284131206129	0.100697991133198	0.0690041924418735	-0.0557619339259784	0.146647910312181	-0.150643948402714	0.133658854309399	0.0816322462533294	-0.0220373847331859	-0.227217329107193	0.712890776049277	-0.0610048131952482	-0.165715237071082	-0.105413360149821	0.00164927640995797	-0.143079143599025	0.198292854198783	0.0754677995847592	-0.172513035986838	"S07"	0.712890776049277	"IS11"
"MRGPRX3"	"MRGPRX3"	-0.191909472986321	-0.0425564151923121	0.0614354563985965	-0.0602071780686917	0.203651883571271	-0.134717199659083	-0.018060245937114	-0.0332433088823098	0.0202169767787183	0.169847846331218	0.553431103428833	-0.0822309927810587	-0.0429175323828299	0.492267670179814	0.228835518169897	-0.342430316761543	-0.182393209446838	0.0911848710801511	0.330814261526004	"S07"	0.553431103428833	"IS11"
"INHBA"	"INHBA"	0.600904059773691	-0.179649329419951	0.0374049016742743	-0.0897973280387689	-0.0777869309991457	-0.155977839038762	0.0994907745900539	-0.384919117373479	-0.328146418497122	-0.139581169555248	1.05253400816542	-0.0428270708708522	0.132503377535071	0.0748706962482857	0.143379509361237	-0.386235509915108	1.85544265205501	-0.116389274495635	-0.209789947781165	"S08"	1.85544265205501	"IS17"
"LUM"	"LUM"	0.384670358790396	-0.207004997644485	-0.12041875172493	0.223946249741771	-0.0963901523174521	-0.111859886424898	-0.11519011240236	-0.477440464025937	-0.178666171364775	0.334990851724029	0.00520419159126795	0.0748254823503289	0.345338274198035	-0.101468385718404	0.101347956715546	-0.302807984461403	1.82488137029523	-0.175347351847525	-0.152709470196426	"S08"	1.82488137029523	"IS17"
"METTL11B"	"METTL11B"	0.075358122346024	0.132646569525855	0.0558650195490212	-0.205387544953522	0.414824781047651	-0.343674957940481	-0.130172561710188	-0.12619505396566	-0.137665847653993	-0.440312126102311	0.109266485198297	0.0523778241482795	0.340842532714897	0.432236650619149	0.0736686117270391	-0.262859537640784	1.80236085887388	0.0748320506778297	-0.110863514853555	"S08"	1.80236085887388	"IS17"
"MMP13"	"MMP13"	-0.056307909064102	-0.153593993271264	-0.0924346596783272	-0.15339219072669	-0.125248923319627	-0.136875634989787	-0.0995210187232102	-0.174931477269782	-0.130591099136785	-0.264045503974609	0.4438291557528	0.0202188642196636	0.383595630494753	-0.0136035203289679	0.109625248595745	-0.217738522728344	1.71529052190501	-0.038866883801004	-0.0637390121283326	"S08"	1.71529052190501	"IS17"
"RUNX2"	"RUNX2"	0.0770518254485066	0.0116109895575269	-0.00119257982950337	0.0221836982321114	-0.0708786641664215	0.0924484122508843	-0.0732661352948762	-0.234742234191952	-0.0219293455244888	-0.0794103907980175	0.0725309735295852	-0.0133081384868821	0.00704358360706076	-0.0133530873874876	-0.0473886186257026	-0.242373223031962	1.56450257001732	-0.0256919145902968	0.0159316558503972	"S08"	1.56450257001732	"IS17"
"PDPN"	"PDPN"	0.443760395496946	-0.103639456771983	-0.157219604371173	0.143015719338658	-0.21437856407976	-0.17033272118329	0.013551275444796	-0.457954482870092	-0.367318886901531	0.348978581998021	0.758721632400396	0.00628512555154399	0.0958222059440854	-0.126042447174864	0.228983332023248	-0.408774929132282	1.55534472878153	0.00962348223781874	-0.0631573689021069	"S08"	1.55534472878153	"IS17"
"GPR1"	"GPR1"	0.0602294411142688	-0.121203768857935	-0.0942732758713762	-0.0589495688252767	-0.016448914691184	-0.284794835528898	0.105867387172446	-0.305421654593252	0.805059514803272	0.125886471440724	0.0107613608724062	0.0714224304874718	-0.00470392378234976	-0.11462577909482	0.343703716531529	-0.317761759281583	1.53128218748643	-0.161150085465739	-0.201949667160674	"S08"	1.53128218748643	"IS17"
"TNFAIP6"	"TNFAIP6"	0.447186414281426	0.0984645803298304	-0.154870469017475	0.0377789599680171	-0.0949129807659979	-0.230890086097081	0.130998455317007	-0.395023506947281	-0.253361981117668	0.140783386378436	0.547049253550188	0.229021312217141	0.200872634485557	-0.135163027636197	-0.0393361015842169	-0.271339763115793	1.44436164179712	0.260721410085245	-0.138968855842069	"S08"	1.44436164179712	"IS17"
"MSC"	"MSC"	0.436031400444289	0.077966695326256	-0.186972112380218	0.749636769103919	-0.176622598531022	-0.217977088117387	0.136271048723484	-0.571281663143114	-0.412096835175621	0.147269261308268	0.293566810057304	0.31286744803988	0.131423478741664	-0.193769867089817	0.0791504904107064	-0.287313868557882	1.17729221679346	-0.00141203093706123	-0.0145010851696419	"S08"	1.17729221679346	"IS17"
"AXL"	"AXL"	0.462956104136371	-0.300238246467844	-0.149294108565792	0.0825165134558772	-0.0727302458597395	0.130203557116666	0.174280664292327	-0.38794384066221	-0.24781290525333	0.593873308724851	0.574347699124733	0.00387482993537453	0.0768713282387235	-0.0297120568174936	-0.127978395446832	-0.323924926308783	0.941335832450184	-0.115169881098397	-0.0729695506386349	"S08"	0.941335832450184	"IS17"
"ACVR1"	"ACVR1"	0.242263919085549	-0.106401268333128	0.507618513155635	-0.0340215420876159	-0.145383467432129	-0.0472014244059136	-0.170943967879449	-0.20210408190841	-0.193784846897251	0.37085818724391	0.237959431655139	0.00145015681733328	0.152375693104244	0.00714353466575081	0.136677499159196	-0.416109404535217	0.840778861515123	0.240820827506762	-0.327962458294887	"S08"	0.840778861515123	"IS17"
"NKAIN3"	"NKAIN3"	-0.115762970511949	-0.0254817484047707	0.0514421017544047	-0.065131487395837	0.321437480132568	0.252439721038672	-0.168381654447117	-0.0119268630260476	-0.0367776579336137	0.0401749629494179	-0.113855546249157	0.386488738964239	-0.0185311989467809	0.217100670888801	-0.113955001575629	-0.141881550119046	0.544891792482535	0.220143133232354	-0.0933854068443302	"S08"	0.544891792482535	"IS17"
"GPR85"	"GPR85"	0.386415745021755	-0.0905830356424143	-0.0182180252277051	0.174761906185991	0.297043975326782	0.128045441735412	-0.0979029515514503	-0.257881230081498	-0.189581128280253	0.157488804618651	0.169322241049275	-0.140911847551743	0.167067488305329	0.0334467383104291	-0.169101122448466	-0.275017112968296	0.493783784003623	-0.229519694697505	0.378807124155299	"S08"	0.493783784003623	"IS17"
