"Gene"	"IS01"	"IS02"	"IS03"	"IS04"	"IS05"	"IS06"	"IS07"	"IS08"	"IS09"	"IS10"	"State"	"MaxFC"
"RP13.512J5.1"	"RP13.512J5.1"	1.43052532529479	-0.165975567329039	0.0746369235755746	-0.125849532753055	-0.0931150773723704	-0.147235650892124	-0.0919337735931991	0.114013887480413	-0.0973878500069458	-0.119384161753227	"IS01"	1.43052532529479
"NPFF"	"NPFF"	1.31114122059264	0.0216810585812656	0.0121095291149527	-0.10500118485442	-0.103581939790637	-0.200948512924283	-0.0731992323630144	0.0471696121161121	-0.0333722011763978	-0.177440755118274	"IS01"	1.31114122059264
"DNAAF1"	"DNAAF1"	1.30486193900273	0.368401260995381	-0.00101499843779194	-0.0585392917849175	-0.00982916895529972	-0.15616823198267	-0.290660343651203	0.356642402341501	-0.238862196495178	0.114061476664982	"IS01"	1.30486193900273
"SPHAR"	"SPHAR"	1.15443579958495	0.0187032305511473	-0.0656882779310234	-0.105601148944702	-0.0818206999951612	-0.0550582550012192	-0.107529380704681	-0.0100379698773363	-0.0593602276230537	-0.117058796422251	"IS01"	1.15443579958495
"H2AFB3"	"H2AFB3"	1.02832634558025	-0.0543602273363066	-0.0257337006041592	-0.0418572435974311	0.173099117066473	-0.104424544364587	-0.214509192601806	0.140389682622252	0.00558051954867728	0.0462861562596531	"IS01"	1.02832634558025
"PDIA2"	"PDIA2"	1.01495876145566	-0.185143529689367	0.115261330507532	-0.097876454785767	0.239859246905458	-0.136435143685207	-0.105442443027265	0.100445769203328	-0.0822722510593325	-0.0323557583939423	"IS01"	1.01495876145566
"RNASEK.C17orf49"	"RNASEK.C17orf49"	0.982584148971792	-0.0263697391733994	-0.00931186118698766	-0.00526140264109017	0.0442862221125596	0.0930287423057014	-0.240157789671224	-0.0442418533874536	-0.0717657758797355	-0.0135197949884483	"IS01"	0.982584148971792
"C7orf61"	"C7orf61"	0.804122822949984	-0.237479960149272	-0.0854004260444709	0.019084682614091	0.329715286143319	-0.0843933966671419	-0.299204179045225	0.171447957538179	0.129699527606873	0.262472222148005	"IS01"	0.804122822949984
"FTCD"	"FTCD"	0.793536288238446	-0.196769867064767	0.515010175182296	-0.122473754994204	0.532352540030937	-0.107736767397616	-0.248136171358499	0.504850780596587	-0.0882256277479744	0.0739327112409609	"IS01"	0.793536288238446
"LCAT"	"LCAT"	0.772284843032026	0.138339344987834	0.0976496043538519	-0.149473982480178	0.317491678144315	0.426975495828751	-0.700663730803364	0.185392642809744	0.16674811732861	0.536007652792882	"IS01"	0.772284843032026
"TEX40"	"TEX40"	0.710117598471889	-0.209262015673178	-0.0631007963126535	-0.0679300429984168	0.136754044691756	-0.127250564269668	-0.159655102608931	0.470928464943392	-0.053653471182529	0.247258905061142	"IS01"	0.710117598471889
"SLC22A1"	"SLC22A1"	0.626652376342282	-0.159890425013043	0.315063794288822	-0.0263084512310409	0.0590698207060327	-0.0690111055108848	-0.383305697303841	0.155194688942433	0.372603350413408	0.326383106143575	"IS01"	0.626652376342282
"UTF1"	"UTF1"	0.562084467257429	0.12562957616395	-0.0979440050607225	0.204720896273931	0.0967731380941279	0.314505045316932	-0.330862852757644	0.0954211683791342	-0.145212297436484	-0.146531762016695	"IS01"	0.562084467257429
"UROC1"	"UROC1"	0.55779773131867	-0.0342637549725376	0.416526773546768	-0.0727902301132532	0.147427759948155	-0.0941091260372156	-0.240181385586939	0.44571968692576	-0.0386362875841699	0.195165185449534	"IS01"	0.55779773131867
"VAC14"	"VAC14"	0.258489080247305	-0.0826919655649461	-0.0168254394925267	0.0936060036749085	0.0565921178776943	-0.124955618970562	-0.0614946713699431	-0.0579671854125653	0.200241263892501	-0.0775751584727833	"IS01"	0.258489080247305
"TMEM100"	"TMEM100"	-0.210157040679775	1.60423293350073	-0.13656332628201	-0.181837377840714	0.150594145930515	0.543853644127203	-0.395371197651218	0.021289446235627	-0.223096811004302	-0.165953428684656	"IS02"	1.60423293350073
"ADH1A"	"ADH1A"	-0.220546713513345	1.20098705472834	0.614337038879468	-0.204357001017178	-0.225890569656757	0.533902751742582	-0.443751284843513	-0.0461687371164031	-0.524726794836763	0.420538967500994	"IS02"	1.20098705472834
"ITLN1"	"ITLN1"	-0.102451056210554	1.18818133478758	0.0953459265456183	-0.0524447757106374	0.304714847999494	0.0220315392786805	-0.220995335329701	-0.0506155250099847	-0.215762836366499	-0.0421574705740044	"IS02"	1.18818133478758
"ITLN2"	"ITLN2"	-0.00688508809445444	1.1681282967197	0.139138192624723	-0.166738977297385	0.305658336936614	-0.141282011705696	-0.175395048135647	0.2296475385384	-0.103402881696803	-0.0470140800003572	"IS02"	1.1681282967197
"STX11"	"STX11"	-0.50910566324171	1.09669244031028	-0.228542709662325	0.566130301201961	-0.271871801171294	0.389691025223699	-0.544963978139309	-0.0961761122282845	0.154985413035715	-0.103396817673757	"IS02"	1.09669244031028
"PRX"	"PRX"	-0.0898652599099404	1.07535538025193	-0.120449616322618	-0.253170461794058	0.538428981682539	0.663143632678892	-0.540263721005524	0.018092589267033	-0.196583459643918	0.22660410605304	"IS02"	1.07535538025193
"CLDN5"	"CLDN5"	0.349535063094122	1.06536671195114	-0.110045065043849	-0.175358378159837	-0.123769026062733	0.986085160942223	-0.588446117366798	-0.0210997325217679	-0.345220191865395	-0.0244389995869097	"IS02"	1.06536671195114
"HBG2"	"HBG2"	0.0532760142279826	1.03178680264204	0.0478928883842378	-0.131993148585643	0.13749075149374	0.216531560088247	-0.374928837303426	0.342227620687607	-0.153971397191996	0.130865247602297	"IS02"	1.03178680264204
"RXFP2"	"RXFP2"	-0.0458105889275293	0.960300334200234	-0.0272435502699813	-0.11368465107818	-0.101621585600862	0.105068560909019	-0.189990967988732	0.699548951768638	-0.0882350506484664	-0.165664867584338	"IS02"	0.960300334200234
"RSPO1"	"RSPO1"	-0.200068126979091	0.940767346242704	-0.206807150838289	-0.0325833461049128	0.150830500832778	0.780388193857233	-0.451970164863474	-0.108020524662417	-0.275232179563282	0.0119024304140127	"IS02"	0.940767346242704
"SLC39A8"	"SLC39A8"	-0.397284487723826	0.918057918184989	-0.13311713302015	0.033067549620117	0.0116317785955007	0.00271274304880706	-0.176418859879798	-0.0546950406183409	0.287881706040808	-0.113530771329578	"IS02"	0.918057918184989
"HBG1"	"HBG1"	-0.107785639320206	0.905521061473857	-0.0318658337421852	-0.0605905863908922	-0.0939627476938216	0.0282359748633731	-0.139201386833432	0.185344329156329	-0.09989627804777	-0.0218447309640194	"IS02"	0.905521061473857
"OTUD1"	"OTUD1"	-0.600494818453568	0.86129335435102	-0.184680419948117	-0.0414881500964812	0.046099599638083	0.428399243429438	-0.409138412077386	-0.15584001718814	0.337825486404464	0.1919332066858	"IS02"	0.86129335435102
"GYPB"	"GYPB"	-0.030910563765165	0.853527129688231	-0.120108657382198	-0.0505259304198328	0.0870995819362625	0.155286764200135	-0.352331807533621	0.618429544521	-0.171668477220123	0.236637746406988	"IS02"	0.853527129688231
"RASGRP4"	"RASGRP4"	-0.191557754713005	0.853118407442897	-0.109751007505645	0.094149490692179	-0.0769641526597688	0.71014502128767	-0.515972866064568	0.00307506710478595	0.0405068964786453	-0.0964313477611654	"IS02"	0.853118407442897
"USP2"	"USP2"	-0.145255716595938	0.821079354906832	0.0970948010890367	-0.295166777210352	0.658282646174282	0.346533651195514	-0.355711676213328	-0.0789489134251114	0.114659073414897	0.0238106952149625	"IS02"	0.821079354906832
"RXFP1"	"RXFP1"	-0.277215447842434	0.803386940311497	-0.0369513486061065	-0.0110257448139837	0.150665692107069	0.195869246079051	-0.487371871478504	0.382058796057227	0.282944914216372	0.283498843429432	"IS02"	0.803386940311497
"RGN"	"RGN"	0.21453626821407	0.782605432159875	0.396454374180568	-0.241982118169294	0.460781343856023	0.268455767362645	-0.3149571822797	-0.0153007575011771	-0.271884968211283	0.0363769327271229	"IS02"	0.782605432159875
"CFP"	"CFP"	0.193238024404245	0.75738115959193	-0.0589393191691771	0.451303468326196	-0.0900139470689526	0.463561495292402	-0.592759881548804	-0.0400567931245784	-0.210440967855371	0.0154795876856345	"IS02"	0.75738115959193
"HBD"	"HBD"	-0.0944161777823141	0.749245869895328	0.177845893820719	0.284887906544101	0.167003148034929	0.262419138362544	-0.386664099975587	0.0508063859987292	-0.175249845884054	-0.130873588243137	"IS02"	0.749245869895328
"C10orf105"	"C10orf105"	-0.141408491820712	0.739904684470684	-0.103486302544258	0.387773988272783	0.0534117658882976	0.615403131840612	-0.689975230197226	-0.0164985009331103	-0.242705311228919	0.355104114451753	"IS02"	0.739904684470684
"RRAD"	"RRAD"	0.0521323857523681	0.730947565933119	-0.21827783432582	-0.0593439778672919	-0.0504562600700812	0.266976405144323	-0.323381745500956	-0.153826823670879	0.415582826125844	-0.136801510285049	"IS02"	0.730947565933119
"UPK3B"	"UPK3B"	0.219476245113263	0.713467872966786	-0.0675336142739706	-0.105205255415989	0.10064855173547	-0.15757309915157	-0.209103146953356	0.0953854880351161	0.172045067350206	0.110210263985663	"IS02"	0.713467872966786
"FAM179A"	"FAM179A"	0.264547460029502	0.69695722035777	-0.150045143382048	0.549914656451358	0.142717061197612	0.0267449885569348	-0.640447689330168	0.323539683618317	-0.0729784692349519	0.299114497750643	"IS02"	0.69695722035777
"ADGRE1"	"ADGRE1"	-0.125347831899778	0.679890300974398	-0.0755205867195455	0.473807951992879	-0.132221613943757	0.122483068788851	-0.461359927070454	0.110944059593581	0.335266123307057	-0.165695977730318	"IS02"	0.679890300974398
"AHSP"	"AHSP"	0.20889456318288	0.678089175534682	-0.0389777230201978	-0.0322128830839137	0.0774713834696093	0.126919514809668	-0.19275195212328	0.106196569248169	-0.139592728133237	-0.11229231258469	"IS02"	0.678089175534682
"PGM1"	"PGM1"	-0.441926824148311	0.597717438668731	-0.0134523341800593	0.00546390076874569	0.181067081893947	0.295952385181661	-0.339739065534322	-0.202028043442362	0.516473400245995	-0.082192638825603	"IS02"	0.597717438668731
"TRPV2"	"TRPV2"	0.192840661895979	0.594286419082734	-0.0615920778058135	0.240647164862909	-0.0776733516678826	0.00873799753154642	-0.204444155224573	0.0013670608066808	-0.0331029890581031	-0.202021262591469	"IS02"	0.594286419082734
"LRRN4"	"LRRN4"	-0.0484860196687881	0.569227736973048	0.0699330180870968	-0.0871097201665473	0.503253960499813	0.0442203600787193	-0.308897121976585	-0.0757267555278358	0.566517189793693	-0.1915527138027	"IS02"	0.569227736973048
"DOCK11"	"DOCK11"	-0.0933322101860013	0.56791774396424	-0.136211121395919	0.270840648450753	0.175582276816946	0.551436328938858	-0.478520512131088	0.157349395819231	-0.0672938016325209	-0.142548930906484	"IS02"	0.56791774396424
"LILRA1"	"LILRA1"	-0.26153721533145	0.562613805545577	-0.0969022876661685	0.463260117206471	-0.152165164198173	0.460582722102516	-0.473399223690032	-0.08981275652344	0.0429867559030118	-0.072009130093182	"IS02"	0.562613805545577
"RTKN2"	"RTKN2"	-0.380315707391991	0.5503294962252	-0.246481881974515	0.145072011661163	0.272854294831836	-0.289002015072313	-0.146045115836824	0.329768423442034	0.148533753924351	0.219810435658694	"IS02"	0.5503294962252
"APOH"	"APOH"	-0.0521664349366378	0.0522355888097479	2.09626248630453	-0.112277816539675	0.0686094162626594	-0.102200411035408	-0.161509085976953	-0.0211857039405171	-0.138576767401418	-0.0588028365548883	"IS03"	2.09626248630453
"AMBP"	"AMBP"	0.0538093050269118	-0.0736074390134817	1.99569515240347	-0.134716141735771	0.0125421684406307	-0.146434144681574	-0.124827199812157	0.181070247600556	-0.172287493186952	-0.0188429145192342	"IS03"	1.99569515240347
"GC"	"GC"	-0.00759976193833053	-0.0351353433521559	1.98553114741617	-0.0675962272939932	-0.0107502334306839	-0.0952973743590752	-0.139333461406767	-0.121046016197975	-0.127541891486329	-0.0550833726054278	"IS03"	1.98553114741617
"CFHR5"	"CFHR5"	-0.0496762825034929	-0.199556944202013	1.98301582441161	-0.114462508146635	0.0231255258566098	-0.151687814167443	-0.146395524619473	0.558542979907481	-0.17690637395694	0.0529522345975445	"IS03"	1.98301582441161
"APOC3"	"APOC3"	-0.0637536435817984	-0.0537537175897816	1.98067245872736	-0.0966815379419017	-0.0349406928040058	-0.0905493169719881	-0.11495805738161	-0.0797155556638377	-0.0985659073677384	-0.067398067053694	"IS03"	1.98067245872736
"APCS"	"APCS"	-0.0683623650347807	-0.0828302984811427	1.97812615446333	-0.0627323960279428	-0.0801582472671553	-0.0919142916714961	-0.12444951565449	-0.0378183711398656	-0.0607042163014964	-0.0894493196444301	"IS03"	1.97812615446333
"CFHR2"	"CFHR2"	-0.0785555406933566	-0.0801135442765384	1.94562437721168	-0.090091868226501	-0.0867225225314361	-0.0864151295183355	-0.113300747993317	0.0731560095794714	-0.0888390277421269	-0.0791669935725747	"IS03"	1.94562437721168
"AHSG"	"AHSG"	-0.024474155438282	-0.13476333694377	1.94466645278904	-0.111502023768758	0.0557774640291379	-0.0971975404683796	-0.118815196348533	-0.0839933315305529	-0.102076258667518	-0.0203107742514996	"IS03"	1.94466645278904
"APOA1"	"APOA1"	0.0684889501398301	-0.0477875238506264	1.90957173211157	-0.146482682429379	0.0561554397213788	-0.0902825838650711	-0.118306918265956	-0.0735484713600686	-0.128374706719845	-0.0653853562011726	"IS03"	1.90957173211157
"RP4.608O15.3"	"RP4.608O15.3"	-0.0746897741757287	-0.0758223194009467	1.90486303655909	-0.0776536682311333	-0.0781265944323826	-0.0757055899411321	-0.111209284928672	-0.0638164159206346	-0.0778212966735333	-0.0744023639350202	"IS03"	1.90486303655909
"AFM"	"AFM"	-0.0149797717766642	-0.0891664558304998	1.84781045007033	-0.103114949549379	0.101363049797048	-0.0722112780562719	-0.142620253150712	0.0961528227988318	-0.0948958284684852	-0.0798099264993387	"IS03"	1.84781045007033
"SERPINA7"	"SERPINA7"	-0.0494372774258686	-0.116031305375181	1.68006125263734	-0.0609022971112435	-0.0105331086297715	-0.0651123454724594	-0.0720260174534368	-0.0188525175019109	-0.143376390431234	-0.0964667242192661	"IS03"	1.68006125263734
"VTN"	"VTN"	-0.0478105035985678	-0.0237850057269897	1.66810813066785	-0.121382045583828	0.303998732948228	0.0372432039513564	-0.195039111177345	-0.100348198057772	-0.0569557313553474	-0.0709064645023283	"IS03"	1.66810813066785
"G6PC"	"G6PC"	0.03646158823162	0.0304970149428199	1.59297576568081	-0.0848952202502463	-0.0431752605728921	-0.0867704892687442	-0.277342225909758	0.340321714736594	-0.142142029517872	0.303700839381427	"IS03"	1.59297576568081
"HAO1"	"HAO1"	0.0284430972551863	-0.12398243130608	1.56927153748476	0.00345614174349232	-0.0542062427951131	-0.165777765574855	-0.188507009009025	0.164138732278541	0.204849524633408	-0.0808690065174911	"IS03"	1.56927153748476
"SLC17A2"	"SLC17A2"	-0.0340988569396132	-0.109421520971604	1.56514833908703	-0.0962718522130922	0.0560989033562906	-0.0690776830729996	-0.134742833253012	0.646036579943264	-0.147655314735321	-0.0764246385965107	"IS03"	1.56514833908703
"SERPINC1"	"SERPINC1"	0.0347095819461411	0.021961069776881	1.44400185681109	-0.161039251948743	0.131682855553235	-0.0489275248424437	-0.25213652135963	0.23480648250497	-0.0690816329108173	0.24544931687568	"IS03"	1.44400185681109
"ITIH2"	"ITIH2"	-0.0913543297018084	0.457396739520572	1.39903077375066	-0.111725844327185	0.0527175924004536	0.127654787131282	-0.350100636684239	0.14371227133208	-0.321398430420508	0.30779356850572	"IS03"	1.39903077375066
"C8B"	"C8B"	-0.0622794099243588	0.534320685655413	1.38765241306021	-0.147013527252284	-0.0198606467083328	-0.0696029627000192	-0.172419355603187	0.0162205770377584	-0.110770339359379	-0.0368553229426878	"IS03"	1.38765241306021
"CPB2"	"CPB2"	-0.0933944847534091	0.808691933007366	1.33010442563797	-0.269544039652623	0.569031447351325	-0.194786140172033	-0.235570805690795	0.255920706947514	-0.167094131632409	0.0465003888698157	"IS03"	1.33010442563797
"MBL2"	"MBL2"	-0.13465693177415	-0.145685196290118	1.28711222211269	0.0848089679813215	-0.102277954985861	0.122376879426735	-0.208631631107	0.245212347583152	0.00405153909433092	-0.114237834536588	"IS03"	1.28711222211269
"PRODH2"	"PRODH2"	-0.0110600080690657	-0.115929086893909	1.19200207736419	0.0682265427233832	0.185821135142786	-0.0946712134705231	-0.175104613483925	0.602642054963939	-0.128059360485689	-0.0653781672260102	"IS03"	1.19200207736419
"BAAT"	"BAAT"	-0.044530568023313	0.00773941143221386	1.18211381492125	-0.03260901197832	-0.0193466850289039	-0.021931322064698	-0.11435343258616	0.0249706767433024	-0.112232972745266	0.00850905185613585	"IS03"	1.18211381492125
"SLC25A47"	"SLC25A47"	0.141966805795201	-0.100452708069265	1.08526154658661	-0.0753582013451366	0.20931422959444	-0.112022196867726	-0.0761597870172209	-0.0280909825658726	-0.0687538869183712	-0.0441963968177976	"IS03"	1.08526154658661
"LIPC"	"LIPC"	-0.0181704917102515	-0.0340364373477141	1.04479441512415	-0.0409831367587978	0.208478882148986	0.0179659793232148	-0.146469530355839	0.0501151546609223	-0.0525372789848214	-0.0414893234974322	"IS03"	1.04479441512415
"SLC17A1"	"SLC17A1"	0.103678306941139	0.202071672298001	1.00115383298823	-0.0739218014162132	0.172151471074403	-0.125658647145375	-0.133437617155966	0.291790840166114	-0.184168755225239	0.00738636468174279	"IS03"	1.00115383298823
"ASGR2"	"ASGR2"	-0.0181420167383676	0.0114691280956464	0.960675409065511	0.231768216300415	0.155806317258228	0.198441883314384	-0.338428706652443	-0.027897111920774	-0.0468862485979614	-0.0835776720236669	"IS03"	0.960675409065511
"PON1"	"PON1"	-0.00782600804936893	-0.0648825268265324	0.950529019065097	-0.0764145099629913	0.218131213045253	-0.0720738879834504	-0.0818737975604431	0.109556976438098	-0.103068418497488	0.0298175236223617	"IS03"	0.950529019065097
"IGFBP1"	"IGFBP1"	-0.0115326172919107	-0.0801572740072389	0.916070714099446	-0.1457104963415	0.057125615642069	-0.0179262383650323	-0.168443501418546	-0.0904155448633389	0.405184177356409	-0.0157656963697773	"IS03"	0.916070714099446
"ANGPTL3"	"ANGPTL3"	-0.213578192331126	-0.206753779283158	0.894070465654584	-0.148778056770339	0.190410675141958	-0.0317615725573426	-0.230175723644453	0.344486686790205	-0.0222510573557764	0.581926783444338	"IS03"	0.894070465654584
"HPR"	"HPR"	0.215752089771998	0.758367479004955	0.889888543480169	-0.045764655886421	-0.0217790143798182	0.411723823023382	-0.458280796630876	0.0590781699901476	-0.354596211326311	0.037689148900349	"IS03"	0.889888543480169
"C9"	"C9"	-0.0455064324196034	-0.165553678660152	0.853666784659263	-0.0255897404854031	-0.026667029239924	-0.0710546851052468	-0.156059089158122	0.0262138588575244	0.116502861129033	0.227306758246852	"IS03"	0.853666784659263
"SERPINF2"	"SERPINF2"	0.271238232479239	0.113654459494858	0.840187206798369	0.048715121190062	0.547560664275356	0.033528541150818	-0.289158632808311	-0.023243229087132	-0.133679501203997	-0.0436496019078248	"IS03"	0.840187206798369
"HPD"	"HPD"	-0.0427249599691618	0.380367806409387	0.807922887906952	-0.0773130132589442	0.247895042084268	0.437880152608914	-0.491656874665431	0.333056160314004	-0.21918649059477	0.252088261931525	"IS03"	0.807922887906952
"UGT1A4"	"UGT1A4"	-0.122503747831379	-0.19086831954404	0.773535212269103	-0.116419042999299	0.104467815650569	-0.138224138226704	-0.0278631743253873	0.122352693281044	-0.196659091541457	0.386867137492719	"IS03"	0.773535212269103
"HP"	"HP"	0.0393192945232006	0.513909935858011	0.653154617099387	-0.045195769595507	-0.121116952320317	0.079761453757797	-0.161033151708645	-0.13140137892823	-0.0540748679399036	-0.107536217506784	"IS03"	0.653154617099387
"ACOT12"	"ACOT12"	-0.10015951105367	-0.0730875960824719	0.646524306904069	-0.10634021886202	-0.000421520977900773	0.00456717920006177	-0.20514843130598	0.443106542716691	-0.123448436866764	0.497616259494784	"IS03"	0.646524306904069
"CPN2"	"CPN2"	-0.14439445614934	-0.184737871124947	0.612112491495313	-0.100745560240877	0.137258014215935	0.481170375323737	-0.42158159407374	0.474042202220878	-0.0921108818607483	0.441740742386417	"IS03"	0.612112491495313
"CYP2E1"	"CYP2E1"	0.227864996183137	-0.12617368723982	0.534540303710628	-0.0891078630710375	0.140906381673444	-0.054236711297654	-0.188178406291638	0.042778792620853	-0.219063709398095	0.534079484074069	"IS03"	0.534540303710628
"RTP3"	"RTP3"	0.031088400375237	-0.162347503670621	0.463325453115651	0.169746321627216	0.146407516313751	-0.00482245207398954	-0.280098726933431	0.234790069088506	0.17176809430458	0.134168700934072	"IS03"	0.463325453115651
"KIR2DL4"	"KIR2DL4"	-0.319889473583614	-0.17212882899125	-0.174150882859794	1.61834147549459	-0.367370419308357	-0.206348348834206	-0.562275484391088	-0.0527392810179104	0.260982728018037	-0.0205985996258305	"IS04"	1.61834147549459
"PRF1"	"PRF1"	-0.260388957738201	0.343438799229247	-0.158029497684722	1.54790704533865	-0.32380568451311	0.160337545151933	-0.766349303100445	-0.165054907312658	0.132751113780895	-0.126535356084264	"IS04"	1.54790704533865
"ZNF683"	"ZNF683"	-0.0803389011538036	-0.0713203201292689	-0.198295222452801	1.50700731698263	-0.389081969405906	0.0605799589901641	-0.656060467342687	0.052469493295848	-0.0235866093355812	0.0418162630736838	"IS04"	1.50700731698263
"KIR3DL2"	"KIR3DL2"	-0.265147527750909	0.252565769980138	-0.138766750617352	1.47109552419884	-0.281871845287233	0.0394118487874802	-0.639217554738511	0.131678872109611	-0.0488042231972995	-0.0967636399171086	"IS04"	1.47109552419884
"CD7"	"CD7"	0.166776310818378	-0.241130768267974	0.0138469032780962	1.4350114197457	-0.124094624750306	0.174164680322917	-0.726966937310542	-0.125082971475417	0.0431276681884317	-0.0808544344754958	"IS04"	1.4350114197457
"GNLY"	"GNLY"	0.052994617055328	0.00531024067772538	-0.174363876780126	1.41085761186743	-0.391987160908126	-0.0435923918435847	-0.588567093030968	-0.148583324826531	0.233539301369627	-0.181867604984891	"IS04"	1.41085761186743
"KIR2DL3"	"KIR2DL3"	-0.300360141295935	0.354820903603815	-0.180515186839933	1.35824142375711	-0.252664945495883	0.0104874408410341	-0.585057111960104	0.070219642578025	0.0492416624194556	-0.162390035497086	"IS04"	1.35824142375711
"NCR1"	"NCR1"	-0.268062982238427	0.226845120895836	-0.0781544291181846	1.33293746310338	-0.0691822754213494	0.0589908139385721	-0.681781612981766	0.211370819718466	-0.0630025455675279	0.0617608407462521	"IS04"	1.33293746310338
"CD244"	"CD244"	-0.305110905328991	0.602283771607464	-0.0609913607599097	1.31826016636997	-0.28476816783389	0.263340663649416	-0.809985526236056	0.0218865527364298	-0.0101943733596915	0.0258838922342153	"IS04"	1.31826016636997
"KLRD1"	"KLRD1"	-0.197917091174574	0.257240694187692	-0.125721422890415	1.2795670485055	-0.247164184783649	0.219507350462564	-0.736890883465036	0.0345384747951676	0.0690891667093696	0.0334771159810077	"IS04"	1.2795670485055
"KIR3DL1"	"KIR3DL1"	-0.257595889240188	0.527300370725544	-0.104413324468559	1.2554014174728	-0.325528499405878	0.108088327430592	-0.590860469635368	-0.0476869979097193	-0.0507981866513499	-0.155746069487158	"IS04"	1.2554014174728
"CD247"	"CD247"	-0.0409758316365605	0.177998686960089	-0.0437948302269355	1.24824228267397	-0.278331948094141	0.214843740398909	-0.680016316878563	-0.0816254801300392	-0.0719768856553172	0.0238843268250537	"IS04"	1.24824228267397
"IL26"	"IL26"	-0.114519747142389	-0.03653045389594	-0.00450056088741109	1.03293532710054	-0.219261399947044	-0.0294819820745492	-0.417499623409074	0.179448062784525	-0.109199605281548	0.0304274843831597	"IS04"	1.03293532710054
"IL18BP"	"IL18BP"	-0.173746789176825	0.0764249272697178	-0.186852946015474	0.957165210445939	-0.177511253100873	0.150078010338776	-0.461473085049008	-0.0233675271158597	0.0147066306890507	-0.0205749450655137	"IS04"	0.957165210445939
"KIR3DL3"	"KIR3DL3"	-0.148186057658087	-0.144470359247606	-0.0480582463443824	0.919176107205686	-0.149265353961847	-0.18715463863075	-0.301686476680324	0.693144473358972	-0.0615604407234814	-0.0416862433511543	"IS04"	0.919176107205686
"CCL8"	"CCL8"	-0.309755624994384	0.0651130109355272	-0.149835862767706	0.77795161211898	-0.185875749704357	0.354124219490061	-0.550091854873864	-0.0714715664357584	0.614649604703754	-0.265330442220682	"IS04"	0.77795161211898
"TVP23A"	"TVP23A"	-0.025677781332895	0.0492360071838191	-0.13368939448781	0.605214138731588	0.214201999496091	0.274070030421674	-0.507844826796406	0.186773852164097	-0.0524623072793256	0.126262765588158	"IS04"	0.605214138731588
"CCL3L3"	"CCL3L3"	0.187447831615074	0.0636423995372855	0.011257032596081	0.576888853940329	-0.240535048373343	0.181169095846299	-0.457988545596724	0.00941161825781085	0.343998779718451	-0.15025818536122	"IS04"	0.576888853940329
"FCGR1A"	"FCGR1A"	0.00385174489906954	0.00243567213559858	-0.121175427097219	0.481819776727332	-0.0775893199079416	0.102932717022608	-0.228928816801917	0.0472896323838575	0.0716624126050656	-0.161020608573007	"IS04"	0.481819776727332
"FCER1G"	"FCER1G"	-0.129706574690066	0.318941405031802	-0.035614772749688	0.481692749293485	-0.170100021028523	0.0540334952965594	-0.216005411911564	-0.034912989614085	0.092391650518246	-0.239966258576027	"IS04"	0.481692749293485
"GNGT2"	"GNGT2"	-0.0974967331087861	0.274409290335485	-0.0173077363237848	0.3886354230711	-0.10965299890163	0.0225866271838323	-0.16121545589498	0.00330573567936779	0.0259857623885293	-0.199040495885268	"IS04"	0.3886354230711
"TMEM151A"	"TMEM151A"	0.160511694135756	-0.181384023998385	0.181468827149962	-0.126212995720238	1.46381120614027	-0.111216649433038	-0.123589138854516	-0.108966851354565	0.0533401365625839	-0.0641926588613629	"IS05"	1.46381120614027
"C1QL1"	"C1QL1"	0.018562511613474	-0.147648902651625	0.104333670555097	-0.165261820526514	1.27025146970651	0.138993374726407	-0.2060622210266	0.0127303730853001	0.13761661315288	-0.0599224530141548	"IS05"	1.27025146970651
"KCNH5"	"KCNH5"	0.0187886828525945	-0.0881934376959855	-0.003557528888524	-0.0841714641967207	1.25028343222433	0.0277310135570103	-0.270965335711544	0.462868408836162	0.0183202585390838	0.138884258691036	"IS05"	1.25028343222433
"GALNT9"	"GALNT9"	0.255723472397646	-0.079198915854827	-0.120633934694376	-0.0512784461745469	1.21167356976384	0.160162111115013	-0.284165825270859	0.0621505286852789	-0.127625503960481	0.119262021785494	"IS05"	1.21167356976384
"ISM2"	"ISM2"	-0.171853343007231	-0.210113340864893	0.0475736166386252	-0.107498732429977	1.19866400897452	0.0510658966352388	-0.16331431627652	0.221162770932387	0.0809814364901675	0.0696299746890293	"IS05"	1.19866400897452
"NPFFR2"	"NPFFR2"	-0.127137654428962	-0.0502625531448019	0.133887000003804	-0.033202115235526	1.0788504069049	-0.0613683672079366	-0.0864511346678272	0.0266266438983246	0.0362164812254975	-0.0976956190039564	"IS05"	1.0788504069049
"SMTNL2"	"SMTNL2"	0.0483899426270474	0.636401480243748	0.186242795184485	-0.224323483180841	1.04902690415581	0.319145536683087	-0.300088111540422	-0.0366216342460841	-0.141548226210396	-0.175868268548945	"IS05"	1.04902690415581
"FGF9"	"FGF9"	-0.137705229819937	0.371792269092238	0.0732401930253062	-0.160773092621292	1.01461697733682	0.24475041732577	-0.288936404554631	0.258227671068041	-0.136131368046803	0.0663973774868833	"IS05"	1.01461697733682
"FZD2"	"FZD2"	0.372308703957809	-0.230777551037794	-0.0370466203329028	-0.0184939555311922	0.997654277366525	0.372619327055303	-0.42974489063211	0.0644884827886082	0.205969465313107	-0.0378939085704246	"IS05"	0.997654277366525
"CARNS1"	"CARNS1"	-0.0196061356578045	0.152979750725598	-0.0354763615180102	-0.120811976278713	0.955858196270143	0.0765294627007794	-0.261568848935557	0.0305402459141031	-0.173200486490402	0.413869656110067	"IS05"	0.955858196270143
"P2RX6"	"P2RX6"	0.127498549424076	0.378453191828681	0.0871394208771675	-0.183879789640745	0.905125312882665	0.298025687598625	-0.429894314823543	0.0988903951317035	0.0785761376396411	0.131382268511966	"IS05"	0.905125312882665
"MMP24"	"MMP24"	-0.203172846330177	0.437269752346801	0.173892602473286	-0.215808879094903	0.904018168729169	0.423982432908229	-0.391940242085575	-0.0700010047122313	-0.0640038373708373	0.216370920830462	"IS05"	0.904018168729169
"SLC7A4"	"SLC7A4"	-0.051772396313292	-0.031306217768752	0.0722569902284693	-0.258728793349174	0.878681906030266	-0.0945211137821921	0.0391642377079464	-0.0972222671866316	-0.0813196656365516	0.10699133298717	"IS05"	0.878681906030266
"FBXO2"	"FBXO2"	0.516244384408566	-0.203838004467148	0.0261945788347503	-0.0521817716621703	0.778991409196437	-0.0538335053826893	-0.209166720168775	-0.129701206664835	0.366087550495211	-0.129020053965966	"IS05"	0.778991409196437
"INHBC"	"INHBC"	-0.245387471220472	-0.253393092252259	0.509874486709709	-0.132807535417917	0.745027111316853	-0.0980474183708013	-0.162379526119762	0.680261243274289	-0.136065368910562	0.433439955707952	"IS05"	0.745027111316853
"SLC22A7"	"SLC22A7"	0.0703512671725929	-0.118845984965905	0.707079409284809	-0.0429712630533103	0.744920053366884	-0.0759999043266349	-0.204727021427243	0.298587512036002	-0.169627566526434	0.178683927498127	"IS05"	0.744920053366884
"BTN1A1"	"BTN1A1"	-0.260120383965036	0.0170618383275863	0.0474647133715342	0.677000518681561	0.723514033458515	0.163407775735883	-0.478502704524541	0.230894242026597	-0.248544543012105	0.134489825511229	"IS05"	0.723514033458515
"CCDC64"	"CCDC64"	-0.119766586056925	-0.393594508331402	0.242291040588812	0.130018080101842	0.673453699999357	-0.330464007463638	-0.0956946551942153	0.061782386406775	-0.218242002544457	0.647127664322107	"IS05"	0.673453699999357
"MAT1A"	"MAT1A"	-0.0818799038293246	-0.0812491346910477	0.358980371518764	-0.0514106297790507	0.669005100502538	-0.113859551051443	-0.00299363452990243	-0.0842701747867894	-0.102084032833226	0.00971581871255017	"IS05"	0.669005100502538
"CRB1"	"CRB1"	-0.220089083120649	0.37745347731086	-0.0572908658982471	-0.0115525696909409	0.615717991612624	0.186867585930224	-0.262903718526005	0.36011017360055	-0.100631135313303	0.0914600783414763	"IS05"	0.615717991612624
"DCDC2"	"DCDC2"	-0.199643836956527	0.600459963600381	0.206535447178894	-0.208764714330982	0.610158438629864	0.0256765124027804	-0.168160670901555	0.0232835463304288	-0.124120565658219	0.177244563459637	"IS05"	0.610158438629864
"CRB2"	"CRB2"	-0.128347944507226	0.035788402622589	-0.038588782678453	0.167848364614734	0.507057742898804	0.294348905200107	-0.323116626317247	0.221663527219455	-0.178729253158163	0.189049109228009	"IS05"	0.507057742898804
"CLDN15"	"CLDN15"	0.447629333638678	-0.0756480428586404	0.136060180795896	0.0673151067227309	0.485984019052674	0.251353164680632	-0.396448234557094	-0.00503874189903463	-0.300729501390101	0.404484869072587	"IS05"	0.485984019052674
"ASIP"	"ASIP"	0.406719214458155	-0.196568061432983	0.109902360779472	0.082192634390994	0.474583456561552	0.413527124924075	-0.420120915669874	0.324222014424276	-0.0774847066372017	0.0440140751495354	"IS05"	0.474583456561552
"MEDAG"	"MEDAG"	-0.253813656480129	0.162092401989298	-0.172688898761548	-0.115153227182325	-0.106182173620634	1.4235810987656	-0.50870279311812	-0.207877902148398	0.0574226929117896	-0.226355070564521	"IS06"	1.4235810987656
"CCDC80"	"CCDC80"	-0.143297153614274	0.0745189464029044	-0.224159867272084	0.00862689863568636	-0.200461093596874	1.35547447822959	-0.56061378361642	-0.187069111295848	0.0369073336775	-0.0956932056512182	"IS06"	1.35547447822959
"GAS1"	"GAS1"	-0.303115437157901	0.0135631879646629	-0.235974460802739	-0.0447394071197207	-0.0531563514987312	1.32982930783453	-0.552585836524909	-0.0397667064734832	0.235811628222308	-0.156105957179499	"IS06"	1.32982930783453
"GFPT2"	"GFPT2"	-0.348125780234203	-0.0478611279680249	-0.262970274567092	0.162871446614685	-0.016952059176367	1.26513253679397	-0.685731558700678	-0.125111882520119	0.619241315187233	-0.239129752809237	"IS06"	1.26513253679397
"CPXM1"	"CPXM1"	0.209847919576231	-0.266283268449546	-0.248053643367533	-0.0396771888667416	0.236663498668711	1.18264441566151	-0.556665207713042	-0.0401785103533901	0.0377990341822724	-0.0364191545691451	"IS06"	1.18264441566151
"C1R"	"C1R"	-0.285891676792943	0.0677777915592372	-0.0556548661234004	0.477710636422817	-0.223764529967653	1.13710085852059	-0.765569565533638	-0.0719496540461711	0.359910492083657	-0.162251084197904	"IS06"	1.13710085852059
"RARRES2"	"RARRES2"	0.190339800240105	0.487661602594447	-0.0510401857295544	-0.0341424058151359	-0.0796232031310634	1.1091333086351	-0.567994962181325	-0.164583836216562	-0.0414437988192978	-0.227728978602943	"IS06"	1.1091333086351
"HSPB2.C11orf52"	"HSPB2.C11orf52"	-0.156144853048766	1.07636738277015	-0.169212241069519	-0.210264712400694	-0.072770116768704	1.08231857392298	-0.513206986261311	-0.0968681189806247	-0.0739298200662178	-0.217085740964182	"IS06"	1.08231857392298
"PCDHGA12"	"PCDHGA12"	-0.494943993108308	0.311140733528486	-0.155753029603296	-0.0445663786873395	-0.0596983818656599	1.0807086873773	-0.450893675103706	-0.1364156999041	0.111065347274245	-0.0529234831903164	"IS06"	1.0807086873773
"LIMS3L"	"LIMS3L"	-0.18957437223263	0.2870342512905	-0.0435443079570958	-0.155556621965317	-0.050428408820073	1.00603456202704	-0.480426066539787	0.0577534826248588	0.204777866963164	-0.0987945933867402	"IS06"	1.00603456202704
"AQP1"	"AQP1"	-0.148455394937938	0.899159788154022	-0.163171108847803	-0.0967296285060174	-0.163681202723924	0.959375500985118	-0.419697216681639	-0.176905392935441	-0.317537515856157	-0.0590735988595179	"IS06"	0.959375500985118
"HAS1"	"HAS1"	-0.0781509401882293	0.252371169336498	-0.1457924067575	-0.1026835843925	-0.0778658648286678	0.94077345913306	-0.363605629303641	-0.0849014318202361	0.0367246428879667	-0.190932956407994	"IS06"	0.94077345913306
"GYPC"	"GYPC"	0.0772491731161996	0.879039099820263	-0.28108321094831	0.259682080535791	-0.130663708416168	0.938170245926571	-0.597906718304564	-0.0788579598640161	-0.236588233472849	-0.221264223836956	"IS06"	0.938170245926571
"ELFN1"	"ELFN1"	0.203887916515301	-0.217033808502865	0.00490704256712584	-0.122896740422807	0.395128935402107	0.933878044613649	-0.500160731312281	0.00519307871246404	0.0557714679931137	0.0251636814170141	"IS06"	0.933878044613649
"SH2D3C"	"SH2D3C"	-0.0645902006956641	0.838251623271168	-0.0958416153412455	0.398958431304846	-0.0836691818412789	0.929791438766353	-0.742065744166821	0.0852174886433202	-0.287241288354392	0.00505608155212643	"IS06"	0.929791438766353
"EFEMP1"	"EFEMP1"	-0.409829699625601	0.743360858480316	-0.140104423757383	-0.0920497915932497	0.0807792016279093	0.904249314503102	-0.528825149065566	-0.113072227342219	0.22342847595339	-0.053682906589909	"IS06"	0.904249314503102
"SERPING1"	"SERPING1"	-0.083007521214315	0.549196514149989	-0.137635870357978	0.498688821128903	-0.163617380936185	0.859324334357187	-0.738749359896943	-0.112266443618103	0.230225047096889	-0.190245475263415	"IS06"	0.859324334357187
"C1S"	"C1S"	-0.287161557865266	0.125956028711991	-0.0499177956266943	0.485788676912633	-0.181914102866775	0.849193116065765	-0.699277839238655	0.0217097912788338	0.351363542458901	-0.0398534398541738	"IS06"	0.849193116065765
"GPR1"	"GPR1"	-0.293684037300269	-0.259417444324029	-0.246331007322932	-0.0564785627163322	-0.0255499576828039	0.799074844079056	-0.346577748874127	-0.0498316815103307	0.619178803208793	-0.150343167400568	"IS06"	0.799074844079056
"CCDC184"	"CCDC184"	0.102050266659335	0.0573410458919397	0.00582370479450718	-0.188218959402488	0.626841987859706	0.754353587743703	-0.404855587602192	0.0408160446747956	-0.179687461460042	0.0826888055028932	"IS06"	0.754353587743703
"NNMT"	"NNMT"	0.154388303743131	0.161944242291275	-0.0305268057224693	0.25681514303948	-0.335879031359396	0.753703404240397	-0.556915053815707	-0.101732478473293	0.463487736124616	-0.294607149419344	"IS06"	0.753703404240397
"MGARP"	"MGARP"	-0.10619286644114	0.150142396060021	-0.0902843709052076	-0.202013408963515	0.535969172624545	0.741041367126645	-0.351344110864625	0.163146752243799	-0.0779613118547419	-0.00402082611277167	"IS06"	0.741041367126645
"FOXS1"	"FOXS1"	0.640885592104874	-0.0752904663968192	0.0230937582381993	-0.0281493852453554	0.00976974149943589	0.670207422872865	-0.406293372798476	0.227987785115084	-0.135547446877927	-0.0999596850254807	"IS06"	0.670207422872865
"PRG4"	"PRG4"	-0.136270616288709	0.318496746047345	0.0656782798045721	-0.0812376358780265	0.0521713017197667	0.628862536812773	-0.263414082399751	-0.0344661050311038	-0.100920064852086	-0.109526968177568	"IS06"	0.628862536812773
"C3"	"C3"	0.452740803024093	0.344971421347915	0.0713728661038994	0.369824307226523	-0.220310645604013	0.623231447833094	-0.574056965105053	-0.190303859231212	-0.0223358001536639	-0.157442324172068	"IS06"	0.623231447833094
"PROCR"	"PROCR"	0.0525390243081684	0.0098593193345834	0.0801881510780647	-0.137289754856361	0.262637369801142	0.618511583229041	-0.377112462157114	-0.142071363033539	0.323716786071325	-0.0791850842535656	"IS06"	0.618511583229041
"TNFRSF8"	"TNFRSF8"	0.0643918008695809	0.24566562890461	-0.0475323580631489	0.487368653347484	0.0484359446771607	0.577989773388855	-0.652449594589475	0.118138381590569	0.121194269052195	-0.0250617594356891	"IS06"	0.577989773388855
"BDKRB1"	"BDKRB1"	-0.14132361974683	-0.114893906174421	-0.0581221792284216	-0.0796305440235186	-0.0332254846358187	0.565188771443977	-0.373475572131871	0.0355131286673759	0.343365211932577	0.225515932317309	"IS06"	0.565188771443977
"IFFO1"	"IFFO1"	0.149394509755504	0.0565180836573946	0.0165224428592382	0.198269726669068	-0.0621110766763837	0.544457541723296	-0.406647681329282	-0.0442949667910878	0.0277092135272445	-0.0306397041716038	"IS06"	0.544457541723296
"ADGRG3"	"ADGRG3"	-0.0527725513221602	0.33880570200083	-0.0708502936921091	0.415012702121961	-0.168482521720137	0.539060249232909	-0.738247056574853	-0.00565079552455082	0.533838984868043	0.140495651470356	"IS06"	0.539060249232909
"UBAC1"	"UBAC1"	-0.114948300252249	0.0583652766842164	-0.0234844730150038	-0.0373619811428842	-0.00061619193600784	0.0948134242137763	-0.0464599314752529	0.00239099731352751	-0.00291115428869356	0.0920952458833613	"IS06"	0.0948134242137763
"PRAMEF9"	"PRAMEF9"	-0.0190680215271145	-0.0924790844103016	-0.0661344683601695	-0.0459678388090592	-0.0763281929076876	-0.0983894939322302	-0.124649648188575	2.56556148582774	-0.0891549140898053	-0.0657237721648558	"IS08"	2.56556148582774
"PRAMEF25"	"PRAMEF25"	0.0583285579859974	-0.0936759114897864	-0.0750239934793522	-0.043608682699483	-0.0138518830321417	-0.0771091005088691	-0.139504344473087	2.42847619572585	-0.0870369045943311	-0.0882312361786446	"IS08"	2.42847619572585
"OR52A1"	"OR52A1"	0.0400622282036415	-0.0640281497977016	-0.0548149342937663	-0.0974361237529357	-0.0507316835487825	-0.0635827493309485	-0.13144451693745	2.39464760454303	-0.102888943826396	-0.0321664468649344	"IS08"	2.39464760454303
"PRAMEF27"	"PRAMEF27"	-0.000981674315630879	-0.0734409142197953	-0.0428742628957623	0.00953851238516618	-0.092218871588253	-0.0629997979154536	-0.0945740660398678	1.83360032025137	-0.0723370452804138	-0.0790873145866299	"IS08"	1.83360032025137
"OPN1MW2"	"OPN1MW2"	-0.0642845383529709	-0.0727285209854367	-0.066167116050594	-0.0689328394603005	-0.094078978561671	0.0810794153221781	-0.115371043898583	1.76057651097612	-0.0470533932678339	-0.0645498276425269	"IS08"	1.76057651097612
"NEUROG1"	"NEUROG1"	-0.0665042301427226	-0.148897990020848	-0.0907943084377404	-0.0055038897856897	0.449775182611094	-0.09928407487823	-0.0865491642394226	1.38735969683036	-0.129544681582059	0.033914307817406	"IS08"	1.38735969683036
"OR4N2"	"OR4N2"	0.0591046497559802	0.0240056981288574	-0.0837658575393666	-0.0154773375028364	0.153891853268042	0.0123554539710401	-0.1515864862553	1.30401210818746	-0.0683130034197532	-0.0239373601836433	"IS08"	1.30401210818746
"DDI1"	"DDI1"	0.0348624927700466	0.0203077886442583	0.0178283608009803	-0.0381200351463944	0.0813829429440866	0.0310933500301954	-0.146408762890346	1.28240431419741	-0.0673949675069919	-0.0204786709470554	"IS08"	1.28240431419741
"DAO"	"DAO"	-0.0837214219584528	0.672021091769883	0.497356065749795	0.105499137593982	0.133207371190189	0.0536686331512252	-0.370859217425775	1.08130483711558	-0.117894061804583	-0.104476879350998	"IS08"	1.08130483711558
"GDF2"	"GDF2"	-0.00022993037053708	0.454663421284878	0.282908332497362	-0.115565400246215	-0.00712530297871242	0.0294076104104474	-0.161779613843464	1.05522657778472	-0.108911210567771	-0.0997147612651713	"IS08"	1.05522657778472
"GDF5OS"	"GDF5OS"	0.195352352366625	0.0510394176180469	-0.00241664279809302	-0.0745872535320995	0.315457246898359	0.13719709179654	-0.416965976101477	0.897422481478559	-0.117590628109544	0.562817498776158	"IS08"	0.897422481478559
"DPYS"	"DPYS"	-0.0668726603910249	0.0240352830349544	0.505895673005783	0.0339479602469553	0.187558114886144	0.296889812336938	-0.298222432491973	0.59071298483383	-0.042051002340132	-0.0632369564023846	"IS08"	0.59071298483383
"AC064829.1"	"AC064829.1"	0.114725267392927	0.00402465071841869	-0.0794192204387283	-0.0377660150065625	0.40123340312733	-0.0331416552515691	-0.0881860734220861	0.4695852231152	-0.0815667713244902	0.0397376262680517	"IS08"	0.4695852231152
"C20orf141"	"C20orf141"	-0.051026607639386	-0.457869917577418	-0.198573462681294	0.268732959214922	-0.111578948126274	0.273527991084994	-0.394864009450792	0.298687622741092	1.07272531367193	-0.260972795653096	"IS09"	1.07272531367193
"RP5.860F19.8"	"RP5.860F19.8"	-0.00350639761474942	-0.180406155502327	-0.111168803014259	0.0976527719428299	-0.0265334241297853	-0.0438649629599492	-0.224955535838565	0.0285694834582358	1.0063268525323	-0.200545163428953	"IS09"	1.0063268525323
"CPA4"	"CPA4"	-0.121373023084104	-0.220523010533796	-0.0362088034054335	0.022389477548728	0.190395861904637	-0.00449514036013219	-0.2634222454146	0.0196899685243272	0.985621389411007	-0.0553782003157836	"IS09"	0.985621389411007
"CCL7"	"CCL7"	-0.228146626051964	-0.378937024092022	-0.171035444309287	0.616572225312941	-0.173627401971262	0.209891104001738	-0.389809291093404	0.0302630641792631	0.900461775995769	-0.333491730319013	"IS09"	0.900461775995769
"LETM2"	"LETM2"	-0.0918420511691906	-0.237345555355223	-0.0216655273893926	-0.15793276896842	0.317197878387912	-0.0328631193361576	-0.213779334450267	0.0155423075645537	0.864971868489151	0.129122009125774	"IS09"	0.864971868489151
"KRT9"	"KRT9"	-0.000192651341061399	-0.196455459147141	-0.144995459852032	-0.0928122788569669	0.163541150006153	-0.0950359301406869	-0.13378895478965	0.0676070351544025	0.818168560764735	-0.0276152301867146	"IS09"	0.818168560764735
"ARL14EPL"	"ARL14EPL"	-0.0790020440027055	0.183899927646436	-0.0659141592793613	0.241616328428339	0.139757091893655	-0.0958431307328635	-0.352519715220189	0.0192370834280146	0.755600610894854	-0.0315122335292982	"IS09"	0.755600610894854
"IFNK"	"IFNK"	-0.185759904553575	0.103603433997947	-0.116690717745148	-0.0162395451204646	-0.161561026570836	-0.0318203991194689	-0.301850575292621	0.410876420243425	0.751073503939523	0.240990207076231	"IS09"	0.751073503939523
"ALPP"	"ALPP"	-0.0117022192616291	0.0046758842505551	-0.0353811212496687	0.00718065770409027	0.177976761200293	-0.0953965049162298	-0.198205652507755	0.006977959633049	0.71607924197961	-0.0520555922473408	"IS09"	0.71607924197961
"XDH"	"XDH"	-0.277644223371938	-0.232112062522863	0.0801524143300823	0.100397163235081	-0.248225688671179	-0.0833410518858908	-0.16057386203118	-0.177242106947045	0.71587806719711	0.226571450990065	"IS09"	0.71587806719711
"AQP9"	"AQP9"	-0.234750941126166	0.437474419272325	-0.0111041025013311	0.185471426796269	-0.115541192791019	0.1983316986152	-0.328341525817454	-0.0824832362051186	0.601884196149494	-0.230165097963918	"IS09"	0.601884196149494
"IFNE"	"IFNE"	-0.0146288013615969	-0.217831122059214	-0.0746055301532901	0.0676723975685544	-0.0365990126298116	-0.00850529383911315	-0.319067605004177	-0.0906771963086374	0.557854237535822	0.506368212622961	"IS09"	0.557854237535822
"KRT86"	"KRT86"	0.0506889450340289	-0.12055023795189	-0.0939695185872558	0.108129105624428	0.130002281708126	-0.0245804816557468	-0.246614755382868	0.0987229197852717	0.520418903271982	0.0835153043815292	"IS09"	0.520418903271982
"OLAH"	"OLAH"	-0.00480793277347405	0.138981401519461	0.0690000703387772	-0.0723121831381791	0.0616398612268991	-0.0260313272447762	-0.219393560515437	0.198032599809298	0.50733942406127	0.0585706541709291	"IS09"	0.50733942406127
"SERPINB12"	"SERPINB12"	-0.126112668213844	-0.0785443306224204	-0.026252671428649	-0.0593396128232516	-0.0592139530121141	-0.0333806966535754	-0.0651618220898518	0.102750672658083	0.473613172983082	0.00878557659877019	"IS09"	0.473613172983082
"PAEP"	"PAEP"	0.0926155967865748	-0.133797366025083	-0.0785374827695088	0.0350176942196821	0.0825976633373677	-0.0179935025466243	-0.139695088082232	0.131294530533794	0.462306933501246	-0.0777613140225295	"IS09"	0.462306933501246
"SLC12A8"	"SLC12A8"	-0.27644111926847	-0.38876994627771	-0.0749587210858844	0.0682391923939229	-0.0851571669453044	0.206563959980813	-0.179316128284772	0.0697804709198386	0.372757736755496	0.251699414413833	"IS09"	0.372757736755496
"CTD.2287O16.3"	"CTD.2287O16.3"	-0.0428311484903034	0.0420321689648238	-0.0247338200933331	0.132694851687804	-0.09066609126308	-0.00726650996810569	-0.187418154016368	0.0582147079582094	0.320442581779367	0.0813405253344835	"IS09"	0.320442581779367
"CD14"	"CD14"	0.0233329853694478	-0.00470241666610056	-0.139319027415487	0.0994632010202715	0.0761813109053554	0.0574805527238889	-0.144826370749119	0.0867517271073037	0.196327189196856	-0.0108675961248398	"IS09"	0.196327189196856
"CYP2C9"	"CYP2C9"	-0.186514496499516	-0.0401790444031192	0.750364896987709	-0.112020458394922	-0.0743974578581347	-0.144741417544939	-0.16144627560798	0.153894159910027	-0.281923712507714	0.846359260720349	"IS10"	0.846359260720349
"CD300LD"	"CD300LD"	-0.0447948451359594	-0.00250790474549692	-0.0841793513552931	0.0634528246283371	0.320333194233272	-0.0164252042488447	-0.368636485313472	0.677428530973691	-0.15789336360707	0.783338771143168	"IS10"	0.783338771143168
"CYP2C8"	"CYP2C8"	0.18585721206715	0.0556087733289531	0.510479056139572	-0.185602020308265	0.156901590346953	-0.125828254680928	-0.20386778908988	0.0797630501292078	-0.209761603514355	0.692203052687055	"IS10"	0.692203052687055
"FAM153B"	"FAM153B"	0.0548965988008673	0.0475463502815233	-0.0456386637767871	-0.060430275660546	0.511674502508979	0.00525905751900145	-0.323723535233063	0.578917092103577	-0.221036483739905	0.689191989627759	"IS10"	0.689191989627759
"NRG4"	"NRG4"	-0.0779399065837052	-0.084894555572474	-0.090982267838154	-0.0445911466885828	0.0607474173463912	-0.102089112934087	-0.171897300400383	0.263808281820805	0.0199427100084162	0.675747058474199	"IS10"	0.675747058474199
"RIMKLB"	"RIMKLB"	0.215126251740124	0.119656653892134	-0.0606593795811689	-0.132215250698708	0.40360522140557	0.309963600674374	-0.525636823706637	0.142349891060708	0.112385190904893	0.656595159381559	"IS10"	0.656595159381559
"PLG"	"PLG"	-0.43261939861835	0.418135621624887	0.442828160186037	-0.0653729036007173	0.192358173301643	0.38424477603878	-0.504772408491171	0.328027437360213	-0.0708142838613207	0.612007668935122	"IS10"	0.612007668935122
"SLCO1B1"	"SLCO1B1"	-0.0032173573689138	-0.163882918309846	0.480256198769102	-0.0707484808484133	-0.0851957778029381	-0.107152689460027	-0.129085038799465	0.0576118234026004	-0.00889841169531502	0.521534194588245	"IS10"	0.521534194588245
"METTL25"	"METTL25"	0.198097260650427	0.218424557116428	0.0851271280902545	0.0484640786106027	0.0549511847058733	0.178234948660559	-0.282124915431441	0.155003700363246	-0.474965103359414	0.503368132393989	"IS10"	0.503368132393989
