"IS01"	"IS02"	"IS03"	"IS04"	"IS05"	"IS06"	"IS07"	"IS08"	"IS09"	"IS10"
"NNMT__pos"	28.3988892944982	18.9135887400142	4.64880291473192	26.335869980013	2.22044604925031e-16	84.7186645615299	10.9186530615614	2.22044604925031e-16	56.623786363151	2.22044604925031e-16
"PLG__pos"	2.22044604925031e-16	39.0723759749191	22.5566402718638	7.23713122897778	10.8766315921505	39.3547978284862	8.47486953703835	8.07585955401098	15.3659849229501	101.824869563961
"CFP__pos"	39.5990241993194	65.5274752664484	3.06111734466621	55.449479361913	2.22044604925031e-16	44.0928838405867	4.59391182786815	2.22044604925031e-16	2.22044604925031e-16	14.7392928018423
"ITLN1__pos"	2.22044604925031e-16	156.126633878229	5.00788288775701	3.12386081146064	25.5527578517303	2.22044604925031e-16	4.16801526809097	2.74374783851375	2.22044604925031e-16	6.96871250447847e-05
"HPD__pos"	10.1479329004545	26.6131394363907	55.9436089592032	8.9803771801879	51.5791241556426	48.4967098630129	1.78312307005967	20.8535511170291	2.0119588764371e-07	33.999020067038
"C1S__pos"	2.22044604925031e-16	3.10208230564843	6.36261949502573	46.7508156372622	2.22044604925031e-16	96.490157547482	0.00102300636578118	4.04599973376141	27.1179432063062	11.0097293886343
"SERPING1__pos"	3.83647667409448	32.9160166244239	2.57042812044253	55.369262981906	2.22044604925031e-16	105.876906205595	2.22044604925031e-16	2.22044604925031e-16	24.1076077121708	2.22044604925031e-16
"FCER1G__pos"	12.1379618714544	39.3864888116319	3.13582338762731	71.9777801842176	2.32110538578834e-08	19.6034973333628	31.4256611889531	1.5955134315397	25.4863812180883	2.22044604925031e-16
"C1R__pos"	2.22044604925031e-16	1.53959772053277	2.06539796410917	52.9755360879733	2.22044604925031e-16	128.546856469532	2.22044604925031e-16	2.22044604925031e-16	34.4727564692433	2.22044604925031e-16
"UPK3B__pos"	28.6079659770618	68.5491976366076	0.402052916902718	2.22044604925031e-16	10.2561045542403	2.22044604925031e-16	3.28746980199021	3.04380596545298	53.4878940722143	31.8071793166304
"CCDC80__pos"	2.22044604925031e-16	2.22044604925031e-16	2.22044604925031e-16	10.7175615148047	2.22044604925031e-16	202.190118487402	2.22044604925031e-16	2.22044604925031e-16	8.45308414686568	2.22044604925031e-16
"AQP1__pos"	5.91949293886931	88.7044350736716	2.22044604925031e-16	9.87254500183051	0.090972542153849	108.484026030462	11.7791962408641	2.22044604925031e-16	2.22044604925031e-16	12.630562808855
"ITLN2__pos"	2.22044604925031e-16	136.046209826238	1.64829805756448	2.22044604925031e-16	40.8225874985997	2.22044604925031e-16	2.22044604925031e-16	8.3668264937324	2.22044604925031e-16	0.0059789708943553
"GC__pos"	2.22044604925031e-16	2.22044604925031e-16	112.710143471018	2.22044604925031e-16	2.22044604925031e-16	2.22044604925031e-16	2.22044604925031e-16	2.22044604925031e-16	2.22044604925031e-16	2.22044604925031e-16
"DOCK11__pos"	9.64469114964998	56.1395454501206	0.604498354389826	34.4760479902544	17.4664987385843	68.5027191545455	10.316074055523	10.6230519872518	5.99931235998039	2.22044604925031e-16
"CCL7__pos"	2.22044604925031e-16	2.22044604925031e-16	2.22044604925031e-16	56.75086550661	2.22044604925031e-16	19.400326714853	1.90518308981251	2.22044604925031e-16	161.51275277635	2.22044604925031e-16
"GALNT9__pos"	20.7777823188593	2.22044604925031e-16	5.27205453117225e-07	4.57023333450126	150.808125680143	5.35508515403712	2.22044604925031e-16	2.64137386937303	2.22044604925031e-16	0.000203941978945673
"METTL25__pos"	26.5579301170073	16.5738344491182	3.90763690817395	20.9838997697109	13.5160689825594	18.8748074447256	27.4483487487169	10.0179079637966	2.22044604925031e-16	88.4000759034489
"CLDN5__pos"	47.5225772274658	89.4996690385846	0.530898163422482	0.10547969350977	2.22044604925031e-16	99.6626609169419	0.38394833698837	3.89797339096818	2.22044604925031e-16	0.00771167907319909
"SLC7A4__pos"	2.22044604925031e-16	4.23523417515519	2.22044604925031e-16	2.22044604925031e-16	145.124340961561	2.071105068302	42.6769535267072	2.22044604925031e-16	0.329208217770037	9.02674259426069
"G6PC__pos"	0.506378491428598	1.64379080085602	100.793181797925	2.22044604925031e-16	2.22044604925031e-16	5.49054752019016e-06	2.22044604925031e-16	14.5496598198891	2.22044604925031e-16	47.2571379659418
"APOC3__pos"	2.22044604925031e-16	2.22044604925031e-16	88.7009123147206	2.22044604925031e-16	2.22044604925031e-16	2.22044604925031e-16	2.22044604925031e-16	2.22044604925031e-16	2.22044604925031e-16	2.22044604925031e-16
"PDIA2__pos"	176.432192360994	2.22044604925031e-16	1.10967855590083	2.22044604925031e-16	6.75503833508585	2.22044604925031e-16	2.22044604925031e-16	2.22044604925031e-16	2.22044604925031e-16	2.22044604925031e-16
"CD7__pos"	16.7827655342887	2.22044604925031e-16	3.09347816785767	179.437054028189	1.08910420799291	8.85473120010387	2.22044604925031e-16	2.22044604925031e-16	2.22044604925031e-16	2.22044604925031e-16
"GFPT2__pos"	2.22044604925031e-16	2.22044604925031e-16	2.22044604925031e-16	3.1253376403804	2.22044604925031e-16	143.834591371704	2.22044604925031e-16	2.22044604925031e-16	60.8345709320477	2.22044604925031e-16
"CCL3L3__pos"	44.5981364203788	20.3316700916715	0.53567441651882	71.2317796487757	2.22044604925031e-16	23.7829556202301	4.54337618341028	2.22044604925031e-16	52.6300240454489	2.22044604925031e-16
"IGFBP1__pos"	2.22044604925031e-16	2.22044604925031e-16	73.6131257753914	2.22044604925031e-16	7.35490694175089	3.01702133013716	2.22044604925031e-16	2.22044604925031e-16	57.7451268280353	0.0462543433677281
"CD244__pos"	2.22044604925031e-16	49.6107997443223	2.22044604925031e-16	152.016246344921	2.22044604925031e-16	8.21792075082531	2.22044604925031e-16	1.7066352929654	2.22044604925031e-16	2.22044604925031e-16
"SLC22A1__pos"	102.520391869321	1.64208300956263	18.5968810917303	2.22044604925031e-16	1.20484928929517e-10	2.38598921491031	1.3667424202535	7.83204335171496	58.853109617417	63.7668402989644
"RARRES2__pos"	38.2328826696001	24.2751193595221	1.30238235482046	3.66443050814482	2.22044604925031e-16	143.192440362933	2.22044604925031e-16	2.22044604925031e-16	3.49327145042929e-11	2.22044604925031e-16
"PRG4__pos"	2.22044604925031e-16	11.2038286020261	6.39764842793296	2.22044604925031e-16	2.22044604925031e-16	76.5885679588267	2.22044604925031e-16	0.603159849781371	2.22044604925031e-16	2.22044604925031e-16
"OTUD1__pos"	2.22044604925031e-16	79.9348517059316	2.22044604925031e-16	0.211121663511789	10.8327059442022	36.6232993117626	3.70472389250341e-06	2.22044604925031e-16	65.0221893570575	54.0923489727066
"HBG2__pos"	31.1608447434532	135.866407791176	5.43014325064341	2.22044604925031e-16	2.10411117961686e-07	17.3735714677747	7.40399318242259	26.2222458162617	14.1932142011992	44.8693975869604
"PRX__pos"	3.80531403811547	92.7789539166331	2.22044604925031e-16	2.22044604925031e-16	58.1733268752976	56.0650841266298	2.22044604925031e-16	2.56244898148572	2.22044604925031e-16	25.5285811171767
"GYPC__pos"	13.9544983383875	60.4119227554455	2.22044604925031e-16	29.9534806109567	2.22044604925031e-16	99.5883017901335	2.22044604925031e-16	2.22044604925031e-16	2.22044604925031e-16	2.22044604925031e-16
"XDH__pos"	2.22044604925031e-16	1.98865481234957e-12	0.952568748260751	17.2986572538133	2.22044604925031e-16	9.98173058357181	24.0498136165	2.22044604925031e-16	110.281035385364	74.582654300412
"CPB2__pos"	2.22044604925031e-16	70.8502079780403	107.502681988303	2.22044604925031e-16	40.7024985142885	2.22044604925031e-16	3.09287822615548	10.5519385481836	4.78997926561651e-10	8.02935882198189
"RTKN2__pos"	2.22044604925031e-16	59.1232170766977	2.22044604925031e-16	21.9065550729107	22.6576344919958	2.22044604925031e-16	30.3933324515238	9.36004152588564	40.0850620124111	52.0999598411996
"MBL2__pos"	2.22044604925031e-16	2.22044604925031e-16	97.2533470519564	20.6664812589708	2.22044604925031e-16	32.7334561706721	3.91646626065953	21.3351955590002	9.89502305529233	2.62741744592863e-07
"RXFP1__pos"	2.22044604925031e-16	67.7802655674748	3.43202906231689	5.72152426296455	13.8003557286225	19.6185884852444	2.22044604925031e-16	25.0725971791373	58.2605898401214	56.8899070129574
"PGM1__pos"	2.22044604925031e-16	59.0496249308495	2.67311477797878	9.511436246714	32.5332618855104	26.5376972443107	19.6326425663349	2.22044604925031e-16	75.2064115203295	13.7057723609983
"BDKRB1__pos"	3.26779891215812	2.22044604925031e-16	2.98262173717023	3.52788874028638	2.22044604925031e-16	65.9346194142986	23.9385945096642	2.02274029780186	61.4548128105436	56.2274710884239
"NPFF__pos"	251.142994890773	7.34073295258053	2.22044604925031e-16	2.22044604925031e-16	2.22044604925031e-16	2.22044604925031e-16	2.22044604925031e-16	2.22044604925031e-16	2.22044604925031e-16	2.22044604925031e-16
"CARNS1__pos"	0.525586787875121	4.05289952504195	2.22044604925031e-16	2.22044604925031e-16	128.78233290353	6.63334802985329	2.22044604925031e-16	2.22044604925031e-16	2.22044604925031e-16	50.9309235670057
"ADGRG3__pos"	4.3270620306112	29.9630673262564	0.946674565937987	36.9738501818055	2.22044604925031e-16	52.2920222325094	2.22044604925031e-16	2.22044604925031e-16	83.8684500865967	27.696166498634
"KRT9__pos"	2.22044604925031e-16	2.22044604925031e-16	2.22044604925031e-16	2.22044604925031e-16	5.11719948914444	2.22044604925031e-16	2.22044604925031e-16	8.98650079724988	155.711231397367	11.1626839804847
"HAO1__pos"	2.22044604925031e-16	2.22044604925031e-16	139.904771563837	1.33814255540992	2.22044604925031e-16	2.22044604925031e-16	2.22044604925031e-16	6.6171331279428	45.0736578612174	2.22044604925031e-16
"C3__pos"	63.8651025627045	24.0879567445561	10.2354504765909	48.5764479855485	2.22044604925031e-16	64.9968124200307	2.22044604925031e-16	2.22044604925031e-16	0.720517462460795	2.22044604925031e-16
"UTF1__pos"	119.814035505579	17.3955828493068	2.22044604925031e-16	29.2581380505279	2.22044604925031e-16	37.9567650194602	2.22044604925031e-16	3.9004433286504	2.22044604925031e-16	2.22044604925031e-16
"SPHAR__pos"	77.1119138552796	2.22044604925031e-16	2.22044604925031e-16	2.22044604925031e-16	2.22044604925031e-16	2.22044604925031e-16	2.22044604925031e-16	2.22044604925031e-16	2.22044604925031e-16	2.22044604925031e-16
"AQP9__pos"	2.22044604925031e-16	52.7700108891824	4.41540858394596	17.5810792970607	2.22044604925031e-16	14.3625457039663	2.22044604925031e-16	2.22044604925031e-16	128.84129244902	2.22044604925031e-16
"LIMS3L__pos"	2.22044604925031e-16	21.036551617309	4.12898815184028	2.22044604925031e-16	6.58616230873275	130.629374917848	3.43582681616894	3.97214173290813	33.4427736589004	2.97992403418784
"TNFRSF8__pos"	24.8361090396044	20.4451078861807	1.48511996724992	60.2491018057719	16.8998805335227	62.6761025094489	2.22044604925031e-16	2.64120694703408	17.8810369904531	9.14552980547974
"CYP2C9__pos"	2.22044604925031e-16	2.22044604925031e-16	26.8278740207435	2.22044604925031e-16	2.22044604925031e-16	2.22044604925031e-16	2.22044604925031e-16	2.11148082956224	2.22044604925031e-16	144.581634589653
"LRRN4__pos"	2.22044604925031e-16	50.9377971205566	7.04720624832593	2.22044604925031e-16	60.3423440476223	2.22044604925031e-16	2.22044604925031e-16	2.22044604925031e-16	92.5665938223672	2.22044604925031e-16
"USP2__pos"	2.22044604925031e-16	90.1649351517786	0.436134505702931	2.22044604925031e-16	105.362950478145	13.8946651491025	5.30928135737334	2.22044604925031e-16	27.2107452959063	2.6247458962864
"KRT86__pos"	3.26144627418606	2.22044604925031e-16	2.22044604925031e-16	6.3257504534456	16.1938064314187	2.22044604925031e-16	2.22044604925031e-16	2.60361517768388	95.9996437578725	8.19480862745808e-05
"SLCO1B1__pos"	2.22044604925031e-16	2.22044604925031e-16	25.4811659410578	2.48177019811639e-09	2.22044604925031e-16	2.22044604925031e-16	2.22044604925031e-16	0.0163722617653673	3.51963027255187	71.2169747091447
"SERPINC1__pos"	16.7998209337836	19.1278538642591	83.1889078650973	4.96139434740261	3.42314327535497	16.6408257287748	27.1097799452415	14.4510116804569	20.5630602856699	63.7905850994517
"APOH__pos"	2.22044604925031e-16	4.53128008609447	116.097615186373	2.22044604925031e-16	2.22044604925031e-16	2.22044604925031e-16	2.22044604925031e-16	2.22044604925031e-16	2.22044604925031e-16	2.22044604925031e-16
"ITIH2__pos"	7.36499461040392e-13	53.6325361615541	104.76424496388	4.2276489353844	2.22044604925031e-16	18.6384746870376	1.21551937373416e-14	2.22044604925031e-16	2.22044604925031e-16	89.7354291189576
"RRAD__pos"	15.7175487338708	62.347686965815	2.22044604925031e-16	2.22044604925031e-16	2.22044604925031e-16	16.620755399933	2.22044604925031e-16	2.22044604925031e-16	64.209898808066	2.22044604925031e-16
"ADH1A__pos"	2.22044604925031e-16	96.9116165320025	29.9171679588264	2.22044604925031e-16	2.22044604925031e-16	47.536590048837	2.22044604925031e-16	2.22044604925031e-16	2.22044604925031e-16	86.1004213546994
"DDI1__pos"	2.22044604925031e-16	2.22044604925031e-16	2.22044604925031e-16	2.22044604925031e-16	2.22044604925031e-16	2.22044604925031e-16	2.22044604925031e-16	173.525595639586	2.22044604925031e-16	2.22044604925031e-16
"CFHR2__pos"	2.22044604925031e-16	2.22044604925031e-16	83.8942992115174	2.22044604925031e-16	2.22044604925031e-16	2.22044604925031e-16	2.22044604925031e-16	2.22044604925031e-16	2.22044604925031e-16	2.22044604925031e-16
"ACOT12__pos"	3.22242146379658e-16	2.22044604925031e-16	31.2871597482909	4.36058653952452e-05	1.94986449149852	8.90235194101938	2.22044604925031e-16	22.5204577919456	2.22044604925031e-16	106.083616833032
"ADGRE1__pos"	2.24933341950068	61.9623164994423	1.90270957642087e-06	67.0424239734002	2.22044604925031e-16	7.73268774414907	2.22044604925031e-16	1.87756855661228	55.9499448162243	2.22044604925031e-16
"PON1__pos"	11.1048052572452	2.82475833398513	134.9200648241	3.47605064222652e-13	27.3969196745203	2.22044604925031e-16	3.69533269876657	0.948192591640737	2.22044604925031e-16	9.97244021935024e-09
"SERPINB12__pos"	2.22044604925031e-16	0.151566208036342	2.22044604925031e-16	2.22044604925031e-16	2.22044604925031e-16	2.22044604925031e-16	2.22044604925031e-16	2.22044604925031e-16	99.2657216765421	6.29550063872208
"CFHR5__pos"	2.22044604925031e-16	2.22044604925031e-16	162.690742742232	2.22044604925031e-16	2.22044604925031e-16	2.22044604925031e-16	2.22044604925031e-16	38.9542900471545	2.22044604925031e-16	13.3061135014165
"C1QL1__pos"	2.22044604925031e-16	2.22044604925031e-16	0.205263131029356	2.22044604925031e-16	184.188632412418	0.79678838421347	2.22044604925031e-16	0.00758314284040607	10.5296416282263	2.22044604925031e-16
"CTD.2287O16.3__pos"	2.22044604925031e-16	28.1877347199123	2.22044604925031e-16	15.1851265439333	2.22044604925031e-16	0.0332363029537066	2.22044604925031e-16	6.62108823403792	85.9207031511891	43.1692898002221
"HBG1__pos"	2.22044604925031e-16	192.483376169236	2.22044604925031e-16	2.22044604925031e-16	2.22044604925031e-16	2.22044604925031e-16	2.22044604925031e-16	4.89434013833557	2.22044604925031e-16	2.22044604925031e-16
"SERPINA7__pos"	2.22044604925031e-16	2.22044604925031e-16	136.1618269589	2.22044604925031e-16	2.22044604925031e-16	2.22044604925031e-16	2.22044604925031e-16	0.137058820426717	2.22044604925031e-16	2.22044604925031e-16
"ALPP__pos"	5.08495571262145e-06	3.37239139072569	2.22044604925031e-16	2.22044604925031e-16	2.3248899133813	2.22044604925031e-16	2.22044604925031e-16	0.67776576973972	106.568954113343	2.22044604925031e-16
"CCDC64__pos"	2.22044604925031e-16	2.22044604925031e-16	1.30704784005998	7.84319838836909	71.8841871873381	2.22044604925031e-16	7.53963520249465	2.22044604925031e-16	2.22044604925031e-16	128.058246023407
"NCR1__pos"	2.22044604925031e-16	19.3371135665269	0.0643521381433551	159.550521264862	9.39966449215348	6.10886456982222	2.22044604925031e-16	9.33377397170147	2.22044604925031e-16	4.61703448259142
"FCGR1A__pos"	13.2111315084973	12.2755235871849	0.307563028841462	86.6088945718437	2.50005750059786	26.6418072703772	24.5155097885758	5.88818069667	18.7899787272358	2.22044604925031e-16
"GDF2__pos"	2.22044604925031e-16	28.6342469735231	13.1209625566851	2.22044604925031e-16	2.22044604925031e-16	2.22044604925031e-16	2.22044604925031e-16	148.231907178932	2.22044604925031e-16	2.22044604925031e-16
"LETM2__pos"	1.10580905756621	2.22044604925031e-16	3.62008109725201	2.22044604925031e-16	27.678715842981	2.22044604925031e-16	5.2833538796773	2.22044604925031e-16	133.881055809678	19.6054250193627
"MGARP__pos"	2.22044604925031e-16	1.30713615246801	2.22044604925031e-16	2.22044604925031e-16	42.4171094995792	95.5631543930604	2.22044604925031e-16	9.79733209922462	2.22044604925031e-16	2.22044604925031e-16
"CLDN15__pos"	77.8892692566914	2.22044604925031e-16	1.17854414241027	4.78806078042772	32.4034936211352	29.6521291500595	2.22044604925031e-16	2.22044604925031e-16	2.22044604925031e-16	55.8968689341973
"PRF1__pos"	2.22044604925031e-16	17.8314435196313	2.22044604925031e-16	179.125487326909	2.22044604925031e-16	0.602033423889055	2.22044604925031e-16	2.22044604925031e-16	2.22044604925031e-16	2.22044604925031e-16
"CCDC184__pos"	11.515379501776	4.49666546759724	4.97188284418229e-15	2.22044604925031e-16	106.275869741956	70.6063469694856	2.22044604925031e-16	2.94115563887656e-05	2.22044604925031e-16	21.3851188565376
"UBAC1__pos"	7.88943153509075	16.0138467953339	2.22044604925031e-16	22.0490561938893	4.24417524181352	33.427744921984	50.822628556976	2.22044604925031e-16	12.0858164321728	49.564249882965
"C9__pos"	2.22044604925031e-16	2.22044604925031e-16	60.7035444797227	2.22044604925031e-16	2.22044604925031e-16	7.1979361494692	4.8233353260154	2.22044604925031e-16	21.8967804052258	64.8052252323801
"RGN__pos"	20.6143903066295	72.9963533128836	19.3922220364172	2.22044604925031e-16	103.076936532618	10.6135655592841	2.22044604925031e-16	2.22044604925031e-16	2.22044604925031e-16	2.22044604925031e-16
"H2AFB3__pos"	124.979668277745	2.22044604925031e-16	2.22044604925031e-16	2.22044604925031e-16	15.7461518847745	2.22044604925031e-16	2.22044604925031e-16	2.22044604925031e-16	0.00103984180098023	0.00633155494466337
"CPN2__pos"	2.22044604925031e-16	2.22044604925031e-16	36.8150714461763	2.22044604925031e-16	6.71249151888216e-05	66.3628940597603	2.22044604925031e-16	27.8416630035123	2.22044604925031e-16	74.9220004856759
"ASIP__pos"	63.2775300747252	2.22044604925031e-16	6.56794820928298	15.6509463097717	61.8764607033995	51.3850045818558	2.22044604925031e-16	19.4161254706208	3.32961269508449	21.2011439867808
"CYP2E1__pos"	33.9416261415908	2.22044604925031e-16	32.6470878122914	2.22044604925031e-16	2.22044604925031e-16	2.22044604925031e-16	2.22044604925031e-16	2.22044604925031e-16	2.22044604925031e-16	100.671045224988
"RASGRP4__pos"	0.61199198496245	79.0292991390479	1.54341238397617e-06	17.493384695615	2.22044604925031e-16	75.8594993059272	2.22044604925031e-16	1.12619842939461	14.7675942704431	8.69797577864396
"IL18BP__pos"	0.0885525855437476	5.77447308632695	0.803783533713167	124.444488528814	7.48502662438152	21.9606972766491	2.22044604925031e-16	1.59447196551107e-07	2.22044604925031e-16	7.58470807171972
"VAC14__pos"	38.2065754917078	9.89027139814418	2.24580331333667	30.5497284246369	12.809203170255	16.3214902208257	48.5409477159232	0.628838453244231	31.1585761452563	19.5699208187636
"UROC1__pos"	121.798189803297	5.59236012591523e-09	25.0222714818244	0.12897004039916	26.7926537016482	2.22044604925031e-16	2.22044604925031e-16	13.6804983941225	4.72842848599802	27.2851678479884
"AHSP__pos"	37.7609832816697	80.3918797518691	2.22044604925031e-16	3.84761888869886	1.87803896650441	10.6782258271446	0.146576812221076	11.1967315525169	3.64812440445547e-05	2.22044604925031e-16
"GDF5OS__pos"	29.388949163792	7.6761434771083	2.22044604925031e-16	0.298490938774557	30.4383082970854	23.8393887851768	2.22044604925031e-16	53.878320041048	2.10791698447189	103.509271006838
"VTN__pos"	2.22044604925031e-16	0.453039445842905	111.981717773742	2.22044604925031e-16	20.4875359010954	8.1590946369751	2.22044604925031e-16	2.22044604925031e-16	1.44830406284685	2.22044604925031e-16
"OPN1MW2__pos"	2.22044604925031e-16	2.22044604925031e-16	2.22044604925031e-16	2.22044604925031e-16	2.22044604925031e-16	2.22044604925031e-16	2.22044604925031e-16	150.776327615408	2.22044604925031e-16	2.22044604925031e-16
"GNGT2__pos"	11.3422122290924	30.6999818303977	2.3880312717277	61.0975563738053	0.675839116744964	24.4109717319143	48.6590034162129	10.0488857429781	14.6669598030353	3.29274004545781
"ARL14EPL__pos"	4.32664434473189e-14	37.7617941703134	2.22044604925031e-16	21.9417344430933	7.73810841306449	2.22044604925031e-16	2.22044604925031e-16	2.7272704899313	128.424544142627	29.4799548858148
"EFEMP1__pos"	2.22044604925031e-16	52.4970059940517	2.22044604925031e-16	2.22044604925031e-16	27.3189920945043	95.162739155069	2.22044604925031e-16	2.22044604925031e-16	32.8953833329415	0.00106092549139566
"CRB1__pos"	2.22044604925031e-16	23.7902538770287	2.22044604925031e-16	3.83618979911527	142.560517166079	9.34689038237893	2.22044604925031e-16	23.3938008630852	2.22044604925031e-16	2.39188498368619
"BAAT__pos"	2.22044604925031e-16	2.53777583406354	146.828144619192	4.47921488206926e-11	0.919919094126807	1.0222537945275	0.00030995349278342	2.22044604925031e-16	2.22044604925031e-16	4.1297270991682
"KIR3DL3__pos"	2.22044604925031e-16	2.22044604925031e-16	2.22044604925031e-16	123.410332224667	2.22044604925031e-16	2.22044604925031e-16	2.22044604925031e-16	45.1169680496157	2.22044604925031e-16	2.22044604925031e-16
"APCS__pos"	2.22044604925031e-16	2.22044604925031e-16	111.618702762675	2.22044604925031e-16	2.22044604925031e-16	2.22044604925031e-16	2.22044604925031e-16	2.22044604925031e-16	2.22044604925031e-16	2.22044604925031e-16
"RP13.512J5.1__pos"	220.134591525751	2.22044604925031e-16	1.72262115529357e-10	2.22044604925031e-16	2.22044604925031e-16	2.22044604925031e-16	2.22044604925031e-16	2.22044604925031e-16	2.22044604925031e-16	2.22044604925031e-16
"KLRD1__pos"	2.22044604925031e-16	15.2532650402487	0.0197854408377781	152.758321158791	2.22044604925031e-16	20.2233833586342	2.22044604925031e-16	7.37912647253218	8.93521701569874	8.37424947185136
"IFFO1__pos"	29.1855940237052	17.1300452102432	3.58561597081735	44.2083604532199	2.22044604925031e-16	77.0556697645902	10.749343598683	2.04124381647024e-06	10.7399039370358	27.3926108490251
"PRAMEF27__pos"	2.22044604925031e-16	2.22044604925031e-16	2.22044604925031e-16	2.22044604925031e-16	2.22044604925031e-16	2.22044604925031e-16	2.22044604925031e-16	123.985110816345	2.22044604925031e-16	2.22044604925031e-16
"SLC17A2__pos"	2.22044604925031e-16	2.22044604925031e-16	130.309176752747	2.22044604925031e-16	2.22044604925031e-16	2.22044604925031e-16	2.22044604925031e-16	34.7229660719238	2.22044604925031e-16	2.22044604925031e-16
"TVP23A__pos"	1.83582153689387e-11	7.16999542186527e-05	2.22044604925031e-16	72.7061493227221	45.4012653696162	22.0635500998678	2.22044604925031e-16	12.7451012983006	2.22044604925031e-16	7.71713787896358
"LCAT__pos"	96.3392159319973	11.3509952606789	3.85018368364006	2.22044604925031e-16	2.01600743211066e-13	45.2830318750246	2.22044604925031e-16	2.22044604925031e-16	17.1049315281247	73.7831568623133
"RP5.860F19.8__pos"	2.22044604925031e-16	2.22044604925031e-16	2.22044604925031e-16	2.22044604925031e-16	2.22044604925031e-16	2.22044604925031e-16	2.22044604925031e-16	2.22044604925031e-16	129.158092904322	2.22044604925031e-16
"DAO__pos"	2.90506784551232	62.3970672952025	29.6639162898435	20.7202515153342	21.7914108950937	8.13097945142008	2.22044604925031e-16	74.2935391193632	2.22044604925031e-16	1.82637582176618
"ASGR2__pos"	5.02891173508123	2.22044604925031e-16	69.0976889861315	31.0306196907466	9.72674747699856e-13	24.1009291474013	2.22044604925031e-16	2.22044604925031e-16	0.0187949415880137	2.22044604925031e-16
"IFNE__pos"	1.36219400847155	2.22044604925031e-16	2.22044604925031e-16	2.22044604925031e-16	2.22044604925031e-16	1.16603482736123	2.22044604925031e-16	2.22044604925031e-16	74.6414433880868	119.907739820909
"DCDC2__pos"	2.22044604925031e-16	69.3081746901794	17.1038242037588	2.22044604925031e-16	99.3969268989836	2.22044604925031e-16	6.71536343994416	2.22044604925031e-16	0.00178103545008595	20.7814030788313
"P2RX6__pos"	15.080118271059	24.7592468329015	2.22044604925031e-16	2.22044604925031e-16	126.99752733197	23.0410319962402	2.22044604925031e-16	8.95891148609451	10.394657991918	20.4597661481213
"GAS1__pos"	2.22044604925031e-16	2.22044604925031e-16	2.22044604925031e-16	2.22044604925031e-16	2.22044604925031e-16	164.828071070103	2.22044604925031e-16	2.22044604925031e-16	5.33339846103909	2.22044604925031e-16
"MMP24__pos"	2.22044604925031e-16	37.1011301684068	2.92807087356642	2.22044604925031e-16	167.162418300412	32.2166391896809	2.22044604925031e-16	2.22044604925031e-16	2.22044604925031e-16	7.01337400279722
"FGF9__pos"	2.22044604925031e-16	27.3481740896343	2.22044604925031e-16	2.22044604925031e-16	191.64670197106	12.5982703238042	2.22044604925031e-16	0.862165607925996	2.22044604925031e-16	3.21598754179768e-13
"MAT1A__pos"	2.22044604925031e-16	2.22044604925031e-16	27.2621695863086	1.46243385604401	107.586540654917	2.22044604925031e-16	8.33208470131883	2.22044604925031e-16	2.22044604925031e-16	2.22044604925031e-16
"HSPB2.C11orf52__pos"	0.525115709033182	76.6812123437477	2.22044604925031e-16	2.22044604925031e-16	2.22044604925031e-16	109.842914518846	2.22044604925031e-16	2.22044604925031e-16	2.22044604925031e-16	2.22044604925031e-16
"FZD2__pos"	46.4871395935253	2.22044604925031e-16	2.22044604925031e-16	3.4464972345559	128.569363329495	40.5768367518492	7.18018592991542e-05	2.22044604925031e-16	25.8757972675847	2.22044604925031e-16
"RNASEK.C17orf49__pos"	145.036428304171	1.76911559219277	2.22044604925031e-16	6.88671886463678	3.9356291253295	11.1861407042254	2.22044604925031e-16	3.70444004390124	2.28828985975484e-07	2.22044604925031e-16
"FOXS1__pos"	90.7287379533543	6.16110660319249	2.94800276909359	0.000335910994411946	3.29699834220352	101.033771094426	2.22044604925031e-16	2.35111017910404	2.22044604925031e-16	2.22044604925031e-16
"FBXO2__pos"	69.0943334103903	2.22044604925031e-16	2.22044604925031e-16	2.22044604925031e-16	96.1804468959186	2.22044604925031e-16	2.22044604925031e-16	2.22044604925031e-16	56.6798123353292	2.22044604925031e-16
"DPYS__pos"	2.22044604925031e-16	4.49903095180615	27.2409793546913	9.95064895453512	6.82538642997666	33.8925883401171	2.22044604925031e-16	85.1840529683579	2.22044604925031e-16	2.22044604925031e-16
"KIR3DL1__pos"	2.22044604925031e-16	36.2460682424841	2.22044604925031e-16	155.780718033017	2.22044604925031e-16	6.2229111380292	2.22044604925031e-16	1.8914908490135e-08	2.22044604925031e-16	2.22044604925031e-16
"FAM179A__pos"	52.5649937398902	59.3208116394591	2.22044604925031e-16	49.8633533755196	13.7778599263845	2.22044604925031e-16	2.22044604925031e-16	7.96116829345979	2.22044604925031e-16	28.518830609945
"KCNH5__pos"	3.67903556080199	0.472849963555354	2.22044604925031e-16	2.22044604925031e-16	137.679398969939	0.782971431972034	2.22044604925031e-16	29.4512064761646	0.646809611425475	8.82722261677407
"LIPC__pos"	2.22044604925031e-16	0.825149368127275	114.83747934193	1.44491844011887	6.36399218285657	5.17522953699187	2.22044604925031e-16	1.32237571479267	2.80067014865721	0.766094975257316
"RP4.608O15.3__pos"	2.22044604925031e-16	2.22044604925031e-16	70.3854341778479	2.22044604925031e-16	2.22044604925031e-16	2.22044604925031e-16	2.22044604925031e-16	2.22044604925031e-16	2.22044604925031e-16	2.22044604925031e-16
"CYP2C8__pos"	7.48959695754668	1.55941964217436	18.8874488690046	2.22044604925031e-16	2.22044604925031e-16	2.22044604925031e-16	2.22044604925031e-16	2.22044604925031e-16	2.22044604925031e-16	125.483792556194
"PCDHGA12__pos"	2.22044604925031e-16	20.018951527754	0.413675957512072	2.42680745855318	2.22044604925031e-16	140.011726763258	2.22044604925031e-16	2.22044604925031e-16	4.82808395657033	0.0946248103724279
"SERPINF2__pos"	44.9469436134013	20.2000626976032	65.3422204193688	8.59427159294826	60.3082130071792	3.42265409572444	2.22044604925031e-16	2.22044604925031e-16	2.22044604925031e-16	2.22044604925031e-16
"APOA1__pos"	2.22044604925031e-16	2.22044604925031e-16	118.6904007656	2.22044604925031e-16	2.22044604925031e-16	2.22044604925031e-16	2.22044604925031e-16	2.22044604925031e-16	2.22044604925031e-16	2.22044604925031e-16
"C7orf61__pos"	109.525669406114	2.22044604925031e-16	0.0973855663827876	2.22044604925031e-16	17.8638546902202	2.22044604925031e-16	2.22044604925031e-16	2.29288132263688	15.5040477568607	43.1301418588029
"TRPV2__pos"	44.3082771938151	58.0060923513914	3.53647720801763	38.1224148501071	2.22044604925031e-16	11.5430665867653	30.4021722233	4.32387550491158	12.7424812172999	2.22044604925031e-16
"NPFFR2__pos"	2.22044604925031e-16	2.22044604925031e-16	2.22044604925031e-16	0.0800627146873833	139.169545887995	2.22044604925031e-16	2.22044604925031e-16	2.22044604925031e-16	0.659091976916695	2.22044604925031e-16
"CD300LD__pos"	5.18898363372068	9.56027231944901	2.22044604925031e-16	5.98631649383172	11.3952329662136	6.03715724853896	2.22044604925031e-16	29.7770996097079	2.22044604925031e-16	157.339252061769
"LILRA1__pos"	2.22044604925031e-16	54.2528483716307	2.22044604925031e-16	74.7947288798258	1.80066869676637	56.7282343444582	1.54340838276629	2.22044604925031e-16	11.4552492895824	7.82849446133082
"SLC39A8__pos"	2.22044604925031e-16	110.034454662796	2.22044604925031e-16	9.83502139918508	12.9424628243924	2.22044604925031e-16	22.9612827649836	2.22044604925031e-16	53.0036163996297	2.22044604925031e-16
"FTCD__pos"	110.819898016533	2.22044604925031e-16	21.3384681805247	2.22044604925031e-16	30.7984321468697	2.22044604925031e-16	2.22044604925031e-16	10.5833731741342	2.22044604925031e-16	2.22044604925031e-16
"SLC22A7__pos"	5.1923841912816	2.22044604925031e-16	43.1434417405755	2.22044604925031e-16	75.5070925500516	2.22044604925031e-16	2.22044604925031e-16	12.5247499908768	2.22044604925031e-16	16.2566614831293
"SLC12A8__pos"	2.22044604925031e-16	2.22044604925031e-16	2.22044604925031e-16	6.38532503137108	2.22044604925031e-16	37.7827292721939	13.358655324928	2.22044604925031e-16	66.1769717552306	63.8577475746223
"UGT1A4__pos"	2.22044604925031e-16	2.22044604925031e-16	40.5226557946943	2.22044604925031e-16	2.22044604925031e-16	2.22044604925031e-16	2.13684880837065	0.0216866802483608	2.22044604925031e-16	82.5132677585716
"NEUROG1__pos"	2.22044604925031e-16	2.22044604925031e-16	2.22044604925031e-16	2.22044604925031e-16	2.22044604925031e-16	2.22044604925031e-16	2.22044604925031e-16	222.282613815523	2.22044604925031e-16	2.22044604925031e-16
"GNLY__pos"	3.74004513212513e-12	3.67245992608228	2.22044604925031e-16	175.08394043466	2.22044604925031e-16	2.22044604925031e-16	2.22044604925031e-16	2.22044604925031e-16	5.34932710819376	2.22044604925031e-16
"TMEM151A__pos"	13.1223070442645	2.22044604925031e-16	2.22044604925031e-16	2.22044604925031e-16	164.887801307362	2.22044604925031e-16	1.27304088703365	2.22044604925031e-16	2.72537631023858	2.22044604925031e-16
"AC064829.1__pos"	2.22044604925031e-16	2.22044604925031e-16	2.22044604925031e-16	2.22044604925031e-16	120.959364250918	2.22044604925031e-16	2.22044604925031e-16	27.7163604275688	2.22044604925031e-16	2.22044604925031e-16
"GPR1__pos"	2.22044604925031e-16	2.22044604925031e-16	2.22044604925031e-16	2.22044604925031e-16	2.22044604925031e-16	98.838096009564	1.45527026605443	0.210548470502949	100.552359125891	2.3741675343573
"C20orf141__pos"	5.76646486718835	2.22044604925031e-16	2.22044604925031e-16	16.3174058445464	2.22044604925031e-16	24.6318459757691	2.22044604925031e-16	20.2182080018098	178.793983045161	2.22044604925031e-16
"BTN1A1__pos"	2.22044604925031e-16	3.82113393955888	2.22044604925031e-16	91.2596720706629	87.5101436575628	17.1440808467833	2.22044604925031e-16	13.6241714254052	2.22044604925031e-16	21.2266870784275
"CRB2__pos"	2.22044604925031e-16	2.22044604925031e-16	2.22044604925031e-16	17.9214199190131	90.3961659498801	31.2012589992664	2.22044604925031e-16	9.15542063032743	2.22044604925031e-16	17.2554656901613
"PRODH2__pos"	6.76512559530643	2.22044604925031e-16	109.016649465239	5.16666072915198	1.53907812049412	2.22044604925031e-16	2.22044604925031e-16	39.7944215268998	2.22044604925031e-16	2.22044604925031e-16
"PRAMEF9__pos"	2.22044604925031e-16	2.22044604925031e-16	2.22044604925031e-16	2.22044604925031e-16	2.22044604925031e-16	2.22044604925031e-16	2.22044604925031e-16	146.300871150868	2.22044604925031e-16	2.22044604925031e-16
"AHSG__pos"	2.22044604925031e-16	2.22044604925031e-16	121.274071623154	2.22044604925031e-16	2.22044604925031e-16	2.22044604925031e-16	2.22044604925031e-16	2.22044604925031e-16	2.22044604925031e-16	2.22044604925031e-16
"FAM153B__pos"	2.22044604925031e-16	5.7446857009849	2.22044604925031e-16	2.22044604925031e-16	53.5494140841629	3.40330544683799	2.22044604925031e-16	23.0244688485365	2.22044604925031e-16	115.116239735073
"NRG4__pos"	2.22044604925031e-16	2.22044604925031e-16	0.218328693207023	4.25883003718298	0.494032451279503	2.9782082423366	8.560009542775	7.87768799038819	9.83557091546863	164.434031503667
"RSPO1__pos"	2.22044604925031e-16	77.3333495096414	2.22044604925031e-16	2.22044604925031e-16	3.8478325654167e-06	93.7609967122904	2.22044604925031e-16	2.22044604925031e-16	2.22044604925031e-16	2.22044604925031e-16
"ISM2__pos"	2.22044604925031e-16	2.22044604925031e-16	2.22044604925031e-16	2.22044604925031e-16	181.733481147812	3.62819657502623	2.22044604925031e-16	2.43578200866204	6.51207301931563	2.22044604925031e-16
"CPA4__pos"	2.22044604925031e-16	2.22044604925031e-16	0.957097247505606	2.22044604925031e-16	14.3077554130885	2.22044604925031e-16	2.22044604925031e-16	1.31442709568392	150.213016464213	2.22044604925031e-16
"PROCR__pos"	27.4288371626972	11.0728442727709	6.78254131848296	2.22044604925031e-16	55.042871114466	59.0633780758359	11.3515080601932	2.22044604925031e-16	50.5564217744599	1.34378852485e-10
"ANGPTL3__pos"	2.22044604925031e-16	2.22044604925031e-16	55.2142308918155	2.40365426381227	15.020479328976	19.0185536630274	22.8179145295294	9.3581991115835	20.1844210859129	123.741880167621
"RIMKLB__pos"	12.6246249416647	10.0537626395419	2.22044604925031e-16	2.22044604925031e-16	42.1261161637816	23.8478194522397	2.22044604925031e-16	2.22044604925031e-16	23.9667790781981	119.864280075992
"GYPB__pos"	8.51908255169053	90.2445349796325	0.364042271018126	11.6526880157165	8.31624462150541	21.3939201503276	6.99683999988964	49.1256610617087	1.88997969601898e-14	79.1661668887593
"ZNF683__pos"	2.22044604925031e-16	2.64204579426993	2.22044604925031e-16	191.203253486398	2.22044604925031e-16	3.79950794134519	2.22044604925031e-16	0.286459345674817	2.22044604925031e-16	4.01416242230155
"SLC17A1__pos"	24.4155741183503	30.756001465507	166.608394100204	2.22044604925031e-16	2.22044604925031e-16	2.22044604925031e-16	2.22044604925031e-16	16.3445060916935	2.22044604925031e-16	2.22044604925031e-16
"RTP3__pos"	14.3668495430575	5.53606603303444	23.3936995096426	34.9231559628703	54.3276274648046	2.4384219228551	7.68144546355484	28.3341805301504	45.0065581255955	30.3604160308696
"C10orf105__pos"	0.437555858512613	61.9270264443798	2.22044604925031e-16	38.1300593122904	7.49652652392621	56.7526865362872	2.22044604925031e-16	2.22044604925031e-16	2.22044604925031e-16	75.0583194242544
"HBD__pos"	16.45955124703	85.9369061976168	8.84341302026025	47.9093644753171	22.9001394180798	29.5078990891419	19.2125678215059	8.36414482477025	0.000613037449170909	9.80088798179212
"CPXM1__pos"	15.6207890163356	2.22044604925031e-16	2.22044604925031e-16	2.22044604925031e-16	9.63724325101196	151.940216472036	2.22044604925031e-16	2.22044604925031e-16	2.22044604925031e-16	2.22044604925031e-16
"CD14__pos"	12.4979282602239	12.5726969552907	2.61847535771104	34.5405533174046	8.4286409469976	36.5106845837025	44.0751251316464	4.5339798879406	35.9883279707917	12.1290548820793
"SH2D3C__pos"	3.03016767540717	59.3714487445561	2.1212205480698	37.0907468997328	2.22044604925031e-16	95.2225466086426	2.22044604925031e-16	4.81908338937066	2.22044604925031e-16	2.22044604925031e-16
"STX11__pos"	2.22044604925031e-16	98.7765319218498	2.22044604925031e-16	63.1918712291623	2.22044604925031e-16	27.189949908988	2.22044604925031e-16	2.22044604925031e-16	19.8281344453314	2.22044604925031e-16
"HP__pos"	3.36288165022724e-08	82.2304990054822	37.6634843176124	2.22044604925031e-16	2.22044604925031e-16	5.70947176470031	2.22044604925031e-16	2.22044604925031e-16	5.14097258563377	2.22044604925031e-16
"IFNK__pos"	2.22044604925031e-16	25.3796037865333	2.22044604925031e-16	0.243079763012635	2.22044604925031e-16	1.75624254231899	2.22044604925031e-16	23.8932586506376	105.403178888563	74.6498229896058
"IL26__pos"	1.35463818831234e-11	7.5874480688455	1.05127932156304	143.665024684389	0.483788477079062	9.94104128735642	13.1173097910367	14.0891605011667	1.01844346331403e-05	26.9626656379721
"HPR__pos"	45.2301113431301	90.603837108762	50.7693834055885	9.46482670521557	3.92927678663466	41.4343036412748	2.28926196883964	4.32480281691755	2.22044604925031e-16	18.1028746394928
"AMBP__pos"	2.20455273585451	2.22044604925031e-16	161.56279321862	2.22044604925031e-16	2.22044604925031e-16	2.22044604925031e-16	2.22044604925031e-16	2.22044604925031e-16	2.22044604925031e-16	0.829303047839648
"SMTNL2__pos"	4.21485428271506	47.882854230964	6.12759141819855	2.22044604925031e-16	146.24686966769	16.1665571610764	2.22044604925031e-16	2.22044604925031e-16	2.22044604925031e-16	2.22044604925031e-16
"OR52A1__pos"	2.22044604925031e-16	2.22044604925031e-16	2.22044604925031e-16	2.22044604925031e-16	2.22044604925031e-16	2.22044604925031e-16	2.22044604925031e-16	137.173763706052	2.22044604925031e-16	2.22044604925031e-16
"CCL8__pos"	2.22044604925031e-16	10.5140159409758	2.22044604925031e-16	95.5873510474443	2.65516988275576	31.2600320490336	2.22044604925031e-16	2.22044604925031e-16	80.4068772888031	2.22044604925031e-16
"DNAAF1__pos"	223.432721787896	33.8448381763914	2.22044604925031e-16	4.89522293161219	2.22044604925031e-16	2.22044604925031e-16	2.22044604925031e-16	12.6890147304683	2.22044604925031e-16	1.59290085065497
"TMEM100__pos"	2.22044604925031e-16	166.884524018455	2.22044604925031e-16	2.22044604925031e-16	2.22044604925031e-16	22.2472827907686	2.22044604925031e-16	2.22044604925031e-16	2.22044604925031e-16	2.22044604925031e-16
"C8B__pos"	2.22044604925031e-16	47.3619222725461	122.161226238459	2.22044604925031e-16	2.22044604925031e-16	2.22044604925031e-16	2.22044604925031e-16	2.22044604925031e-16	2.22044604925031e-16	2.22044604925031e-16
"HAS1__pos"	2.22044604925031e-16	6.96541863753799	2.22044604925031e-16	2.22044604925031e-16	2.22044604925031e-16	108.409027429249	2.22044604925031e-16	0.997837254826393	0.438904753363762	2.22044604925031e-16
"SLC25A47__pos"	2.67854958642001	2.22044604925031e-16	110.748784739777	0.574755223473045	9.16096933884949	2.22044604925031e-16	2.22044604925031e-16	2.22044604925031e-16	2.22044604925031e-16	2.22044604925031e-16
"OR4N2__pos"	2.22044604925031e-16	2.22044604925031e-16	2.22044604925031e-16	2.22044604925031e-16	2.22044604925031e-16	2.22044604925031e-16	2.22044604925031e-16	388.306416943115	2.22044604925031e-16	2.22044604925031e-16
"KIR2DL3__pos"	2.22044604925031e-16	21.6100753077704	2.22044604925031e-16	167.866809532967	2.22044604925031e-16	0.336743056133945	2.22044604925031e-16	3.92270879536628	2.22044604925031e-16	2.22044604925031e-16
"RXFP2__pos"	2.22044604925031e-16	152.742384946452	2.22044604925031e-16	2.22044604925031e-16	2.22044604925031e-16	2.22044604925031e-16	2.22044604925031e-16	45.533563721035	2.22044604925031e-16	2.22044604925031e-16
"PRAMEF25__pos"	2.22044604925031e-16	2.22044604925031e-16	2.22044604925031e-16	2.22044604925031e-16	2.22044604925031e-16	2.22044604925031e-16	2.22044604925031e-16	198.136368236938	2.22044604925031e-16	2.22044604925031e-16
"TEX40__pos"	114.680258935204	0.176215021216273	2.22044604925031e-16	2.22044604925031e-16	9.61214095008962	1.72121083117862	5.98389423281782	21.9294350600669	5.80201960650635	48.2107179188272
"KIR2DL4__pos"	2.22044604925031e-16	2.22044604925031e-16	2.22044604925031e-16	194.806852185862	2.22044604925031e-16	2.22044604925031e-16	2.22044604925031e-16	2.22044604925031e-16	1.50731268100875	2.22044604925031e-16
"MEDAG__pos"	2.22044604925031e-16	2.22044604925031e-16	2.22044604925031e-16	2.22044604925031e-16	2.22044604925031e-16	168.596112347195	2.22044604925031e-16	2.22044604925031e-16	0.00184355279149357	2.22044604925031e-16
"AFM__pos"	2.22044604925031e-16	2.22044604925031e-16	110.300522697842	2.22044604925031e-16	2.22044604925031e-16	2.22044604925031e-16	2.22044604925031e-16	2.22044604925031e-16	2.22044604925031e-16	2.22044604925031e-16
"KIR3DL2__pos"	2.22044604925031e-16	12.8053902552957	2.22044604925031e-16	181.03560731383	2.22044604925031e-16	2.22044604925031e-16	2.22044604925031e-16	2.580436952564	2.22044604925031e-16	2.22044604925031e-16
"ELFN1__pos"	29.0780024871346	2.22044604925031e-16	5.87629154556595	2.22044604925031e-16	48.4108436974023	122.017951749634	2.21533158877039	4.14798409677025	2.48752505625334	19.5776638980534
"PAEP__pos"	2.93460070351878	2.22044604925031e-16	0.21148828154735	2.22044604925031e-16	1.38503247970217e-06	2.22044604925031e-16	2.22044604925031e-16	2.22044604925031e-16	105.551931916276	2.22044604925031e-16
"OLAH__pos"	5.45712578625911	19.8815124934897	4.64307660284528	2.22044604925031e-16	7.66632963073732	2.22044604925031e-16	2.22044604925031e-16	7.31494622738049	86.3324704970508	17.7846391889347
"CD247__pos"	8.11573158093042	15.2203705949133	2.66111866492022	164.625319271758	2.22044604925031e-16	17.5158450101633	2.22044604925031e-16	2.22044604925031e-16	2.22044604925031e-16	10.9203876867954
"INHBC__pos"	2.22044604925031e-16	2.22044604925031e-16	26.2590664706827	0.000314848379658883	109.922917338273	2.22044604925031e-16	11.9958672744684	43.1691587996886	2.22044604925031e-16	88.3859809061991
"NNMT__neg"	2.22044604925031e-16	3.35936349599381e-16	2.68410799867686	2.22044604925031e-16	21.2668792961592	2.22044604925031e-16	96.2693945522217	1.78406396397552	2.22044604925031e-16	54.7263163132006
"PLG__neg"	25.425461027071	2.22044604925031e-16	2.22044604925031e-16	22.6044330913856	2.22044604925031e-16	2.22044604925031e-16	101.372527889751	2.22044604925031e-16	21.3697365073676	2.22044604925031e-16
"CFP__neg"	2.22044604925031e-16	2.22044604925031e-16	0.757317811407308	0.000850858972632693	11.1714077312861	2.22044604925031e-16	97.9090552232037	2.22383514534323	33.7423722210821	17.5645468823975
"ITLN1__neg"	13.9765813785631	2.22044604925031e-16	1.54410715529798	12.3984940113661	0.32518652980849	17.134062035601	52.6826993046169	2.65579550003355	21.2693832358367	14.7188136360279
"HPD__neg"	10.6514131882667	2.22044604925031e-16	2.22044604925031e-16	18.1489549633395	2.22044604925031e-16	2.22044604925031e-16	91.5726173273344	2.22044604925031e-16	29.2663243465165	2.22044604925031e-16
"C1S__neg"	15.9721099885934	3.23839889804882	0.993583691228875	2.22044604925031e-16	1.58520236300982e-11	2.22044604925031e-16	107.808571138779	1.23782490633399	2.22044604925031e-16	4.13382894750707
"SERPING1__neg"	14.4039342125447	2.22044604925031e-16	0.665039224323068	2.22044604925031e-16	5.12563916567404	2.22044604925031e-16	109.917444815988	3.98943531207064	2.22044604925031e-16	32.711978912847
"FCER1G__neg"	19.6671647863562	1.38522916057666	1.38124251695762	1.71960394020251	10.8627837355827	20.7850067503385	65.4227770943616	2.60416354595727	13.0755998187588	53.8990743687084
"C1R__neg"	20.3776305852239	7.29733600980271	1.16792292441054	2.22044604925031e-16	1.57892025196577	2.22044604925031e-16	110.009971441557	2.22044604925031e-16	2.22044604925031e-16	26.7148318437582
"UPK3B__neg"	2.22044604925031e-16	2.22044604925031e-16	4.94233297527658	22.3222024197893	3.79271699689859	21.9783418157198	59.830923792645	6.46432244517494	12.9996022034717	2.67987770054329
"CCDC80__neg"	16.6136997678249	12.3276141039884	3.73224960293102	20.889648746982	7.06654499779075	2.22044604925031e-16	89.5866129533432	3.70990508795882	10.1675314379296	28.04004688262
"AQP1__neg"	16.4391895540972	2.22044604925031e-16	5.66145482114287	24.4237853488777	7.68618463883876	2.22044604925031e-16	81.7037898976972	3.1671952053671	35.6068828627871	25.0802924489734
"ITLN2__neg"	7.71929293485928	2.22044604925031e-16	1.07384656522322	19.4577514084938	2.22044604925031e-16	16.7619482395161	46.7873151375207	2.22044604925031e-16	15.6503687775142	12.0321885541946
"GC__neg"	2.89492534892435	2.53078031511967	2.22044604925031e-16	7.31345754452621	1.36098762786919	7.33622641516256	18.1916309351394	2.78440661303899	7.92124209461646	6.18838233908447
"DOCK11__neg"	6.82113315745884	0.0714840238180932	4.2834967905282	5.71435652647812	4.20298552671486	2.22044604925031e-16	85.3599187543634	2.22044604925031e-16	19.5599093285673	33.3874815135085
"CCL7__neg"	22.5154866942411	33.9839756879582	4.691770049616	2.22044604925031e-16	0.702745870617594	5.98511524801178	72.6684163316683	2.22044604925031e-16	2.22044604925031e-16	55.4610977084181
"GALNT9__neg"	2.22044604925031e-16	10.9044566479984	4.25683546630074	17.097127911848	2.22044604925031e-16	1.65375398750461	54.3249541156765	0.231870544419964	14.0083649621381	0.000498373104595007
"METTL25__neg"	2.22044604925031e-16	6.90807583916455	2.91374457584117	8.56831999192493	0.0190866529886694	2.22044604925031e-16	87.841195863816	2.22044604925031e-16	68.1474855966289	2.22044604925031e-16
"CLDN5__neg"	2.22044604925031e-16	2.22044604925031e-16	3.26144454815474	17.0308926185333	0.00423066466241148	2.22044604925031e-16	89.4445876983644	2.40597975078709e-10	37.3352996134232	21.7150005683019
"SLC7A4__neg"	15.5516524978851	1.59546053266358	3.0481797721443	34.507996987903	2.22044604925031e-16	16.5773455051293	51.0799510819711	3.07059665508713	20.3427076865456	14.8616952834696
"G6PC__neg"	1.90614322227802	4.45338721656188	2.22044604925031e-16	12.7692669930609	1.36389020868689e-14	10.9577313699681	40.3436995895607	2.22044604925031e-16	14.3778215546361	2.22044604925031e-16
"APOC3__neg"	2.13982327014588	1.98283447818077	2.22044604925031e-16	6.76067531802647	1.27201598643213	6.18861816896311	14.0732284400317	2.83655885990228	4.53624815925759	4.88056900562236
"PDIA2__neg"	2.22044604925031e-16	12.7485337024504	1.6411245712338	17.6478981941978	2.22044604925031e-16	15.9691219971074	39.7487507059063	3.53553882030373	14.3553770749025	9.2309442820782
"CD7__neg"	2.22044604925031e-16	21.3041737900095	1.07559059086388	2.22044604925031e-16	13.2051883001532	7.76453058890726	107.16404121911	2.05955536773495	2.22044604925031e-16	9.34525122011289
"GFPT2__neg"	18.3114336863694	7.78856150993957	6.22328562375264	1.83581722830494	2.22044604925031e-16	2.22044604925031e-16	94.4916417338358	2.12853985435069e-05	2.22044604925031e-16	31.7531045181878
"CCL3L3__neg"	2.22044604925031e-16	17.2081167869397	3.49736281643881	2.22044604925031e-16	14.8412537958792	13.3095628272461	82.0154164421223	1.95181068103699	1.59182888953003	31.1410984978071
"IGFBP1__neg"	6.29200706083227	5.09379803479744	2.22044604925031e-16	17.6857142381432	3.10412716269677	8.15437646405391	30.4834313743625	1.55937868965739	0.765509736615391	10.6126106079771
"CD244__neg"	17.5646302837442	2.22044604925031e-16	2.1933695415207	2.22044604925031e-16	15.3172720662605	2.22044604925031e-16	117.57359747286	2.22044604925031e-16	2.22044604925031e-16	2.22044604925031e-16
"SLC22A1__neg"	2.22044604925031e-16	16.5198456589409	2.22044604925031e-16	28.1474197281792	3.4267214585481	20.7777410928283	82.6396575758081	1.4414647953259	1.97273226183801e-07	2.22044604925031e-16
"RARRES2__neg"	2.22044604925031e-16	2.22044604925031e-16	1.96470059730991	13.5203421748179	2.29050661975148	2.22044604925031e-16	88.3383142784585	4.14061892984041	8.65178599261407	38.0008312958374
"PRG4__neg"	6.73170745987652	2.22044604925031e-16	2.22044604925031e-16	10.4849493588271	8.90031639101233	2.22044604925031e-16	34.7444612412807	0.262943260767354	8.64666323379238	8.78415131823954
"OTUD1__neg"	60.0885242373773	2.22044604925031e-16	7.11058732170945	21.4529936359431	2.22044604925031e-16	2.22044604925031e-16	86.8423009196781	5.711876453852	1.63078023720236	1.97296136455755
"HBG2__neg"	6.06048146333858	2.22044604925031e-16	1.75577657550228	35.4173249006455	0.902977576744958	18.1300944224166	85.0854091198191	2.22044604925031e-16	24.6797816397928	10.9016351169051
"PRX__neg"	7.69611697586216	2.22044604925031e-16	3.19889212928754	30.3509524665449	2.22044604925031e-16	2.22044604925031e-16	89.6610352229979	1.18152720717704	20.7053706197702	5.80217654507189e-16
"GYPC__neg"	2.22044604925031e-16	2.22044604925031e-16	4.87584677537415	3.53242037179106	2.5777082207785	2.22044604925031e-16	85.0928012293661	4.33945238985057	21.6063588947833	34.5756489769352
"XDH__neg"	35.636680371864	28.9394976576782	1.88894738144656	23.9496409999352	20.6222199660267	25.4215208873925	66.1437427628711	13.1767955128187	2.22044604925031e-16	2.22044604925031e-16
"CPB2__neg"	9.17847347559427	2.22044604925031e-16	2.22044604925031e-16	26.198120891318	2.22044604925031e-16	20.6742780105201	53.6919654387006	2.22044604925031e-16	17.0028834303509	6.61451299935061
"RTKN2__neg"	39.4344867076466	2.22044604925031e-16	11.5899067372689	10.1132235581218	2.22044604925031e-16	52.0890015211812	70.8697117740966	2.22044604925031e-16	8.15278367396636	2.22044604925031e-16
"MBL2__neg"	13.7395829958353	12.8835910877999	2.22044604925031e-16	12.1458988825121	2.74103940585971	10.1947396846023	40.6626573661633	2.22044604925031e-16	8.94135983391016	17.2218107540017
"RXFP1__neg"	32.5620223671353	2.22044604925031e-16	2.30367303765482	19.1548733742092	2.22044604925031e-16	17.9951018862554	86.2997865367749	2.22044604925031e-16	2.10595310148325	2.22044604925031e-16
"PGM1__neg"	54.7856154036372	2.22044604925031e-16	2.44748067222415	21.7439719654038	2.22044604925031e-16	1.10687571997933e-12	77.6781175470461	11.4774534064236	2.22044604925031e-16	26.3494919084792
"BDKRB1__neg"	20.5187339588978	20.746766577057	5.45564194120596	31.745174148477	12.9190885757814	2.22044604925031e-16	87.4637956181519	1.7971182383737	2.22044604925031e-16	2.22044604925031e-16
"NPFF__neg"	2.22044604925031e-16	11.3489266411474	2.31852900268758	21.6555440559937	7.21056476209209	23.8578824924772	47.4214905673893	2.34544155152781	17.1850019727103	35.4114343603484
"CARNS1__neg"	6.24453525899045	7.34534321860238	1.62380676367801	18.4376461418541	2.22044604925031e-16	7.71046720326184	56.3337814352511	2.22044604925031e-16	18.7331213968954	2.22044604925031e-16
"ADGRG3__neg"	10.2942267131554	2.24737811263077	5.72657647951212	2.44180789111879	9.76680026439856	1.8520340012258	116.577180739454	4.03761396590668	2.22044604925031e-16	6.5623692317777
"KRT9__neg"	8.49577345811698	17.2147346099492	1.79536041867989	20.6263979910574	8.49544196133512	16.8459045553277	38.2143170802457	5.28197543467562	2.22044604925031e-16	19.9201428245961
"HAO1__neg"	6.41887474796509	7.14344814992151	2.22044604925031e-16	13.6927949311808	4.95659027767082	18.5302391049093	35.2239046742915	2.22044604925031e-16	4.27298168720698	13.7602696687848
"C3__neg"	2.22044604925031e-16	1.81883164267433	1.15905718162808	1.76015233830047	12.7577920947525	2.22044604925031e-16	89.8522890812104	3.32558676160305	9.98990494759038	28.4392301204765
"UTF1__neg"	2.22044604925031e-16	8.26594503569121	2.64339309026483	11.3336505594724	5.56285113132457	9.41361156695846	59.1435073897125	2.90073885026995	17.1410945143086	31.9778004540589
"SPHAR__neg"	1.25760680008328	2.83522711289214	0.971240854406291	6.78143795515216	3.18972331446813	6.1800853354638	14.8436702349016	0.164261910516364	5.13807770698216	8.5669195101943
"AQP9__neg"	17.6722853274435	1.26197218777853	1.89519160648528	15.8201143032589	7.11277337513336	16.7568924728148	62.8106942493153	4.57115074628796	2.22044604925031e-16	34.3283692653641
"LIMS3L__neg"	25.0438566168398	1.32195037759013	3.43821624333493	23.9929371343183	5.443363157059	2.22044604925031e-16	83.259575606331	0.857121753405278	2.22044604925031e-16	16.0436737552905
"TNFRSF8__neg"	2.22044604925031e-16	3.68252053304322	3.24400343035301	2.22044604925031e-16	2.22044604925031e-16	2.22044604925031e-16	105.199501577452	1.65463902769418	8.37703219810501	22.769565461765
"CYP2C9__neg"	17.150866234761	5.78758527676185	2.22044604925031e-16	15.8618478169207	0.882726662266444	19.6022123786539	46.8885825157904	2.22044604925031e-16	19.4387040994503	2.22044604925031e-16
"LRRN4__neg"	7.17868813269955	2.22044604925031e-16	2.68616345456632	20.0084917311967	2.22044604925031e-16	11.3991784623371	62.7179899687752	2.22044604925031e-16	2.22044604925031e-16	26.8885449855413
"USP2__neg"	10.4581679537348	2.22044604925031e-16	1.67372906912505	42.5073332397028	2.22044604925031e-16	0.744558529610305	74.3041370964534	4.82840685218939	4.11614124385017	16.9773821349457
"KRT86__neg"	3.70496878531321	7.48099378832172	4.21437527609861	5.14191619407605	2.22044604925031e-16	11.6162352781865	41.2057778396668	3.25457857488581	2.22044604925031e-16	6.48431058678475
"SLCO1B1__neg"	6.3725288401957	8.60577507348474	2.22044604925031e-16	10.3328058089374	2.84676536479678	10.9572824842998	24.3486917613388	2.22044604925031e-16	3.2643624974411	4.18247319434515
"SERPINC1__neg"	8.4582428055695	8.79270733829592	2.22044604925031e-16	37.2222031869999	0.332653570525008	28.3733427438725	79.3273046913266	2.22044604925031e-16	16.166483572432	7.93778405173397e-05
"APOH__neg"	3.85272290059914	2.33064516459865	2.22044604925031e-16	9.30089456555996	6.89514585916673e-14	6.764156912372	21.9227834666429	1.17934297975761e-09	10.1279070701066	3.7401989982458
"ITIH2__neg"	12.1021522033561	2.22044604925031e-16	2.22044604925031e-16	28.5662778570527	4.41278390792796	13.3037455177055	77.6589647923326	2.22044604925031e-16	32.1520976841763	2.22044604925031e-16
"RRAD__neg"	2.22044604925031e-16	2.22044604925031e-16	3.11458610664895	16.6798784744701	6.66252814027078	2.22044604925031e-16	54.941382959219	4.29916556444792	1.43613131566201	20.4208491708753
"ADH1A__neg"	18.8182003800993	2.22044604925031e-16	2.22044604925031e-16	26.2356105225295	11.3850886639188	2.22044604925031e-16	79.3018702891041	3.10818870363604	54.4639950352926	2.22044604925031e-16
"DDI1__neg"	3.06190272708374	4.39001502622088	1.17478124267267	9.07458082873698	1.81923547767889	7.79079098035313	21.9396030598027	2.22044604925031e-16	4.86894370268518	6.87289079932255
"CFHR2__neg"	3.1494722101217	2.4858969478227	2.22044604925031e-16	6.00617476898033	2.56649971452067	5.70700610523468	13.0244950755489	2.22044604925031e-16	4.30264709482164	4.46994710020151
"ACOT12__neg"	11.4254693753237	8.27337680027961	2.22044604925031e-16	20.0176508690708	2.35852904274241	12.0925518529012	45.3134082877198	2.22044604925031e-16	11.1993833645695	0.702288461269194
"ADGRE1__neg"	14.1256896803797	2.22044604925031e-16	2.9038530949528	3.59841274738751	6.33905573620515	12.7409812901794	75.8292207494735	2.22044604925031e-16	1.73084720772121	26.200656597619
"PON1__neg"	4.75217487129924	6.51464537294046	2.22044604925031e-16	15.3508877506104	2.22044604925031e-16	12.0825748797121	36.6963953711639	2.22044604925031e-16	10.1604550999257	6.49055937296185
"SERPINB12__neg"	7.97963804780077	7.45233712071442	2.01606969087959	11.971033110786	3.70520714914221	8.61361474925348	24.6514454053949	0.613843601151841	6.60033036846182	7.29694131602875
"CFHR5__neg"	8.03950970513864	10.9353014044906	2.22044604925031e-16	14.9238015685967	0.417735654144958	16.1577301687118	33.3020861450695	2.22044604925031e-16	9.73158346194033	10.6965799190393
"C1QL1__neg"	2.17679690079051	17.0611792588772	1.60212569747039	22.560334097436	2.22044604925031e-16	5.44272517798897	43.6565506643334	1.26207216770383	5.27961091354504	16.8551025542816
"CTD.2287O16.3__neg"	11.8070442806105	11.7643413357717	2.47599977495303	16.3600770589942	5.62994548664844	15.7399005758197	44.5941003666624	1.81257433952128	8.87885895714352	17.9992192281157
"HBG1__neg"	11.7076812352271	4.00334097615579	1.86871369981346	19.3075053654409	4.96520620824063	16.835429288944	44.1359334397803	2.22044604925031e-16	14.1767990740675	24.4788931878446
"SERPINA7__neg"	2.72938402668531	4.90367746897969	2.22044604925031e-16	9.76647170956672	3.18538943933293	8.39858528059979	20.8486019842429	0.991605312085485	8.73226348638776	8.59471437752027
"ALPP__neg"	5.41940522049921	2.22044604925031e-16	2.18774546856671	11.9133960808572	1.3999898030521	13.7729210184992	32.6529343995618	0.514783719579896	2.22044604925031e-16	9.29192839018428
"CCDC64__neg"	13.8918179038535	34.2110658529584	1.95023879017793	3.50165122376877	2.22044604925031e-16	37.6056985387901	52.4624942023447	2.22044604925031e-16	24.0751944922706	2.22044604925031e-16
"NCR1__neg"	26.2774655366752	2.12915260163986	1.23561036263297	2.22044604925031e-16	4.99245403225731	16.0169719649827	101.749877100989	2.22044604925031e-16	3.70472891019887	0.00175248837730528
"FCGR1A__neg"	9.46361026327195	13.8321666045757	2.33350826729845	12.0671129491627	11.6605194671548	16.6731613901291	65.4851583417462	0.755140004412401	8.67282138969521	32.399740952719
"GDF2__neg"	5.42620019075491	2.21529499720586	1.11242223467207	11.2580132482089	2.41228167624723	9.05334525416255	26.1231432832406	2.22044604925031e-16	10.5594998786375	12.3352263960875
"LETM2__neg"	11.8356170386065	15.2747445195679	2.08131109153463	27.3208958471799	2.22044604925031e-16	11.9344855367444	58.7493206628941	2.39422976990281	2.22044604925031e-16	1.70014105507308
"MGARP__neg"	9.75266285277332	9.92280512569801e-11	2.13934053953075	21.405852866888	2.22044604925031e-16	2.22044604925031e-16	55.0299859492057	2.22044604925031e-16	8.90617923335896	8.29113800043227
"CLDN15__neg"	2.22044604925031e-16	11.3761407630856	0.939888081604465	10.7890663486172	2.22044604925031e-16	3.76592381374029	71.7470066952024	2.5674127853037	29.2038890187998	2.22044604925031e-16
"PRF1__neg"	13.5684531087347	2.22044604925031e-16	1.58348929319766	2.22044604925031e-16	15.3324435850275	4.56779850591294	104.334353545107	3.63118981943067	2.22044604925031e-16	13.8947431047195
"CCDC184__neg"	2.22044604925031e-16	6.40629208873482	3.61639910332191	26.0057092692479	2.22044604925031e-16	2.22044604925031e-16	76.3820867577911	2.68444441319749	11.4983821024769	11.1304212985158
"UBAC1__neg"	17.4815513890421	10.1075082794051	3.96735920178536	29.1239283601137	4.57840168905781	21.0606059977481	61.7036348874834	5.24290018154502	20.7339441537591	20.7965935331766
"C9__neg"	11.647074063929	11.7634740546071	2.22044604925031e-16	17.3322076477188	7.3051722494014	12.4760125869325	40.5803666770681	2.22044604925031e-16	1.29825236631124	6.11691033735911
"RGN__neg"	2.22044604925031e-16	2.22044604925031e-16	2.22044604925031e-16	27.324203652483	2.22044604925031e-16	2.22044604925031e-16	67.5800337112881	6.88076065783475e-09	24.0589228594159	10.587440701627
"H2AFB3__neg"	2.22044604925031e-16	7.83229856614882	3.16021851764775	12.1742306498014	0.0160571738925226	13.9424760865539	34.8437711640689	2.22044604925031e-16	5.73462911438809	4.97697807302628
"CPN2__neg"	12.649471120102	15.6403622130192	2.22044604925031e-16	22.0988172142775	2.22044604925031e-16	2.60154281215154	72.0297152240992	2.22044604925031e-16	6.66411598563559	2.22044604925031e-16
"ASIP__neg"	2.22044604925031e-16	21.091264610259	2.22044604925031e-16	14.6996129415899	2.22044604925031e-16	0.000779873037413513	80.1135381711726	2.22044604925031e-16	22.2865978037529	13.6093847228736
"CYP2E1__neg"	2.22044604925031e-16	14.6167918098786	2.22044604925031e-16	17.1623643071347	4.5064068414861	8.20518223233096	46.5262264897905	3.85786952744909	18.6788375736266	2.22044604925031e-16
"RASGRP4__neg"	18.2437977725154	2.22044604925031e-16	2.30921736031376	11.3627756788132	5.28615541635069	2.22044604925031e-16	80.8542048545281	1.32594982511873	8.16434172971499	18.5183543595272
"IL18BP__neg"	16.0126527773606	8.35609322594142	1.44582589038607	2.22044604925031e-16	10.7491566895224	7.6750385372916	74.0956524333022	1.88702486297478	6.01826979954774	16.0054026595013
"VAC14__neg"	2.22044604925031e-16	24.2331536784223	3.15936113379341	18.4637986699918	3.77339973541613	34.6170260037944	59.4771556733896	3.4707771889886	5.63547662036321	39.5825301423206
"UROC1__neg"	2.22044604925031e-16	11.3988300456107	2.22044604925031e-16	22.7865561447543	2.22044604925031e-16	18.2677935480086	57.8067993538254	2.22044604925031e-16	8.05547105446018	2.69631844780584
"AHSP__neg"	1.33681245964495	1.82636613289146	2.25501234233988	12.7475832745543	3.22022852384334	9.15186585374673	36.7898034624753	0.477037961926297	11.6350488226934	17.9528332224267
"GDF5OS__neg"	1.95726389368402e-12	8.73490950818912	2.74813997516442	26.0683461067641	2.22044604925031e-16	14.6265099066518	78.5918508823867	2.22044604925031e-16	15.8363318950843	2.22044604925031e-16
"VTN__neg"	2.85703114696142	0.290773895706854	2.22044604925031e-16	11.0604834441454	2.22044604925031e-16	4.54418649636083	33.8779355227389	2.69740400335983	7.20119260156302	7.31766728056728
"OPN1MW2__neg"	3.25061663092954	3.47994259383433	1.0950229679936	6.86623207026477	2.40334345932293	7.06160696711816	16.5397353000277	0.645484569506876	5.81843056867718	8.70231641343088
"GNGT2__neg"	16.1032698229326	8.36751490485055	2.86405203946462	2.22044604925031e-16	10.764947969509	21.6208514450572	68.8175277793856	3.21500054493627	19.5673254731751	50.1669941356012
"ARL14EPL__neg"	17.8828839555208	1.55753416092828	4.82423848466199	13.1220943626315	3.96171508521145	24.3205338533478	69.7793504121207	2.57255434717335	2.22044604925031e-16	25.9362329268015
"EFEMP1__neg"	29.4435640496447	2.22044604925031e-16	5.28272705721062	18.507774184894	2.22044604925031e-16	2.22044604925031e-16	81.954662217244	4.23506893381894	2.22044604925031e-16	13.1885159554771
"CRB1__neg"	21.9230149613184	2.22044604925031e-16	3.00027724412643	19.5519494676	2.22044604925031e-16	4.17031466765182	54.0977806980753	2.22044604925031e-16	16.1832097800221	0.00112225669516146
"BAAT__neg"	5.64972468969566	7.1561118522571	2.22044604925031e-16	11.4158255981462	1.28721574874935	6.37864131715129	27.7665696638463	3.38180926284803	12.5642185653477	4.01480909851271
"KIR3DL3__neg"	13.730130049935	13.527794444177	2.85952995419537	5.52261311605556e-05	5.82316747104823	21.677324716796	45.9198560880727	2.22044604925031e-16	13.1594422985869	18.6395601359165
"APCS__neg"	4.1062648197578	4.44501790223367	2.22044604925031e-16	7.68907284501037	4.42535515896784	6.67127520280965	16.7575036802819	0.0491879409663048	5.81917306019227	6.54465045996224
"RP13.512J5.1__neg"	2.22044604925031e-16	12.507399943646	2.00261715033553	19.8518414709844	7.19935010290826	18.975177428628	42.1446294823746	0.404966232820294	12.8392949706079	25.2677541136875
"KLRD1__neg"	19.5852429827044	2.09064740315934	1.91064484278996	2.22044604925031e-16	9.0308856866915	10.542654126198	112.902094479471	2.22044604925031e-16	2.22044604925031e-16	0.525078392548559
"IFFO1__neg"	1.73001496326628e-09	14.7653467968775	2.2575872227681	16.3467505923087	12.8117734974008	1.75792719620198	83.4785771634621	7.07703695259608	16.8103923333443	26.4294110624197
"PRAMEF27__neg"	2.2661623135635	3.38316861701873	1.72828801566483	5.2513660018513	1.67820614423056	4.9247790170392	13.1933587344603	2.22044604925031e-16	6.1066532341876	7.94527188215136
"SLC17A2__neg"	3.41660247651863	5.15612510718741	2.22044604925031e-16	10.6934456620431	1.5624145769974	8.52045728146167	24.7795094333321	2.22044604925031e-16	11.9010915846909	10.384208939093
"TVP23A__neg"	2.22044604925031e-16	4.26013962617775	3.19192165673785	2.22044604925031e-16	2.22044604925031e-16	0.967074431541026	75.8040493293696	2.22044604925031e-16	19.9020447873683	1.86578557422492e-10
"LCAT__neg"	2.22044604925031e-16	2.6306605987432	0.0629741344698256	31.3343957704745	2.22044604925031e-16	2.22044604925031e-16	107.18294381289	0.749429406081799	2.00414185671338	2.22044604925031e-16
"RP5.860F19.8__neg"	6.43572831770229	10.2169769891892	0.361933552376154	10.5697768971382	1.73722830527174	9.85740158051551	31.528980204248	4.17212203707222	2.22044604925031e-16	22.4601111295385
"DAO__neg"	10.5373488734183	2.22044604925031e-16	2.22044604925031e-16	8.34221686286973	1.35081506270064e-10	13.877082224381	54.7682339965707	2.22044604925031e-16	13.0195944272127	19.5828511057996
"ASGR2__neg"	2.03558419960441	2.54732224413607	2.22044604925031e-16	0.0983096834920945	7.41002367914677	0.845727666098023	47.4937673144911	0.833053333179538	3.79315058880872	12.8356212739702
"IFNE__neg"	12.7167731693898	18.6249774923537	4.54163548279162	19.0816779316344	11.5211205350238	15.1646595675814	62.3183084641213	5.82853813069185	2.22044604925031e-16	0.0174352811252014
"DCDC2__neg"	21.078803583606	2.22044604925031e-16	0.957619393266465	25.8999815425788	2.22044604925031e-16	16.260923421389	56.2384676278215	1.33166130911645	12.1308266865617	3.02432103793615
"P2RX6__neg"	1.26192463278393e-14	4.64023331483338e-13	3.07081745618765	31.9384327378952	2.22044604925031e-16	4.22608464819939	75.2665551177325	2.22044604925031e-16	14.8138449589505	0.0550091179840031
"GAS1__neg"	19.5813076446397	3.44984426707825	5.25011578707705	13.0723951335513	2.22044604925031e-16	2.22044604925031e-16	77.594806249567	1.11739320674336	2.22044604925031e-16	20.3907787903609
"MMP24__neg"	21.8503178389526	0.0019702604274189	1.18069979349914	32.0215071455375	2.22044604925031e-16	2.22044604925031e-16	78.0731449569077	3.44500042503911	11.5743625048644	2.22044604925031e-16
"FGF9__neg"	17.2719073866886	0.374613275978958	2.88980261177314	26.5564517480037	2.22044604925031e-16	1.59673037633569	64.5789797557954	2.22044604925031e-16	16.6528155503115	6.26764011487574
"MAT1A__neg"	7.50531819226943	9.28053296713546	2.22044604925031e-16	11.369073290383	2.22044604925031e-16	13.0450499394345	30.3065431218495	0.606328020925963	10.824986057416	8.19244227981591
"HSPB2.C11orf52__neg"	8.38261357831138	2.22044604925031e-16	3.85302851334254	18.0492285589582	2.22044604925031e-16	2.22044604925031e-16	76.7875527692414	4.90745626507204	5.54591966369166	23.0270900513669
"FZD2__neg"	2.22044604925031e-16	23.2126003504062	3.60775175441843	14.7593949199081	2.22044604925031e-16	3.22662438296201	80.7237641479903	3.43288316784949	2.22044604925031e-16	20.9462937666134
"RNASEK.C17orf49__neg"	2.22044604925031e-16	10.2165117662316	0.825847161464053	12.1208737843084	2.22044604925031e-16	4.02345709970472	49.8353747852339	1.04790461031992	10.8495397687275	15.4450882734958
"FOXS1__neg"	2.22044604925031e-16	22.0184797778604	2.08964902005088	15.4354867084685	5.00012861558194	2.22044604925031e-16	64.5604778185791	2.22044604925031e-16	16.1324868324267	27.6743763306751
"FBXO2__neg"	2.22044604925031e-16	13.1892835562406	0.919759803141263	19.9029039440762	2.22044604925031e-16	14.6879082626994	58.0797765082145	3.59275660148025	2.22044604925031e-16	23.3046242189093
"DPYS__neg"	7.12488435861185	1.7770360794656	2.22044604925031e-16	5.62049537338423	1.66925516077086	2.51448411166947	44.5749752741981	2.22044604925031e-16	10.0223889549849	9.32973267825079
"KIR3DL1__neg"	22.7250129104028	2.22044604925031e-16	3.31044351311524	2.22044604925031e-16	20.2687091605499	9.7967509839949	88.2647791668013	0.0893004417651122	5.70837845524946	15.9539172841347
"FAM179A__neg"	2.22044604925031e-16	1.53813093468133	3.0508487791404	2.22044604925031e-16	2.22044604925031e-16	12.1951152924654	94.9912607200917	2.22044604925031e-16	12.4251499574817	2.22044604925031e-16
"KCNH5__neg"	2.28408671660291	8.37333150167348	0.969105568886666	17.5619149197809	2.22044604925031e-16	9.78209051029279	46.2233419652258	2.22044604925031e-16	8.26638428565906	2.22044604925031e-16
"LIPC__neg"	4.15489894517238	3.09738882003887	2.22044604925031e-16	8.17161136927984	3.14124723057982e-13	6.06868121083458	27.4239404208095	1.75908956776108	8.94867829252227	7.88672300239308
"RP4.608O15.3__neg"	2.81305121624799	2.61072261534739	2.22044604925031e-16	4.7994226336986	1.38910837317519	4.50406842486274	10.9960123025939	0.459779631481995	3.38642362812722	4.21093104779208
"CYP2C8__neg"	4.23458296466888e-16	3.47345467737218	2.22044604925031e-16	19.8826709346533	8.02496508830543e-12	12.3709126542835	48.1317920543274	1.9931356580289	18.7357700374134	2.22044604925031e-16
"PCDHGA12__neg"	46.5711270770158	2.22044604925031e-16	1.93523929808015	14.7756407272295	3.28106227360596e-14	2.22044604925031e-16	69.8125635689367	1.10321034747856	0.850491643287613	7.12807333337818
"SERPINF2__neg"	2.22044604925031e-16	4.66609657438672	2.22044604925031e-16	10.0343285192782	2.22044604925031e-16	6.08242818958515	58.7796539748458	1.54864559795427	16.0762779569906	11.6522053609639
"APOA1__neg"	2.22044604925031e-16	0.746169862292325	2.22044604925031e-16	9.82596633387137	2.22044604925031e-16	6.87232649144649	20.0642262673843	4.22192246943339	8.2618432729834	8.12347075531012
"C7orf61__neg"	2.22044604925031e-16	19.7817177469913	3.16651389822685	15.598059095544	2.22044604925031e-16	13.2184174731072	59.2853790926456	2.22044604925031e-16	1.00885743035893	1.41287406935971e-06
"TRPV2__neg"	2.22044604925031e-16	2.22044604925031e-16	2.27798546227081	7.06308495773049	11.1479324050269	19.0451849035752	65.5994743846566	2.28569779026414	17.4291471306791	42.3760813586343
"NPFFR2__neg"	8.51107991633299	7.93601198077322	1.28160114404504	9.90730781555772	2.22044604925031e-16	6.77604188618844	29.932177100874	2.22044604925031e-16	9.06124807270747	10.7120530461984
"CD300LD__neg"	9.55773553396503	11.9271664070896	3.29183788336513	12.5894905552196	2.22044604925031e-16	17.6634683654525	75.6184469868659	2.22044604925031e-16	17.8908517205686	2.22044604925031e-16
"LILRA1__neg"	22.9273175522784	2.22044604925031e-16	2.74941363381207	4.14296457381586	6.5839442961362	6.03618300551043	82.6732183458452	2.90874477556754	9.92347151599934	32.0441465992903
"SLC39A8__neg"	42.6410284841434	2.22044604925031e-16	5.76186724752876	9.70602576963975	3.3563643600122e-15	15.697125796446	63.322477218757	4.27211005925962	0.561328529260475	28.9533045149009
"FTCD__neg"	2.22044604925031e-16	12.3244133999379	2.22044604925031e-16	18.291664183042	2.22044604925031e-16	12.0284963080815	42.0694664910134	2.22044604925031e-16	7.65143179063256	1.42899021117889
"SLC22A7__neg"	1.84491437278485	4.98535270934774	2.22044604925031e-16	13.1197726893331	2.22044604925031e-16	11.0120074632154	35.1603669985196	2.22044604925031e-16	12.6672960675822	1.8666971456896
"SLC12A8__neg"	30.6129224768073	40.6801651026333	3.98993672126818	13.9471045308535	7.05502634628527	12.943883401475	54.0723962330631	0.509872806996884	2.22044604925031e-16	3.8395667966063
"UGT1A4__neg"	10.1004004839939	15.1115291101971	2.22044604925031e-16	12.2335594820559	4.45105549878013	9.20637219018396	22.2350623931279	2.22044604925031e-16	23.4547314180003	2.22044604925031e-16
"NEUROG1__neg"	4.44754045598533	9.73709137654447	1.82324403070424	8.36876143591911	2.22044604925031e-16	8.36924895238341	22.5232993603969	2.22044604925031e-16	17.571855562823	11.3156577067445
"GNLY__neg"	2.22044604925031e-16	2.71841542376582	3.13211337689288	2.22044604925031e-16	24.4253473475621	11.7120640018039	91.3727879202762	0.858428477805557	2.22044604925031e-16	17.0229116146936
"TMEM151A__neg"	2.22044604925031e-16	10.5526516197459	1.28005840415079	19.5459093326747	2.22044604925031e-16	15.5051012208259	39.4235572024648	3.34869899875197	5.017217050129	13.1304722354311
"AC064829.1__neg"	4.89308572055122	7.65811645539931	3.03345284251351	11.3833739847157	4.03097141513499e-11	9.95205720020263	27.2733122030561	0.22775550125405	9.83692287757316	9.2197113053865
"GPR1__neg"	29.0251362558871	19.1250767737206	5.03024410806472	19.8402698061486	3.95574868758756	2.22044604925031e-16	67.3485451156934	0.185766289323756	2.22044604925031e-16	23.5150616984349
"C20orf141__neg"	11.2003281477032	34.1402400676374	2.66209820067784	8.10525966801824	11.694619448807	1.92496226805308	67.5976161977629	2.22044604925031e-16	2.22044604925031e-16	45.9038898079164
"BTN1A1__neg"	19.0441283974415	15.3228718184809	2.5828431447032	2.22044604925031e-16	2.22044604925031e-16	12.1105112800371	82.8480357170598	2.22044604925031e-16	31.6731327811094	4.53623626734021
"CRB2__neg"	8.74660001201264	4.80335125811002	2.81916176994185	10.0234456038967	2.22044604925031e-16	6.40233816980137	53.9008114600999	1.20780004359651e-14	21.0334259763916	0.10850704564471
"PRODH2__neg"	3.41064480265815	4.8226107245131	2.22044604925031e-16	8.67816887288194	0.981397420459916	10.7529208664044	27.2138342573474	2.22044604925031e-16	9.97065301457969	10.2102300943083
"PRAMEF9__neg"	3.0615854348809	3.53736727699302	1.3980459601082	6.76635643787523	1.98197346291974	6.69905390833702	15.7221852913385	2.22044604925031e-16	5.66773852689125	9.3261145197675
"AHSG__neg"	2.90603309064101	4.70057712937255	2.22044604925031e-16	10.8489222629413	1.52054345278801	9.35998475240679	19.0639986688236	1.56184310609147	3.70715199306837	5.79552766450285
"FAM153B__neg"	7.45481486610375	1.7456411400912	1.90154948367359	16.2308632037925	2.22044604925031e-16	11.6439667145823	63.1126552806605	2.22044604925031e-16	23.8777299538799	2.22044604925031e-16
"NRG4__neg"	18.5445908529234	12.2874396363374	4.38771605056552	21.3285536061715	4.52431381853478e-09	22.3038593462522	60.9945342639979	2.22044604925031e-16	14.6343185687684	2.22044604925031e-16
"RSPO1__neg"	10.6615939883755	2.22044604925031e-16	4.41274522233862	10.2411831321287	2.22044604925031e-16	2.22044604925031e-16	67.8011908572932	2.88309161411217	23.5557362991706	11.7616015098139
"ISM2__neg"	11.1348751978287	13.5172597609933	2.27149252351381	20.230081807506	2.22044604925031e-16	7.21541702453978	45.896747805719	2.22044604925031e-16	5.88549753282985	7.89968590523386
"CPA4__neg"	12.4997555230384	13.8391827975622	2.093100606451	14.1711259515369	1.58147964653198	10.3026354708629	48.3549162751753	1.18761644839837	2.22044604925031e-16	11.7981737463963
"PROCR__neg"	6.18040248199137	3.55331382377839	2.35557469856694	24.9304338627607	2.22044604925031e-16	2.22044604925031e-16	86.8087083685692	5.97670967727498	2.22044604925031e-16	17.7921232204207
"ANGPTL3__neg"	26.9923805002848	24.8744907653446	2.22044604925031e-16	33.6495881724342	2.22044604925031e-16	27.5014859022803	72.8578928258805	2.22044604925031e-16	13.8888697478457	2.22044604925031e-16
"RIMKLB__neg"	2.22044604925031e-16	2.13250150174984	3.52105388663946	32.8453946676337	2.22044604925031e-16	2.22044604925031e-16	94.9072626982296	0.64624030084632	10.2454298900881	2.22044604925031e-16
"GYPB__neg"	18.0313278343332	2.22044604925031e-16	5.12077699501592	25.9619268859983	3.90794057294627	19.2448075761667	80.6234859494373	2.22044604925031e-16	24.2836857626204	8.31194754910944
"ZNF683__neg"	1.08397834418412e-10	12.5712983965675	5.32025711519712	2.22044604925031e-16	29.0936083320244	12.3101864581228	104.794227384704	2.22044604925031e-16	2.22044604925031e-16	0.889981753759561
"SLC17A1__neg"	8.1158836119735	6.70658302301616	2.22044604925031e-16	19.975137514742	3.25934673653541	16.4852661493765	41.6698093697524	2.22044604925031e-16	14.0797872096926	13.2036113408879
"RTP3__neg"	16.9712497750811	18.4251556457267	2.22044604925031e-16	17.4057978168095	2.22044604925031e-16	17.1020335023715	64.1374073938267	2.22044604925031e-16	17.6609261659603	14.4577909648581
"C10orf105__neg"	11.7070482731215	2.22044604925031e-16	6.25360697702069	2.22044604925031e-16	2.22044604925031e-16	2.22044604925031e-16	115.04784257721	2.33175717388962	32.1968267706989	2.22044604925031e-16
"HBD__neg"	18.7466812054095	2.22044604925031e-16	0.89033472814338	5.77275307008184	2.1924334435609	13.5610674786643	81.5906046749084	3.08751349219552e-11	27.2770659718935	42.6177232563754
"CPXM1__neg"	2.22044604925031e-16	21.0645458656443	4.75692965889913	12.2794081770105	2.22044604925031e-16	2.22044604925031e-16	79.5111061645644	2.53133912285378	2.22044604925031e-16	17.207365425425
"CD14__neg"	14.7025775549452	16.7373589905955	4.35023396319919	23.1654020395537	0.00196410738916001	21.790582201763	66.2505794055016	2.22044604925031e-16	4.72612432089154	34.2928386375211
"SH2D3C__neg"	3.38440885558123	2.22044604925031e-16	1.72382565968197	2.22044604925031e-16	0.380047364958698	2.22044604925031e-16	103.120218680302	3.41092845402199	20.8413954067034	6.1403112173577
"STX11__neg"	44.0917384695462	2.22044604925031e-16	3.65000420281722	2.22044604925031e-16	13.1712156372854	4.21206816420182	80.1383996142217	1.7070595279249	0.00205446414993076	18.9979975308758
"HP__neg"	4.85487654881645	2.79908999786311	2.22044604925031e-16	11.7201172756733	6.43591562055679	3.99287341080262	31.5675005196466	3.10340116881167	8.82525106293792	13.6766393173781
"IFNK__neg"	19.5866611031014	10.566564623158	3.79262914679203	22.7277404824687	10.576413925895	21.5192017755608	62.6841161685332	2.22044604925031e-16	2.22044604925031e-16	10.261609189249
"IL26__neg"	19.1802405258246	15.6066831775449	3.5068757414994	2.22044604925031e-16	11.0121744700463	22.2921018716312	86.5227247352373	2.22044604925031e-16	15.0086924633482	13.26807281057
"HPR__neg"	5.6827324894997	2.22044604925031e-16	2.22044604925031e-16	23.057919446326	7.10105292553649e-10	2.22044604925031e-16	86.4153643123662	2.22044604925031e-16	37.9547827574437	15.4696093748829
"AMBP__neg"	1.06408631384111	5.87497337546731	2.22044604925031e-16	13.2308602909362	1.13140842400982e-14	13.4391307335066	26.6305687017591	1.75552449302554	13.2527020136226	4.99827896548595
"SMTNL2__neg"	2.11181040438944	2.22044604925031e-16	1.95215037814553	24.0806514693319	2.22044604925031e-16	0.547948663187793	59.5963083065715	2.5139001919161e-06	21.7164753128236	22.4806821139507
"OR52A1__neg"	2.38866051418291	1.87410733908299	1.14407377222252	6.86936691295588	2.06733421082777	7.33220487452918	15.439573461648	2.22044604925031e-16	5.45217081852565	7.17213916047284
"CCL8__neg"	23.2930181062085	11.4257319952391	3.83118724664887	2.22044604925031e-16	5.88456015996871	5.10455674130774	86.3949811576579	0.977458494450113	2.22044604925031e-16	40.596622792347
"DNAAF1__neg"	2.22044604925031e-16	2.55186676179155	1.83201338358712	21.9725381855665	1.56661328579322e-05	27.2173126886521	70.9930909785922	2.22044604925031e-16	24.4587693699219	12.4139063199776
"TMEM100__neg"	15.731893229538	2.22044604925031e-16	1.51975557338372	17.5137117377488	1.64590871141428	2.22044604925031e-16	58.5156375024735	1.99211370657531	19.2670168528546	18.5642982836144
"C8B__neg"	6.91904914305783	2.22044604925031e-16	2.22044604925031e-16	14.4123512145651	4.76352759089609	10.1914232403165	32.2810776249923	3.64255916215021e-08	9.87725044239147	14.0848395949945
"HAS1__neg"	5.46938161722793	3.08319212598547	2.55651723992646	14.4296249991129	4.00750667800984	2.22044604925031e-16	46.7733365517608	6.28367626700914e-14	1.69124569326037	19.3815867622763
"SLC25A47__neg"	1.86432308265622	4.41534086193788	2.22044604925031e-16	7.91232199425704	1.07524650191512e-12	9.0956576650636	21.4167167272405	0.901905100075318	6.82755892209256	8.31653746571088
"OR4N2__neg"	10.0418450422844	8.05610502579119	1.7114446283088	18.7412707567463	2.56588348493615	19.4125755312133	46.0831299564797	2.22044604925031e-16	13.9862707825811	18.1707331570199
"KIR2DL3__neg"	21.545417737106	2.22044604925031e-16	3.23946495445239	2.22044604925031e-16	16.454718090858	14.2911840329259	88.48649022888	2.22044604925031e-16	2.22044604925031e-16	15.6485894831933
"RXFP2__neg"	12.5695422405277	2.22044604925031e-16	2.51127266149637	18.4642472888573	4.19363232429866	11.7970499154874	44.1913434445418	2.22044604925031e-16	9.59607570336222	21.0868841770237
"PRAMEF25__neg"	4.36504310482498	3.35863389383505	1.60831108597603	9.45906129460501	2.37779312343988	10.6497980900907	22.6579371184185	2.22044604925031e-16	5.65788046330338	11.4405362685486
"TEX40__neg"	2.22044604925031e-16	18.9368148404825	3.77971657418762	24.0556453729232	2.22044604925031e-16	20.5896265860966	50.7009843625789	2.22044604925031e-16	14.1451887425382	0.302939924276728
"KIR2DL4__neg"	24.0898796372274	12.8366729030463	4.05148927063808	2.22044604925031e-16	17.6688417264522	22.5444729556615	89.0110674505642	0.903517428998655	2.22044604925031e-16	1.34622758163979
"MEDAG__neg"	18.45116358196	5.08723169199793	3.93433627454722	15.8970350030578	0.613819947819466	2.22044604925031e-16	71.087798402351	0.609452527422909	2.22044604925031e-16	27.9753633363636
"AFM__neg"	2.31150000898691	2.4089683906544	2.22044604925031e-16	8.90553514615966	0.738831671017767	6.98603287240508	17.7546321522478	0.602804389191014	7.34910730298626	6.55582255784306
"KIR3DL2__neg"	17.5395986009364	2.22044604925031e-16	1.25222913069447	2.22044604925031e-16	20.2201236581611	13.365344451129	97.8283260808358	2.22044604925031e-16	2.22044604925031e-16	8.39422551482668
"ELFN1__neg"	2.22044604925031e-16	22.7232697966519	0.798806288095978	23.4370514305489	2.22044604925031e-16	2.22044604925031e-16	90.8916739898805	4.2660597441436	3.49397949831362	17.6394945031347
"PAEP__neg"	4.80398025111226	10.8480086861055	1.36418291774465	10.3460901399895	1.65525243286232	7.21386025726955	30.2569655398121	0.131963933022332	2.22044604925031e-16	10.5739910528344
"OLAH__neg"	7.4409901298323	2.22044604925031e-16	2.36192409201764	18.8741975091813	0.0787923728458229	11.5747836011339	48.6287113539692	2.22044604925031e-16	2.45946335790918	0.710672384416017
"CD247__neg"	3.8067929134337	2.81163346260209	1.67169228887382	2.22044604925031e-16	19.6760118568272	11.8155799374158	110.542322472652	4.17666050648377	5.31881907744126	10.290748368707
"INHBC__neg"	21.5015301767612	22.2340334955225	2.22044604925031e-16	27.6068330623025	2.22044604925031e-16	24.5761195643676	63.5433739324745	2.22044604925031e-16	19.4313906232469	3.15482761222652e-15
