"Gene"	"IS01"	"IS02"	"IS03"	"IS04"	"IS05"	"IS06"	"IS07"	"IS08"	"IS09"	"IS10"	"IS11"	"IS12"	"IS13"	"IS14"	"State"	"MaxFC"
"CDHR5"	"CDHR5"	1.94008193554844	0.000895473724953684	-0.182837018791835	-0.0328993594853136	0.0843469103685898	0.223785458070188	0.0532759267366185	-0.001720655681116	-0.12722960293041	-0.300885746529037	-0.110600234406065	-0.11902758175471	0.0441603473394932	0.243549337613828	"IS01"	1.94008193554844
"ALPI"	"ALPI"	1.93151044233873	0.0878544001520922	-0.195284361030773	0.176638276894105	0.192412639603285	0.0703732910249968	0.0019429371729742	-0.0935904772942358	-0.136780903736738	-0.179645521963289	-0.106161533895679	-0.154078139285969	-0.0218644406373802	0.0431754582494223	"IS01"	1.93151044233873
"C11orf86"	"C11orf86"	1.79694718399432	-0.046685277913214	0.0649578996841515	0.0357792899575281	-0.121238781434922	0.25302482391313	-0.0204822859493382	-0.201194289641803	-0.0606016100427681	-0.0562257275767303	-0.0785008987698388	-0.181489825933046	-0.128179458320003	-0.0930937938947028	"IS01"	1.79694718399432
"SI"	"SI"	1.65478160818071	0.318324609460039	-0.0135653096450876	-0.0760534558048681	0.309233214834054	-0.112031704663863	-0.0217475823452589	-0.0693591933927463	-0.0431520022503493	-0.145328592286452	-0.101173418314625	-0.106736765337235	-0.0115645130399193	-0.0746409039879959	"IS01"	1.65478160818071
"APOA4"	"APOA4"	1.54408039876754	-0.0444015201678502	-0.130210433045691	0.129136302392047	-0.01902170440092	0.10827969923044	-0.0601550656014964	0.00905351637273781	-0.0496607764510111	-0.129337787725872	-0.100142388267451	-0.0914890567703369	0.011420998976624	-0.00901311390705373	"IS01"	1.54408039876754
"GUCA2A"	"GUCA2A"	1.53831034194468	-0.0378447892595171	-0.129099900553918	0.0696485623161764	0.290367838658784	-0.080435222294648	0.0290336258064742	0.0853125212933291	-0.0798255244413006	-0.14454811842269	-0.106349766504006	-0.118506109085314	-0.01690300224653	-0.0672630599079326	"IS01"	1.53831034194468
"MOGAT2"	"MOGAT2"	1.4848060509278	0.0267958971809814	-0.101958745231436	0.00518982362814023	-0.177057509299436	0.433259022055439	0.0232924542946707	0.00517838780787253	-0.092452226140512	-0.136657260113885	-0.0967702135455297	-0.134411410230018	0.0352466610757351	-0.0469291499806987	"IS01"	1.4848060509278
"SLC26A3"	"SLC26A3"	1.47818602882296	0.141550472589824	-0.0588102799919071	-0.0931070137525723	0.042663217349964	-0.0382455349493116	-0.00911962354794636	0.739643141326863	-0.197423219486059	-0.316453773748335	-0.142929993972078	-0.0682969872850111	0.0315834283644382	0.0974524822776315	"IS01"	1.47818602882296
"CREB3L3"	"CREB3L3"	1.44863734597102	0.173913243138859	-0.147841891426295	0.0212393999078267	0.00217932532123332	-0.0155817600652587	0.167825797149982	-0.0766760106028885	0.140700034929546	-0.107491808696201	-0.179426955497637	-0.117914514857077	-0.10113084650729	-0.0917247716485417	"IS01"	1.44863734597102
"LRRC19"	"LRRC19"	1.41834683566874	0.212427647514088	-0.165001513701479	-0.0840173256486815	0.0724821709544146	-0.0539330553384834	0.0678722570508256	0.193281484072434	-0.0719978335031248	-0.28886024416708	-0.155097328931864	-0.140062508249263	0.180532695134395	0.371465232651773	"IS01"	1.41834683566874
"TMIGD1"	"TMIGD1"	1.40629095903553	0.513424076315829	-0.0716980780522683	-0.0389023453541934	-0.00289687760645283	-0.0830576194516724	0.024420397525879	-0.00107625501292088	-0.0875638448880603	-0.140626121964213	-0.0594239084546237	-0.10969913949863	-0.0453697455783138	-0.016736760056423	"IS01"	1.40629095903553
"FABP2"	"FABP2"	1.39336720530465	0.11360025512018	-0.0901948630703473	-0.109939336237037	0.127365630839903	-0.0267805769340498	0.0807051243896922	0.169458191474906	-0.107240280402482	-0.370691519882472	-0.113429684726339	-0.118869755569804	-0.0409067648405061	0.667529421640483	"IS01"	1.39336720530465
"CLCA1"	"CLCA1"	1.3586350869422	-0.00256484540242456	-0.0350969980967941	-0.0479270991975227	0.557936971380936	0.117455527197003	-0.037862446180762	0.0161062114442951	-0.101644914928566	-0.142111190793098	-0.0969997259783486	-0.0741482228793904	-0.113369384245083	-0.0280543730769132	"IS01"	1.3586350869422
"MS4A12"	"MS4A12"	1.35072358872157	0.403133667555216	-0.0183200687350759	0.00366232530650888	0.0089557461906215	-0.137992616439874	0.00320297674697453	0.0540990670662447	-0.0777479541904339	-0.116943411492934	-0.106420123954051	-0.0302153176041253	-0.0474849247046637	-0.0849755898206672	"IS01"	1.35072358872157
"AQP8"	"AQP8"	1.30500246633142	0.335308890366375	0.0162907845184493	-0.0687939166376262	0.0505463189574362	0.0450465857262016	-0.0501020996802186	0.0274343952723403	-0.11047891274686	-0.128035327186352	-0.0509830633647067	-0.0199328456615557	-0.149790490430238	-0.0276131374799003	"IS01"	1.30500246633142
"SLC6A19"	"SLC6A19"	1.29239981212116	0.0503464602307481	-0.0941953145218387	0.10971975609102	0.390205774046802	-0.00549124952239284	-0.0172285117774025	-0.0855392529743149	-0.0727576799888578	-0.149612239664899	-0.0759461978390889	-0.116953146273742	0.088269471444733	-0.0414728723240092	"IS01"	1.29239981212116
"DHRS11"	"DHRS11"	1.06569319351874	0.048520775956311	-0.155239448497043	0.304961673674537	0.111589093835008	-0.114966838179062	-0.102708341221958	-0.153695183146027	-0.205634488333582	-0.0491309894705757	0.10529998294171	-0.344245987664576	0.100532262786082	0.129914372280478	"IS01"	1.06569319351874
"CA7"	"CA7"	0.995725306064515	0.352307124611725	-0.160281492163982	0.39428501852721	0.307375243816776	0.0245077823017747	0.0103980092815608	-0.203063665255907	-0.126995134450784	-0.242896977608918	-0.0483380507227558	-0.0949950024992712	-0.154016686817454	0.384163363373916	"IS01"	0.995725306064515
"UGT2B17"	"UGT2B17"	0.890864627894281	-0.017422978808821	-0.0571185248226652	-0.0220600067206713	-0.107557273220065	0.0629465997190814	0.592853714532518	-0.106324641132114	-0.147525251292491	-0.198397061140311	-0.154651818151693	-0.0498181911858267	-0.157268811097931	0.139994139683051	"IS01"	0.890864627894281
"TBX10"	"TBX10"	0.853160377888528	-0.00452182552544996	-0.0841370190436704	0.225374717960237	0.541876141397898	0.0986962204092222	0.129624892745501	-0.1823699353582	-0.154228254980323	-0.168645006929094	-0.0475785672588575	-0.147019674586107	0.0419484252035214	0.0275444944927844	"IS01"	0.853160377888528
"MEP1B"	"MEP1B"	0.849033354653116	0.123483686039492	-0.175307503231086	0.0083010983110473	0.734214122415939	-0.130304472795134	0.0830079059217676	0.267664663648482	-0.102460160404433	-0.323239766137071	-0.112677269884519	-0.148906114166588	-0.0219527719566999	0.473778059115338	"IS01"	0.849033354653116
"RBP2"	"RBP2"	0.837098786299456	0.0637055487318356	-0.206840831811047	0.2950028947698	0.0484742665683841	0.0798821832771611	-0.0839039984290533	0.40216512920919	-0.0929089003735255	-0.188463910794292	-0.098508832837081	-0.0966195428684143	-0.0951744867633137	0.227847036939232	"IS01"	0.837098786299456
"TM6SF2"	"TM6SF2"	0.827130834495145	0.039983602995212	-0.190700724907687	0.237323752216713	0.253420049436062	-0.0629656895984102	-0.00714546880860434	-0.279014102919026	-0.149994059869577	-0.185480073773075	-0.216561669586811	0.723293304316276	-0.0856122314542424	-0.0809888974684446	"IS01"	0.827130834495145
"LYPD8"	"LYPD8"	0.818116432388976	0.00726125495000325	-0.0669086248305461	0.468110635073253	0.0962434685605508	-0.123309048807204	0.0889059513729937	-0.157919951328182	-0.107081974930141	-0.223149042046245	-0.0487781294999788	0.00878463147968749	-0.0488855728938695	0.183717579062339	"IS01"	0.818116432388976
"C9orf57"	"C9orf57"	0.804942229631307	0.587748410663859	-0.121385123996777	-0.0547962901326376	0.13743334132111	-0.0461286472963106	0.00128035802778829	-0.0486505326944966	-0.0616355559804073	-0.0755870041926585	-0.0239886839625583	-0.114024962799717	-0.0278284126054278	0.0159304066727217	"IS01"	0.804942229631307
"MTTP"	"MTTP"	0.803031510377661	0.248960043643517	-0.26893658017536	0.124786541463808	0.220726184158149	0.0535069229947282	0.168641679856201	0.334806483908367	0.137659196369327	-0.481640253752729	-0.180024534707486	0.0921505891012966	0.174734405848724	0.175909685675294	"IS01"	0.803031510377661
"SLC5A11"	"SLC5A11"	0.798597221789488	0.52038256053221	-0.162972201031991	0.645977414961666	0.403977999288357	-0.119807898171895	0.16232886328791	-0.161883525260984	-0.105763448558471	-0.296242749962118	-0.158096271765706	-0.14832219683969	0.0497524040089385	0.325741533843863	"IS01"	0.798597221789488
"DNASE1"	"DNASE1"	0.794639295853558	0.306763860572784	-0.201208567860063	0.221832417185279	0.42785227578019	-0.114996457634949	0.078721468504163	-0.376557498861729	-0.166725958537926	-0.353681951353838	0.0370111754459041	-0.259857857197277	0.299413286078252	0.743871311285712	"IS01"	0.794639295853558
"ENPP7"	"ENPP7"	0.761853427996274	0.162976312918168	-0.2745322079474	0.166200825453108	-0.0245117056706934	0.101937176257815	0.560224304371889	-0.111097484864789	0.323843375234577	-0.226077327550814	-0.304137193526712	-0.086953325278331	-0.120508412308911	0.0648966560191548	"IS01"	0.761853427996274
"CES2"	"CES2"	0.7388742173169	-0.141448033520098	0.677636278529815	-0.115345188525897	-0.207144531376567	0.0122505520751089	-0.0729363390378862	0.466981990624108	0.0393469569062792	-0.48075412013494	-0.0916096142239803	0.0520841841516232	0.21484193191118	0.246426418016705	"IS01"	0.7388742173169
"TRPM6"	"TRPM6"	0.666482718102863	0.104364584480908	-0.0194030848410476	0.286266228119208	0.353083242040218	0.0394151563616708	0.203689704953606	0.562688425373057	0.0679171051477389	-0.414720408722525	-0.242645566845557	-0.0588126231251362	0.00434305970998934	0.111936950516033	"IS01"	0.666482718102863
"B4GALNT2"	"B4GALNT2"	0.621880699148287	0.0909396719685322	0.0115464441098587	0.0654726110312961	0.328540616086566	0.0603779843976483	0.1026895372069	-0.0292964141961604	-0.0132978731057283	-0.358104246396235	-0.0987529946462762	-0.106566160858518	0.573663292915873	0.161109275808193	"IS01"	0.621880699148287
"MS4A18"	"MS4A18"	0.505334453168895	0.291950671304134	-0.133836751288002	-0.057144316546921	0.033697113750853	0.0316876907051972	0.0126762072866946	-0.0671002105890476	0.0977853191720921	-0.124366729828579	-0.124036984388413	-0.0652400865786542	0.0143531668534601	0.40780826984442	"IS01"	0.505334453168895
"CIDEB"	"CIDEB"	0.485564863088744	0.00363104578690816	0.0728738040907787	0.167567340384006	0.0654684710123933	-0.0117956086965374	0.318493876584532	0.203426794548517	0.0137500600013179	-0.208316559561866	-0.205525616302267	-0.023978738869001	-0.168096270630214	0.12467603459618	"IS01"	0.485564863088744
"OR2G6"	"OR2G6"	-0.0268287274816022	2.24709699048374	-0.0506764267252588	-0.0140071051978186	-0.0217879197985605	-0.0437618437880894	0.0802903498840283	-0.0821136479576314	-0.0341595509535129	-0.112976425590435	-0.0699069565217449	-0.0427507576919483	-0.124457501940232	-0.0253952843106151	"IS02"	2.24709699048374
"DUSP21"	"DUSP21"	0.653574775650055	2.16014728917853	-0.110055345105652	-0.0146285966460072	-0.0630307306417989	-0.089488523055655	-0.0219985411149416	-0.071401771187229	-0.0191012559937262	-0.120243746032414	-0.121313480657621	-0.11353597220608	-0.0599558463318886	0.0513042469053061	"IS02"	2.16014728917853
"GJA10"	"GJA10"	0.215185784443623	1.82360954557225	-0.0461893367198259	0.296171923462686	0.153199363992645	0.034467438192749	-0.0484579881091917	-0.101398271759661	-0.090265425077238	-0.118616042714132	-0.100482505544373	-0.136464109912586	0.0328921106284899	0.00577074366043021	"IS02"	1.82360954557225
"OR2T35"	"OR2T35"	-0.0559912727428538	1.80624445243908	-0.0396260887606374	-0.097943476481326	0.0546005648856566	-0.0881490228971537	0.218305503567188	-0.0626848514109991	0.0337979012083324	-0.117717660455294	-0.101341871084109	-0.0865601564391855	-0.102356559426731	0.0184391092722	"IS02"	1.80624445243908
"FSHB"	"FSHB"	-0.0216773264537662	1.68368331773925	-0.0784179811358563	-0.0861753727934353	0.238226565978696	-0.0864467033701642	0.0195654521814605	-0.0869400139602659	-0.093585471923733	-0.115107520823648	-0.0102131762690317	-0.0553321227947354	0.0829606453223496	-0.00843396049215667	"IS02"	1.68368331773925
"LEUTX"	"LEUTX"	0.0351627419191296	1.63283962259856	0.00731428098559396	0.302910156793433	0.308757550811631	-0.108233369739101	-0.000918811890759587	-0.12060907098922	-0.0592886958064889	-0.108223094974569	-0.0873331716605873	-0.1051166054704	0.0115855676293251	-0.0546122858846653	"IS02"	1.63283962259856
"DEFB118"	"DEFB118"	-0.0317095373719981	1.63155626992697	-0.147848649087399	-0.0327425851723998	0.258084128229673	-0.139284026680292	0.010473971141659	0.256182145342215	-0.112630968869792	-0.0737736877518189	-0.0865692945762363	-0.0879073133851579	-0.0659255741092643	0.0158092751799884	"IS02"	1.63155626992697
"OR2M4"	"OR2M4"	-0.0670744830082497	1.36603692816059	-0.00674586377375838	-0.0627588443556891	0.129399047153527	-0.0267780543890311	0.0266408899117403	0.0243438743716988	-0.0696985929134101	-0.0572895040114769	-0.0576618363900203	-0.0288920949814979	-0.0643314068433187	-0.011672840312833	"IS02"	1.36603692816059
"HMGB4"	"HMGB4"	-0.114579588645302	1.33047920275481	-0.0147980523276747	0.102519521199748	0.325185414209106	-0.00196834638435481	0.0710591281395337	-0.0978119805068436	-0.0569290825066853	-0.0782410390502555	-0.0602334585440822	-0.000701822650333183	-0.101055580893096	-0.11872463360043	"IS02"	1.33047920275481
"OR2T10"	"OR2T10"	-0.0385700041980907	1.30571621823125	-0.0340080192759674	-0.0592181694758298	0.13176465168795	0.176655937596804	0.102506651658594	0.0145264580051133	-0.068044541103947	-0.0928124908318737	-0.0661977410467656	-0.0597009146794395	-0.0757158883586203	-0.0383481946473477	"IS02"	1.30571621823125
"NEUROD6"	"NEUROD6"	0.0356849797791333	1.24700081874473	-0.0236298533703323	0.00166874161992888	0.664447481968778	-0.0977759844818083	0.0687066754427191	-0.00389018746460924	-0.0842897689211798	-0.106072242444001	-0.0755777300575951	-0.102056084833776	-0.0780249628781079	-0.0141931148127213	"IS02"	1.24700081874473
"OR2M3"	"OR2M3"	-0.0132820297565832	1.20583404774874	-0.109214971154424	-0.0347696727059943	0.405123481066777	-0.0753480663723976	-0.0391105865675371	-0.0479889973112329	-0.0306454791949428	-0.0461953247489902	-0.0398806381535964	-0.0161030661768874	-0.0197685773405503	-0.0623967564113653	"IS02"	1.20583404774874
"OR2T4"	"OR2T4"	-0.0283225691682648	1.05985355416701	-0.0851008650959406	-0.0615130316941936	0.245384676491565	0.00526936596430321	-0.0426267699604058	0.198421931115474	-0.0821122267845437	-0.0951248655169977	-0.101723780984026	0.162333994567405	-0.100811511490886	-0.0353440889938194	"IS02"	1.05985355416701
"KIR3DX1"	"KIR3DX1"	-0.077350862864704	1.01914844711549	-0.246167157930996	-0.106125069556029	0.230749688090788	0.0576265689168054	0.48466167878854	0.0545257163765068	0.195115671960608	-0.413530427160981	-0.217605054142305	-0.204758807286276	0.0451927393192026	0.753211172334963	"IS02"	1.01914844711549
"TTLL8"	"TTLL8"	-0.0605723255691004	0.939056094095539	-0.0662810173151828	0.202891109990243	0.309288536874608	-0.0793648891403403	0.0989993202599967	-0.0830228582031075	-0.070124619128079	-0.079422123324671	-0.0477123793294729	-0.059763597776136	-0.0685129573329234	-0.00428801733506103	"IS02"	0.939056094095539
"OR2T5"	"OR2T5"	-0.0381473628718754	0.912325302591091	-0.030066658269944	0.0172055933657273	-0.02868143038714	0.0350875654946765	0.0363082008213788	0.00252447236353754	-0.0212553674512275	-0.0667748535427398	-0.0184934424745339	-0.0163438856056192	-0.0509984066748905	-0.0272363506856793	"IS02"	0.912325302591091
"CDY2A"	"CDY2A"	-0.00945775033454874	0.782019394137063	-0.023990414716754	-0.0326096645290441	0.162734229457831	0.0133165782514561	0.0291240342470973	-0.0387329396981104	-0.0485588767189743	-0.0433355105368592	-0.018604494790549	-0.043052711486886	-0.00591687019343447	-0.0285157374649802	"IS02"	0.782019394137063
"GIP"	"GIP"	0.427689541631703	0.713091655981442	-0.0948700137604615	0.699718987001856	0.102963179149782	0.0223777522559772	-0.0154761187141512	-0.288046999923983	-0.131064594541939	-0.218643852428821	-0.136614061382898	0.333863624848291	-0.0862909593945729	-0.0125471272769419	"IS02"	0.713091655981442
"OTOL1"	"OTOL1"	-0.037980422805769	0.6970043470946	0.136717568674626	-0.137906656867639	0.0527424256325802	-0.13205014362765	0.0124374383750504	-0.119283497530267	-0.0386026820997163	-0.159630395067831	-0.0267321314121282	-0.117276754114647	0.00451003116428386	0.669248682383891	"IS02"	0.6970043470946
"SLC2A7"	"SLC2A7"	0.431202465758239	0.649960041425976	-0.0356604103381766	0.121959933647751	0.283736913645488	-0.148825938521309	0.017938567143719	-0.0127530313769866	0.0961107275211547	-0.226695906519965	-0.187070299854827	0.0633810051797525	0.454668543204348	-0.102591245001557	"IS02"	0.649960041425976
"AC011155.1"	"AC011155.1"	-0.0793833932754151	0.601043684727136	-0.118836030512787	0.0470574891262332	0.0851269475608695	0.0198742190393838	0.129978201097331	-0.106655580919792	-0.0632212562034865	-0.00854555819173388	-0.0544415655120611	0.046326864649472	-0.0374814809935497	-0.0583523880182847	"IS02"	0.601043684727136
"PQBP1"	"PQBP1"	-0.0900605150330782	0.511533016940511	-0.317417625086993	0.239631328409968	0.409446776571606	-0.165606239128521	0.0784027373754413	-0.376228409407055	-0.135520603320064	0.187967554053467	0.00749370794004941	-0.270807026752898	-0.0425413668497096	0.130658841776887	"IS02"	0.511533016940511
"OR52I1"	"OR52I1"	-0.0136156796497494	0.425086714709396	-0.149024191761138	0.0811430541228717	0.417835372985048	0.0122806291807447	0.102192432563401	0.13135206377315	0.028353682929202	-0.304429822149011	-0.0309086442486432	-0.109246417296011	0.146974754325061	0.322811252227262	"IS02"	0.425086714709396
"HIST1H2BA"	"HIST1H2BA"	0.228217442569099	0.39918024349729	-0.0760943641054415	0.299106744501084	0.39740766853238	-0.0551965691696252	0.0281376493566528	-0.152524655110455	-0.0878353445701021	-0.0860482955258622	-0.0554827127130705	-0.106649909962286	0.274421020594479	-0.0901615968979026	"IS02"	0.39918024349729
"PAX9"	"PAX9"	-0.167814105591258	-0.126643541939715	1.32655663619384	-0.0716267387722888	0.18989667696892	0.197866250934444	-0.0558925075523612	-0.272787423007825	-0.0860184505224805	-0.187087926792576	-0.0353866521366284	-0.024821203427215	0.0478560713086324	0.0953196250822929	"IS03"	1.32655663619384
"KLK12"	"KLK12"	-0.0243951924331012	-0.0315459973103982	1.27931893331429	-0.0990963339248572	0.613047700105259	-0.0343624666762581	-0.0822159149120325	-0.154485981163076	-0.15813136267917	-0.0662045576480755	-0.0645261427422007	-0.119167065795625	-0.125889724511901	0.000537928243796573	"IS03"	1.27931893331429
"OTOP2"	"OTOP2"	0.435223546911452	0.101850821463174	1.26081291440711	0.17853832755955	0.225390426041134	-0.11155543807403	0.0132240339806193	-0.102019293996777	-0.143232051467977	-0.180342486416571	-0.118092799930337	-0.0620530017038528	-0.128278228076739	-0.0988621269237975	"IS03"	1.26081291440711
"DHRS9"	"DHRS9"	0.348933154625758	-0.145097663869795	1.17531857896418	-0.200089795734153	-0.273520299341228	0.477381754485067	0.259632784738949	0.00174994448677862	0.128517057013243	-0.200966847862999	-0.216907270389	-0.041001399122624	-0.193478728230025	-0.166533356078523	"IS03"	1.17531857896418
"CEACAM7"	"CEACAM7"	0.624823690647909	-0.111104759846008	1.12865456323119	-0.063961890185694	-0.0869694216716854	0.193584656451817	0.126527117082556	-0.0473057016498631	-0.111739669622851	-0.177037596541172	-0.150569854507116	-0.125670781839324	-0.0176753560619159	-0.0516247598728685	"IS03"	1.12865456323119
"B3GNT6"	"B3GNT6"	0.421629514621505	-0.0471777461178081	1.04264600398457	-0.147972431737086	-0.176402968073008	0.886252905858165	0.00470061965955187	-0.220680848877473	-0.0506637042889532	-0.261739068285391	-0.0891057701888943	-0.129835548175635	-0.017616608636496	0.173327878396381	"IS03"	1.04264600398457
"CD177"	"CD177"	0.28779293258195	-0.112312196742707	0.973285766925746	0.0677197744320759	0.0740386224243616	0.0322934831964431	0.0941592820040759	-0.0872008622188007	-0.0904252685371545	-0.172703221411204	-0.109691863613743	0.0513454058341444	-0.123196258896999	-0.0780620985764816	"IS03"	0.973285766925746
"ALOX15B"	"ALOX15B"	-0.139195984219899	0.0990741158201149	0.929389755272161	-0.136552694611387	-0.330302241688614	0.176859275640329	0.00595997800596004	0.149212773401304	0.119697891684476	-0.134645634032006	-0.0875453431185393	-0.0254934242737235	-0.0769162784105692	-0.0462851809480867	"IS03"	0.929389755272161
"C15orf48"	"C15orf48"	0.43025509339991	-0.0956075329084903	0.868670897941554	-0.190278262368326	-0.360084576334751	0.0185764055005488	0.155939647348643	-0.388226290529717	0.219135057108164	0.0239981856942706	-0.182260465745895	-0.0673940040750512	-0.0953307301670778	-0.0364107332556039	"IS03"	0.868670897941554
"MSGN1"	"MSGN1"	-0.0156229447124073	0.504863194102142	0.832041949896277	0.0980398444986345	-0.0724419571169932	-0.10199113538565	0.105553775575248	0.0734624931925498	-0.068801732176036	-0.147904326809143	-0.125364643007843	-0.0367802573265306	-0.080130287913596	-0.0251735068739905	"IS03"	0.832041949896277
"PRR23D2"	"PRR23D2"	-0.0803632548321247	0.10236424964818	-0.157710301369668	1.41641409936139	0.210071996624018	-0.11106736863762	-0.0761286267138003	-0.00569219669575498	-0.133886213822084	-0.150616450066734	-0.08193667187257	-0.076065610669548	0.0539219696008503	0.00364958250379626	"IS04"	1.41641409936139
"PRR23D1"	"PRR23D1"	-0.0766968095942962	0.174018933696479	-0.169989128526877	1.39624403606702	0.202513427092755	-0.110589793982207	-0.0865724266799379	0.0171335868448169	-0.13345293054642	-0.165654947332751	-0.0846917854327212	-0.0894051468422134	0.0998407919895734	0.0264617702245611	"IS04"	1.39624403606702
"DPPA5"	"DPPA5"	-0.0859339641706477	0.304483774872176	-0.0796810506398864	1.18306201344015	0.288583667120412	-0.0741404908662961	-0.0907746754680229	0.00129778574773385	-0.127646695011427	-0.0984962190683412	-0.0817029233943021	-0.108659825733434	-0.0975413782541414	0.0376604411284066	"IS04"	1.18306201344015
"GH2"	"GH2"	-0.00634212616269474	0.17648177879173	-0.124999856722709	1.15746826770771	0.332724232509386	-0.034581950156945	0.000983656469698396	-0.17057151166565	-0.056300820950759	-0.114158621806566	-0.0976257487178781	-0.096531619388573	0.0945071472653578	-0.117431982561381	"IS04"	1.15746826770771
"MAGEB6P1"	"MAGEB6P1"	0.146486630081983	0.151242841080542	-0.0158165258041588	1.04573230475796	0.141381516492171	-0.120784414433898	-0.0110257068920613	-0.131093565146609	-0.120990429482896	-0.103679677674741	-0.0733449611676183	-0.0644579260526436	0.0376803677445008	-0.0724907686200467	"IS04"	1.04573230475796
"OR8D1"	"OR8D1"	0.304037619929098	0.382969206323974	-0.133734977370193	1.0226827662629	0.109524420846286	-0.171663891903731	-0.0259699570774535	-0.0692449587319799	-0.0982011398080957	-0.171333527899388	-0.0744085803352557	-0.0276181240359962	0.0255067568692888	-0.0170711342599291	"IS04"	1.0226827662629
"CT45A8"	"CT45A8"	0.0345738205097456	0.203481005749538	-0.100341589153229	1.00312489374275	0.172155397758343	-0.0784711208202821	0.0103625387971214	-0.0217354334258906	-0.0720669000092024	-0.106473110968427	-0.082690006350473	-0.0622643649580118	-0.0783646375849191	-0.0461147600573034	"IS04"	1.00312489374275
"MORC1"	"MORC1"	0.138610486624709	0.212864853146396	-0.125787872909707	0.996485582732957	0.527880785233943	-0.0623227810794977	0.0109226799389167	-0.0251895293251585	-0.0776999783252739	-0.150736065788503	-0.146255949290385	-0.0217675915983692	-0.0820137373473213	-0.0355581367639559	"IS04"	0.996485582732957
"FOXI3"	"FOXI3"	-0.245945140296204	0.147268923538002	-0.153810249595874	0.964671730105734	0.786056618737135	-0.0553126852217133	-0.0691132532895708	-0.227919660420903	-0.109579478900545	-0.172577910586185	-0.0266376182915162	-0.139112137196224	0.176774589501224	0.167196542023674	"IS04"	0.964671730105734
"LCT"	"LCT"	0.632153881301181	0.313549596388707	-0.0628890613968139	0.943148380781169	0.0116095656965664	-0.146596086078279	0.020524402878154	-0.16277800774482	0.0201499434597306	-0.125110176767372	-0.16267992560828	-0.176158286833889	0.100127203026408	0.0124983896806868	"IS04"	0.943148380781169
"TMEM207"	"TMEM207"	0.361593739537294	0.0810621430355866	-0.0403622060047059	0.863686810861223	0.00791482166509026	-0.0356539531314212	-0.00275400103395599	-0.0989716040665579	-0.106764916910613	-0.106137412251639	-0.0547129620674313	-0.0946031330198721	-0.0414466250241682	0.0174310162386226	"IS04"	0.863686810861223
"COX8C"	"COX8C"	-0.0314360670350553	-0.0678172156134338	-0.0777026942038508	0.849875742413334	0.0323240765753667	-0.0873537602972133	-0.0664021453873744	0.0852040762836019	-0.0448148834553356	-0.125384924451312	-0.0566590606726338	-0.0238564043494055	0.106090144279082	0.00680209581342498	"IS04"	0.849875742413334
"ADRA2B"	"ADRA2B"	-0.112192694078434	0.110019799673075	-0.0839847417347667	0.84487617488894	0.258067037612067	0.0441623618284017	-0.0444040523524124	0.298546061832121	-0.138393597875195	-0.181943949162945	-0.127563277531399	0.0192003500672392	-0.00885770390382595	0.058985816095227	"IS04"	0.84487617488894
"TMPRSS15"	"TMPRSS15"	0.614916978981022	0.165310690131452	-0.0529280047309213	0.74177749092447	0.217881484058131	-0.0316276757382882	-0.0392837980651751	-0.0174641847131633	-0.0237751620826726	-0.159839370934047	-0.0954393111993172	-0.0769065025672735	-0.0599494032032561	-0.0480020843053313	"IS04"	0.74177749092447
"ATP4A"	"ATP4A"	0.00949240747258951	0.162122925980791	-0.152549307199492	0.721057691497967	0.303909389011741	0.500164617176125	0.0385039397188542	0.111780738250224	-0.127898122186591	-0.124901349267692	-0.142337480405793	-0.158936908071898	0.0727706215133917	-0.0455006727692379	"IS04"	0.721057691497967
"OTX2"	"OTX2"	-0.0641890920393292	0.106000702965957	-0.0445004200001129	0.69207709465782	0.435328715264214	-0.0600631242785432	0.0795255575044248	-0.0478355154673074	-0.0717666554560082	-0.0834978508275632	-0.0759044255840259	-0.0637729228008954	-0.0972288175898074	-0.0531728734739749	"IS04"	0.69207709465782
"GAST"	"GAST"	0.06639658290916	0.0209168008049148	0.11170629663742	0.69037573336556	-0.202544637013017	-0.106544448246375	-0.0300542904382123	-0.162416595068516	-0.145986015821704	0.0646150909999176	0.0269653191075732	-0.132621470016976	-0.0216180856530175	-0.121703546596713	"IS04"	0.69037573336556
"OXCT2"	"OXCT2"	0.0122860279423403	0.0280482489565157	-0.187825922794373	0.665891631621194	0.502406435751424	-0.148687720033805	0.00279657010039438	0.0636242374740121	-0.135417073838274	-0.215322379862978	-0.100891006444048	0.172071402650211	0.170292961017384	-0.00308967177745512	"IS04"	0.665891631621194
"FABP7"	"FABP7"	0.0416234884906479	0.121057569571598	-0.0485434102856984	0.494011265435955	0.376432177508466	0.097980212773204	0.225901037492274	0.351738001347902	-0.0445759541264214	-0.0866871635191619	-0.244574276626398	-0.0886511146478474	-0.100370200737132	-0.176445879783921	"IS04"	0.494011265435955
"PTRH2"	"PTRH2"	-0.162613070904522	0.123581922975163	-0.244373804574121	0.419399503617229	0.0535444576792214	-0.168585613056941	-0.126117715436047	-0.482873381985648	-0.0946818146351808	0.208170961847933	0.0973690464391479	-0.239916924566958	0.310974372940648	0.022797236505523	"IS04"	0.419399503617229
"DLL3"	"DLL3"	-0.109202031042445	0.0943553884745632	-0.151454991558073	0.512075272382195	2.23029657414338	-0.110450833956669	-0.0923415237631532	-0.196196352068422	-0.163094513285308	-0.100783402191453	-0.0801402971677166	-0.193255499167774	0.0653284784643978	-0.0797843577264358	"IS05"	2.23029657414338
"KCNH7"	"KCNH7"	-0.007677904341453	-0.0389554712813268	-0.10475221072928	0.116520436832825	2.06381915261752	0.0206105100203611	-0.0788452414048979	-0.0200270491947747	-0.00944644457717632	-0.132599813934641	-0.107261753749341	-0.105034006088337	-0.0405629176575693	-0.0814142753557265	"IS05"	2.06381915261752
"ASCL1"	"ASCL1"	-0.0498549945205699	0.00595160815269376	-0.111598992587348	0.153405391849182	2.04700986072952	-0.0163521548682871	-0.0133824193243762	-0.147526524059744	-0.0966060974869264	-0.174455668730418	-0.0407557019075284	-0.137786918274143	-0.0106360748122013	0.0298232221432768	"IS05"	2.04700986072952
"SCN3A"	"SCN3A"	-0.0511727104560273	0.116659025826838	-0.187817197570472	-0.0757307258864364	1.9750416907197	-0.103162521984653	0.163222187388305	0.775885481642723	-0.0426720731018583	-0.369167354655772	-0.236240538684107	-0.0165515490254083	-0.0691424752562474	-0.0124959926489389	"IS05"	1.9750416907197
"INSM1"	"INSM1"	0.267983306908592	0.0364088992615416	-0.242122410444777	0.00792093501837735	1.92107570243233	0.0777924457919114	0.276508021227796	-0.319135295932324	0.00101547592074877	-0.238745668644595	-0.108912674710371	-0.19228002617522	0.00605105882146123	0.087777231890765	"IS05"	1.92107570243233
"LL0XNC01.16G2.1"	"LL0XNC01.16G2.1"	-0.0659810880740479	0.541506530646594	-0.136480194596371	0.119260804979824	1.85675580826563	-0.131879985854111	0.0162933346020935	0.0198857554543056	-0.0943708678894678	-0.111766300321225	-0.140827442994769	-0.0702634240497849	-0.109658369822347	-0.0774881383674639	"IS05"	1.85675580826563
"NOL4"	"NOL4"	0.00095515177754289	0.14878404887877	-0.198643833216071	0.00985409725277072	1.74507567517938	-0.00757908408049302	0.0588974506670727	0.129458195084001	-0.0852521798519647	-0.194179499486227	-0.117248310503543	-0.140238146247133	0.212763276077078	-0.0553279768809854	"IS05"	1.74507567517938
"ASXL3"	"ASXL3"	0.122485011772533	0.00874877820344572	-0.114296325738176	0.0803516139415091	1.69086201841667	0.0715717038019584	-0.0401342562852248	0.496013592557185	-0.1176962733477	-0.347692432160831	-0.237337120831322	0.275684417309258	0.00464314580226553	-0.0810547679339077	"IS05"	1.69086201841667
"FEV"	"FEV"	0.363375090866588	0.078605187407324	-0.17200505636715	0.105838889255318	1.62308331476563	-0.0410299112337091	-0.0352021960869939	0.0314673561052796	-0.139225994475486	-0.187072280135616	-0.164001400508058	0.0268565059232303	0.016390018751226	0.0881031736940425	"IS05"	1.62308331476563
"SLC18A1"	"SLC18A1"	0.118146842575955	0.174517353309239	-0.149102105390343	0.0562630021754728	1.40419322193921	-0.00672384379444531	0.176678071073865	-0.0633745034539139	0.0549625882808463	-0.265302549092961	-0.10978375686062	-0.0988652569147358	-0.0242187821152246	0.131634844133875	"IS05"	1.40419322193921
"LMX1A"	"LMX1A"	0.0605725220916104	-0.0920553835612366	-0.136010963551595	0.0476493551963689	1.37249416341178	-0.0486207473342898	-0.0330937527603818	0.546911270090275	-0.159013596170514	-0.252800162275497	-0.13625045292071	0.0773644408251766	0.11529743499318	-0.0713252538930067	"IS05"	1.37249416341178
"PHOX2B"	"PHOX2B"	0.157823114066976	0.165419328959619	-0.106401265615138	-0.038092103943905	1.34985373555268	-0.0110366267209148	0.0959339760703586	0.0507400425156455	-0.0765942119586889	-0.129716239226143	-0.125499427229771	0.0039331342878518	-0.0862224346088165	-0.0778990918671297	"IS05"	1.34985373555268
"INSM2"	"INSM2"	-0.0249143834373357	0.163492400241788	0.0426821329908995	0.0074742679604851	1.34839350963912	-0.0897455385283368	0.00271117374713722	-0.0643627976771003	0.00605300300606551	-0.152152472461927	-0.122092227650664	0.0140788170754782	-0.0111003393660011	0.0561482244503886	"IS05"	1.34839350963912
"SEC14L5"	"SEC14L5"	0.0504859151268264	0.0380573244340178	-0.0123229605828806	0.184227721338109	1.33687836274943	0.165859643882895	0.164525598066951	0.203785626656517	-0.151911333558265	-0.345318000119049	-0.10531811161915	-0.110126165652288	0.115442370174778	0.0775471066225333	"IS05"	1.33687836274943
"NPTX1"	"NPTX1"	0.0191401639802549	-0.0968519592342054	-0.0904060467166451	0.0106673023318697	1.29153282018476	0.0326290320270039	0.0166960577774057	0.061615071859002	-0.0762117670289055	-0.213035187549051	-0.0953724059175207	0.193320379659972	-0.0935633449404403	0.0284708180142264	"IS05"	1.29153282018476
"HES3"	"HES3"	-0.0326956854500055	0.668019115338308	0.107867715809809	-0.02232715450499	1.28716653609953	-0.0916064244086441	-0.0796177922822272	-0.0288558843848447	-0.0791225634390887	-0.0978328834160871	-0.0996496756553113	-0.0345511840363737	-0.0126404859446638	-0.0482183929707224	"IS05"	1.28716653609953
"SLC29A4"	"SLC29A4"	0.222365219594554	0.130807494412404	-0.234641020411634	0.54054325180853	1.26435566068026	-0.129974873814275	-0.128790587628038	0.409288972620008	-0.179359073457608	-0.284387943020682	-0.0850211258281023	-0.168170407178619	0.471385076314028	-0.117441870658717	"IS05"	1.26435566068026
"GALR1"	"GALR1"	0.0426418650243128	0.749140291748648	-0.172020728642159	-0.0260350606870128	1.26421682340574	-0.0736996377922171	0.122908860851601	0.216494662611762	-0.103207975504159	-0.329935753395642	-0.133117579966579	-0.0237290879763031	-0.0314038457800369	0.29952294518068	"IS05"	1.26421682340574
"SYT6"	"SYT6"	-0.132675919832167	-0.0622957779705184	-0.0963027499236544	-0.0366529776778657	1.19193380625902	-0.0141678310451559	0.101559970487484	0.0175406321045219	0.410586296279297	-0.238404637993644	-0.204061109488925	0.113160176220539	-0.0938547902717998	0.00955351825488024	"IS05"	1.19193380625902
"PENK"	"PENK"	-0.0565915253822076	-0.0628491338370879	-0.0597561678203977	-0.00466415994047896	1.05784538455436	-0.0747065382154957	0.0104551290165027	0.0859242101996978	-0.0905682364454837	-0.142812373130754	-0.0956475227909504	0.26311561541047	-0.0470588883326913	-0.105989899804503	"IS05"	1.05784538455436
"KIF19"	"KIF19"	0.036012110768039	0.216120400282626	-0.221336672310693	0.00492577969668656	1.01338701302119	0.647930244630823	0.551389426318254	0.517463927124945	0.0445733894728157	-0.39461101034326	-0.43555192377732	-0.0194775489070284	-0.0324989681009802	0.0662725397807854	"IS05"	1.01338701302119
"SLC25A21"	"SLC25A21"	-0.152396320920881	0.526094641567634	0.26142670207019	0.135800806460851	0.99151441107754	-0.0763226164658444	0.0304793864188334	-0.147891388274561	-0.0354912361534742	-0.517938788241186	-0.00623531389499728	-0.0126154034753814	0.17464610774866	0.599153961526416	"IS05"	0.99151441107754
"TMEM72"	"TMEM72"	0.524338937043033	0.010946122000295	-0.14365577405955	0.139793057179863	0.900493320740708	0.052438460164219	0.21087126891013	0.0234180708388604	0.0649883171037461	-0.218318542921572	-0.157985390429356	-0.104611891457858	-0.0311563233521795	-0.0147848676932773	"IS05"	0.900493320740708
"CNGA3"	"CNGA3"	0.174794497715547	0.18603826469358	0.0172289040334495	-0.168100392638354	0.89919005020641	0.342944129979362	0.158844369744287	-0.0194205195413237	-0.0518937027120625	-0.413940561409964	-0.312019205562052	0.560871145480753	-0.0746284402284414	0.318073518089603	"IS05"	0.89919005020641
"KCNA2"	"KCNA2"	0.0543725648650158	0.0763000518611844	-0.210362235114157	-0.0733146530919483	0.886863690545897	-0.116602491859834	0.446281276009351	0.711130317343479	0.0998399496537545	-0.326620737930628	-0.347796575521701	0.136699732591464	-0.0952858308612293	-0.0454866182099613	"IS05"	0.886863690545897
"RAX"	"RAX"	-0.188067918961255	0.263616303575524	-0.117824147095879	0.8332022285548	0.865832023537505	0.0677518864458999	-0.0250175956082058	-0.128960238768519	0.0450129870012431	-0.135538612896006	-0.151339503859991	-0.0369898204036088	-0.0358610105874394	-0.0445982991209829	"IS05"	0.865832023537505
"WNT16"	"WNT16"	0.0181006639487435	0.0979469765376384	0.252813944561331	0.34522984996503	0.828683739713295	-0.179784966661578	0.526392006784529	-0.0867189306630657	-0.0857530744043036	-0.341274802330493	-0.189011580295214	0.188482561438009	-0.243151029187019	-0.0574101475147974	"IS05"	0.828683739713295
"ATP4B"	"ATP4B"	0.193629777716278	0.0683115799024246	-0.174307313572673	0.319109336334318	0.742511046720788	0.720785034241569	-0.0140868067239453	0.126933130786997	-0.21157077641845	-0.241804408658888	-0.112314099004302	-0.119354260959808	0.167125572386659	0.119212739840537	"IS05"	0.742511046720788
"FGF12"	"FGF12"	0.00420073992814163	0.0962523346873528	-0.134708549730045	0.731978582502205	0.736867063002871	-0.0656824639680167	-0.164467419685134	-0.0824541877942266	-0.169577276401313	-0.260305883160725	0.0442025115204547	-0.108858647842467	0.641638122938647	-0.0856313748195059	"IS05"	0.736867063002871
"ZNF473"	"ZNF473"	-0.10165123884216	0.151984132446074	-0.236901312755668	0.395330692749154	0.730688044471824	-0.0238520600431085	0.0606583931056375	0.0148747280970015	0.0301498930208179	-0.435273274774175	-0.0846589450828223	-0.133528363840432	0.63615670829306	0.447882460713537	"IS05"	0.730688044471824
"SLC6A3"	"SLC6A3"	-0.0357097165415969	0.0434894702807629	-0.182700376605083	0.214531821689345	0.692659298523974	0.10079644566171	-0.00709683649206263	0.0134320847911056	-0.0993828173565824	-0.187628465743449	-0.0586735598937418	-0.0530951289958431	0.570556222358906	-0.0629808565731488	"IS05"	0.692659298523974
"OVOL3"	"OVOL3"	-0.22302521660854	0.501988411907125	-0.0158762977639413	0.624858448896866	0.647517411665218	-0.187636692894734	0.452444604927434	-0.207496520751559	-0.109942019620991	-0.231831641588221	-0.235074326121064	-0.208133138948606	0.19310216687211	0.330559764913074	"IS05"	0.647517411665218
"TAS1R1"	"TAS1R1"	-0.0472255842359834	0.392817285331946	-0.164318724111893	0.587178210066403	0.614165243213335	0.175614396338344	0.0374736780611092	0.311807468706969	-0.115386583824742	-0.18770518348248	-0.212635992921189	-0.12149578812412	-0.030437570150397	0.225283011910823	"IS05"	0.614165243213335
"ANKRD34A"	"ANKRD34A"	-0.140872474378725	0.0156696568472528	-0.128727761808734	0.185649745517311	0.511566738353525	0.0218013196544536	0.205733533541554	-0.0446584446304313	-0.00887542066789367	-0.414713322971744	-0.17702762136992	0.335638685519158	0.456658330948779	0.200479849395825	"IS05"	0.511566738353525
"TMED6"	"TMED6"	0.252466399315069	-0.079942701090032	-0.251346712294236	-0.0278137779759498	0.491992504861653	0.217737594157292	0.0178942148011237	0.421793149786052	-0.0241906640039456	-0.274175529308886	-0.0764586527125972	-0.150889651307439	0.346897162332068	0.187307160692827	"IS05"	0.491992504861653
"FAM19A1"	"FAM19A1"	-0.0627350452147945	0.0991481335863495	-0.118398457417126	-0.150518049822516	0.441947340035627	-0.0155031254956833	0.225034184764811	0.12181759494652	0.0525430420642027	-0.196700538460943	-0.163418622300751	0.368258483562492	-0.026190657770473	-0.111380850732924	"IS05"	0.441947340035627
"CDY2B"	"CDY2B"	-0.00502322672927433	-0.0107188639289035	-0.00887875915932135	-0.0109262918156285	0.215654666117832	-0.00787746141508642	-0.00841653388930547	-0.010031704183627	0.0204510265267369	-0.0129260835341414	-0.00809605979956099	-0.00746629393869973	-0.0114247286529476	-0.0108457265365048	"IS05"	0.215654666117832
"TFF1"	"TFF1"	0.384551282257477	-0.132782725298541	-0.0803898490029357	-0.164699201177784	-0.197171036219319	2.02101757982741	-0.100942814255918	-0.0365030670999913	-0.13179826230589	-0.138384922718376	-0.00850807696658873	-0.184296796242662	-0.0458910053672642	0.0375344128994287	"IS06"	2.02101757982741
"BPIFB1"	"BPIFB1"	-0.016266974389779	-0.181744227883774	0.0797655352991769	-0.0792070312822126	-0.236254079534403	1.97628006088175	0.13831184495515	-0.108410511221868	-0.0222078179317088	-0.148178236967761	-0.134870848366381	-0.0946739409220173	-0.104305818793987	-0.00605137592526318	"IS06"	1.97628006088175
"BPIFA1"	"BPIFA1"	-0.0798007982090159	-0.0725854365722135	-0.0603022384444578	0.0922001549739927	0.217768607079418	1.50698939780166	-0.0139372752291563	-0.10034941256286	-0.0604153641250693	-0.0923174999792027	-0.0803846564015812	-0.0800825206648463	-0.0897401793138877	-0.0678065821216692	"IS06"	1.50698939780166
"TFF2"	"TFF2"	0.294622538926011	-0.188002694844112	-0.155520153183289	0.471499257238815	0.0710277372780685	1.50501009823603	-0.00317759163608674	0.0899129599846021	-0.156830703283976	-0.225875070597018	-0.110849486329644	-0.14772487926441	0.0517127807171326	-0.0294871395015442	"IS06"	1.50501009823603
"BPIFB2"	"BPIFB2"	-0.0676398918004543	0.0265342148992038	0.126485127230458	-0.110056368326491	0.32412673796781	1.45021449884309	0.011591219117657	-0.0361913296862156	-0.103664087655829	-0.148902721624498	-0.0682106174752334	-0.122925902313893	0.0191366096100353	-0.0688635357223297	"IS06"	1.45021449884309
"GKN2"	"GKN2"	0.245566503820952	0.0179665431118932	-0.0705536318732119	-0.159335976956013	0.00341233727346283	1.30360816373277	-0.0108319044424259	0.3998767186959	0.0823133866436128	-0.193967453815687	-0.155483878036551	-0.10009803266934	-0.0944931701410719	-0.0155871731734982	"IS06"	1.30360816373277
"GKN1"	"GKN1"	0.170886626510128	-0.0712323979445966	-0.0479493421723993	-0.0517363862253335	-0.0754322263711166	1.28111465642725	-0.053600867561919	0.19917264807567	-0.117782198173505	-0.084166224616607	-0.0544983143401296	-0.134418743923022	-0.0365653730546277	-0.0447701349547624	"IS06"	1.28111465642725
"PGC"	"PGC"	0.273022998909268	-0.0375291544668955	-0.148598943322222	-0.0464901261384714	-0.0323632771536577	1.2780569843225	-0.0423233751296006	0.385264398666765	-0.000572491762645594	-0.141252838322656	-0.115689207349908	-0.137434251022611	-0.0728728611772371	-0.0553196748869523	"IS06"	1.2780569843225
"SLC5A5"	"SLC5A5"	0.120866911370159	-0.0884286345107768	-0.0645761660153237	0.280190968781799	-0.0394058072821816	1.17415193218754	0.0473252589231123	0.0710469329928107	0.0304778182480545	-0.230605612595832	-0.138089960735017	-0.17204660974275	0.22575127851785	0.0389234022732979	"IS06"	1.17415193218754
"LTF"	"LTF"	-0.0951068219733285	-0.187943702546268	-0.111705877284411	-0.0707629698068463	-0.132239035549287	1.01317957191633	0.559903996633492	0.0761059684814606	0.109197248008886	-0.183503178954347	-0.188393269560935	-0.0520226058669248	-0.156358526244761	-0.100846998783675	"IS06"	1.01317957191633
"GIF"	"GIF"	0.254795220146808	0.298322535984492	-0.0720561565704796	-0.00974401994865739	0.0844741433986794	0.954163202649363	-0.0526973063391919	0.0219910381138746	-0.040867615093372	-0.135828197395107	-0.106125612784593	-0.0746660550596858	-0.0699649948060005	0.165048489643909	"IS06"	0.954163202649363
"TEX26"	"TEX26"	-0.140947562430854	0.382149968980669	0.0203368840432878	-0.10914130145032	0.0495346535371729	0.922869365898484	0.0164947983122028	0.336522288267755	-0.0830437650200819	-0.206341717003976	-0.203496954752361	0.324795741920162	-0.181529814919556	-0.0183074833317805	"IS06"	0.922869365898484
"GSTA2"	"GSTA2"	0.856975652728465	-0.0102910037940312	-0.0364227277485914	0.137289654006752	0.195549785680462	0.869504342498162	-0.0667432819142326	0.080095333438874	-0.0546785681747404	-0.128544785395801	-0.133656045864984	-0.153161559768845	-0.0474855872664607	-0.0776652241674386	"IS06"	0.869504342498162
"PSAPL1"	"PSAPL1"	0.262687923970031	-0.160501302041391	-0.00496169674194882	0.523307704700246	0.0772498153532333	0.760285620907744	-0.0247834459211669	0.0632066214681758	0.1678384236204	-0.147636305747558	-0.120950974357628	-0.162411350987892	-0.0596471107869795	-0.162252338604772	"IS06"	0.760285620907744
"AQP10"	"AQP10"	0.352113711668706	0.0130279089576275	-0.11250813767089	-0.0282551289311948	-0.194586579004617	0.514095694892127	-0.0282205008044126	0.248172045089441	-0.106756155892914	-0.202870882745163	-0.152371201182563	0.330290996630236	-0.0928214145764449	0.186521138111301	"IS06"	0.514095694892127
"CD79A"	"CD79A"	0.0874264992649099	-0.169833062235819	-0.160709214088686	-0.162513252633558	-0.132080295442613	0.15600104258658	2.32754373120446	-0.246242484137232	0.245960519832759	-0.195880672634369	-0.927661497619304	0.00116472979574802	-0.303015544553345	-0.111166219444362	"IS07"	2.32754373120446
"FCRL5"	"FCRL5"	0.0778980747796261	0.151250818916102	-0.196561128550498	-0.0933216950535207	-0.079791919770557	0.116595518810728	2.1929898952606	-0.172270584857056	0.325923547134131	-0.310120453309958	-0.942866460525157	-0.0208895788975385	-0.150767025665529	0.0419117914631003	"IS07"	2.1929898952606
"POU2AF1"	"POU2AF1"	0.00290804140043944	-0.041303318788183	-0.0284087899587688	-0.104514288250196	-0.0340788194726249	0.338018723356001	2.07117492917228	-0.0738611205426111	0.195434320092052	-0.326873295583617	-0.8113388242813	-0.0563198878319152	-0.228440289413003	-0.0444039349420841	"IS07"	2.07117492917228
"TNFRSF13B"	"TNFRSF13B"	0.150892858212787	-0.118071659249363	-0.215681246282975	-0.235924823182313	-0.21125557759516	0.205470420683571	2.02203114391764	-0.0490779086468489	0.305301777109788	-0.245245275020836	-0.854582810318185	0.0296514762668822	-0.300858403057608	0.0390021956724125	"IS07"	2.02203114391764
"TNFRSF17"	"TNFRSF17"	0.278729301785453	-0.0802661007216244	-0.195371711344345	-0.168064672706923	-0.162955719201123	0.237366241033817	1.99783033160563	0.0518728620583245	0.325583462064449	-0.0918948968363162	-1.04325650889395	-0.0392096387244064	-0.248054096190199	-0.102781749762139	"IS07"	1.99783033160563
"CD79B"	"CD79B"	-0.07147653410723	-0.109273295965767	-0.200131338958448	-0.187405995686016	-0.14017832878271	0.00617522909355885	1.99315616916077	-0.0441616314150462	0.280819505155697	-0.224358315179331	-0.738961799024355	0.0867324690479946	-0.339189013787765	-0.163346282489423	"IS07"	1.99315616916077
"CD27"	"CD27"	0.0396755352637516	-0.119151115012599	-0.255677108229824	-0.216155852699658	-0.139007492527239	0.143860849047228	1.98915185922871	-0.209557195354015	0.736343063482521	-0.166336926078275	-1.02296160643891	0.0361435523798994	-0.230062479995933	-0.0552080598013779	"IS07"	1.98915185922871
"IRF4"	"IRF4"	0.174829883001441	-0.163597782673297	-0.15808348796715	-0.203388915390311	-0.128597704697905	0.14082861903694	1.95770177927672	0.0787675838940445	0.7114734050211	-0.335180173786422	-1.03022091692529	0.102908624498358	-0.187614124386972	-0.0567373637967644	"IS07"	1.95770177927672
"FCRL2"	"FCRL2"	-0.045563072817439	0.22256283208116	-0.208079824809704	-0.0982449538383919	0.0196460609386665	-0.00716182911729798	1.95760131553713	-0.148978418291435	0.151986972398266	-0.398695186883783	-0.663872983947016	-0.102954181328906	-0.141786550645121	0.288239245280393	"IS07"	1.95760131553713
"IGLL5"	"IGLL5"	0.131427650466883	-0.158518617563361	-0.152004599461948	-0.138003866796021	-0.0711750687113268	0.175712516820619	1.95549825462756	-0.121006242436169	0.265587438725952	-0.0906820751061432	-0.947583750816887	0.0245533583648612	-0.198274670037963	-0.149724147775341	"IS07"	1.95549825462756
"LAX1"	"LAX1"	0.0277846394369728	-0.0261608477118412	-0.182181869303291	-0.125516415796235	-0.0727908211790937	0.115805647657895	1.90918052519933	-0.0988128944398719	0.596984748976054	-0.364007169319154	-0.883246394556836	0.0413370592928178	-0.161846952043897	0.0714351841422346	"IS07"	1.90918052519933
"LY9"	"LY9"	0.0448368680033385	-0.0466271517754877	-0.194287842808169	-0.307199105493504	-0.204266156579858	0.0928825655484941	1.89671759347463	-0.0792358287914614	0.803299539368797	-0.32509353128199	-0.845302224145108	0.00700529984361421	-0.240470027986334	-0.0514142801127699	"IS07"	1.89671759347463
"FCRL4"	"FCRL4"	0.0588144108216663	0.0451082931656126	-0.14084900443439	-0.20441788839347	-0.115490121907454	0.045916826439456	1.86578793551249	-0.451608580339873	0.304305666225292	-0.243298734437941	-0.619628078643614	-0.0167370729154615	-0.222716966837228	-4.873526129425e-05	"IS07"	1.86578793551249
"MZB1"	"MZB1"	0.144462885110258	-0.00702939022887347	-0.18089587322242	-0.167197352348483	-0.165151232866916	0.256985412524851	1.86265680076396	-0.29945854238339	0.246049254842017	0.0214936060821947	-0.909675535460168	-0.0995001374835705	-0.154931153188763	-0.0825732915251018	"IS07"	1.86265680076396
"RP11.330H6.5"	"RP11.330H6.5"	0.00924394207595016	0.0120641423258888	-0.222989015445632	-0.0934343266374493	0.171705989161215	0.101810149564819	1.83391178928072	-0.232140122658485	0.294188157011605	-0.36334919834794	-0.644599837858329	0.0167164848573188	-0.161406749701984	-0.0273251331137048	"IS07"	1.83391178928072
"CPNE5"	"CPNE5"	0.269303298435073	-0.0321699708313693	-0.163332728671946	-0.000540486813136888	0.103709253870666	0.17227070359117	1.7512993885277	-0.165175934729753	0.237585355787958	-0.415633148024045	-0.868605222748871	0.368324966678642	-0.160829964571152	0.0651284859592735	"IS07"	1.7512993885277
"PIM2"	"PIM2"	-0.0285746241118636	0.0338708323220953	-0.193494183691784	-0.0205834577668987	0.0850211847448142	0.107786926298264	1.74380116622585	-0.276651650446798	0.542920356143451	-0.236041801856305	-0.888053975911035	0.01194649901197	-0.0998930156187639	0.0797751797716292	"IS07"	1.74380116622585
"STAP1"	"STAP1"	-0.0734240288579338	-0.10555800163151	-0.126306870138071	-0.19450400472161	-0.116562173949674	-0.0939038245967867	1.7059644659432	-0.0728468745031421	0.345117595734837	-0.251815715373588	-0.56747931373624	-0.00879473925303509	-0.245368332822328	-0.098045378891388	"IS07"	1.7059644659432
"POU2F2"	"POU2F2"	-0.130464036318836	-0.0673804163112749	-0.208665847591326	-0.112004577772488	0.122590874453673	-0.0143538291792806	1.68563494097605	-0.065525152736924	0.542444605507629	-0.438972151625284	-0.736543972919142	0.334763143581569	-0.162567628745012	-0.100838581073878	"IS07"	1.68563494097605
"KCNA3"	"KCNA3"	0.112793517037734	-0.127516435239475	-0.225922818603627	-0.328395222591703	-0.0653645876856829	0.175434965154618	1.68047363861252	0.47626524618353	0.800107967662054	-0.494288130139795	-0.905939512722517	0.177014437903475	-0.118320469390688	-0.0893671127523118	"IS07"	1.68047363861252
"SLAMF1"	"SLAMF1"	0.0648110912941078	-0.0968896729346756	-0.0907532155438931	-0.20272572917892	-0.283112803464409	0.116541560634409	1.66407486361824	0.0448666623341527	1.05675376592303	-0.305092027848534	-1.08141967477854	0.24980245212721	-0.238895916575999	-0.0461793700476149	"IS07"	1.66407486361824
"P2RY8"	"P2RY8"	-0.0374012050097875	-0.102436083296022	-0.244178334312669	-0.224609808020702	0.114998189266969	0.0807126267029929	1.65714766671566	0.109952430571752	0.650947687479288	-0.483869394888002	-0.770604750403748	0.210039151370047	-0.121450045839528	0.0257360013298326	"IS07"	1.65714766671566
"CD180"	"CD180"	-0.0453033945746551	0.00643402839698632	-0.154531781850087	-0.226422926938432	-0.22306144739654	0.0440638523024029	1.63860373532452	-0.0251247984265032	0.867399681607062	-0.362335175162371	-0.839320372143687	0.279589168787493	-0.221621940852363	-0.15562833365393	"IS07"	1.63860373532452
"SLAMF7"	"SLAMF7"	0.123717406164099	-0.0992059431741436	-0.00964287668157468	-0.209361837458781	-0.241108232635948	0.0539486828977382	1.61973294366155	-0.10487329100538	1.11108260387257	-0.180397681999217	-1.04035433892865	0.0230568406228686	-0.188391666132968	-0.124055952725191	"IS07"	1.61973294366155
"RP11.812E19.9"	"RP11.812E19.9"	0.166673576281501	0.0156955133007508	-0.169334617454592	-0.141871721517151	-0.156715410551468	0.178093972314122	1.59015777401452	-0.0750445887415924	0.133891551056657	-0.165254235537666	-0.652179583070628	-0.0300306019651952	-0.0805978370961984	-0.0991504922379781	"IS07"	1.59015777401452
"JCHAIN"	"JCHAIN"	0.478774862819966	-0.214525172834226	-0.0972779921529437	-0.262258938018869	-0.320585832215787	0.450397856634562	1.58906696862427	0.550977290905898	0.272725291150598	-0.185910983817178	-0.911407886020991	0.0272603511648415	-0.254960279724047	-0.197032216735634	"IS07"	1.58906696862427
"DERL3"	"DERL3"	0.0583731286169226	0.050049228275182	-0.266762733311193	-0.0146575686996925	-0.106622009219562	0.322130117296791	1.58391859216964	-0.273298292392461	0.231466689467062	0.00448736318112629	-0.945135110326623	0.107616988609587	-0.0326073682644186	-0.0354430477742224	"IS07"	1.58391859216964
"SIT1"	"SIT1"	-0.0247528835701428	-0.101841851373743	-0.195715890219102	-0.193987811444342	-0.130390810131211	0.000910998420371137	1.55559706880664	-0.164424536954973	1.01549303307091	-0.146780975058123	-0.871750118129455	0.00367831949027728	-0.257000697888094	-0.124112267547645	"IS07"	1.55559706880664
"BFSP2"	"BFSP2"	0.120283065443371	0.205465381229358	-0.257844031659702	-0.0908445175539496	0.0389872187912437	0.123094691394003	1.50607527429247	-0.253328442823414	0.292703669912716	-0.0688580908170435	-0.753389147097915	-0.0857993819305806	-0.0866107650088254	0.0173311594126781	"IS07"	1.50607527429247
"P2RY10"	"P2RY10"	0.06457804737238	-0.165820593740208	-0.00399355967385032	-0.267205992061126	-0.218252149014787	0.0678493221132698	1.49176810158236	-0.0557313295425451	0.987826917180905	-0.312180120149339	-0.896295829319532	0.243159969369913	-0.197385691045322	-0.0961258049145924	"IS07"	1.49176810158236
"P2RX1"	"P2RX1"	0.272379150325383	-0.190582158784533	-0.15501649356803	-0.251667476609919	-0.126851965919116	0.128644799724187	1.4737778870049	0.435167038087126	0.314598620866365	-0.383743324726357	-0.81497307147076	0.402899211280346	-0.314633270352484	0.0351137382624021	"IS07"	1.4737778870049
"KCNN3"	"KCNN3"	0.00880225069981614	0.0954236440429751	-0.329935906899544	-0.0756812338367848	0.342077181086249	0.151001396096505	1.46607712601085	0.280984391562767	0.23498974656862	-0.459817338331747	-0.812104070810555	0.496962314440656	-0.0305605444912501	-0.108675352304256	"IS07"	1.46607712601085
"AMPD1"	"AMPD1"	0.339402168793302	-0.0765612027844595	-0.132517472573999	-0.271120445285493	-0.224386939923194	0.227810050881316	1.44278506913533	0.641926700547904	0.127677583136618	-0.264532748092655	-0.805419274771552	0.216557349377686	-0.258805135570928	-0.093609545669585	"IS07"	1.44278506913533
"IL21"	"IL21"	-0.129454486667697	0.0524221320128637	-0.0737824265665112	-0.143627446598435	-0.10339646152451	-0.188763217501074	1.38918909704309	-0.335870795135042	1.11059673933707	-0.273452618613545	-0.576313074309226	-0.138945362336767	-0.142078709404743	-0.172291795090364	"IS07"	1.38918909704309
"ADORA2A"	"ADORA2A"	0.150254096350027	-0.120637513629163	-0.230592536608632	-0.0752388204314999	0.145389441305773	0.0727406653091198	1.38217151532256	-0.0716738545878152	0.666288898639469	-0.549476780485927	-0.687450975075712	0.155183706040686	-0.0473485847409097	0.35450977959451	"IS07"	1.38217151532256
"PTPN7"	"PTPN7"	-0.117325917580486	0.114946124274347	-0.102540364220013	-0.0493748992813094	-0.176238953617241	-0.056110749993313	1.27146509923307	-0.199964074214592	0.921833359820348	-0.256274129353737	-0.73142181655815	0.0714557609922854	-0.20148093582207	0.0953793832143323	"IS07"	1.27146509923307
"ANGPTL6"	"ANGPTL6"	0.149154420505017	0.130987385603435	-0.272770434957367	-0.0824548233065954	0.0235535657038171	0.197335339417215	1.270508539367	-0.361836028800241	0.429816395098738	-0.330997910850074	-0.465116473161505	0.035737726025012	-0.164808691508193	0.127655696211968	"IS07"	1.270508539367
"KLRB1"	"KLRB1"	0.215535893174815	-0.16742647942186	-0.0408700683145336	-0.310664006424955	-0.277264358488781	0.164427649930352	1.23386605393764	0.381988403067849	0.790751869857142	-0.157362289466085	-0.884479598152752	0.178468978509453	-0.310943449465602	-0.198066218993477	"IS07"	1.23386605393764
"CCR2"	"CCR2"	0.0566715080309918	-0.0765474017938328	-0.0837167651404632	-0.246522376941416	-0.205401626428819	0.0327028088952883	1.23345935969736	0.155527447122926	0.914918188577442	-0.299612646841043	-0.806318098909234	0.316289354651701	-0.203881797557	-0.171966606678537	"IS07"	1.23345935969736
"SH2D1A"	"SH2D1A"	-0.131085442291475	-0.0541363209649297	-0.103772030229484	-0.255798550242739	-0.150255040754555	-0.100370880339244	1.20523086003206	-0.0786178627273093	0.952279250179959	-0.173522242047556	-0.678452995166405	0.0585617946919462	-0.133020649627427	-0.137652888827906	"IS07"	1.20523086003206
"GPR15"	"GPR15"	0.390588696305258	-0.116107804983616	0.0421672904484684	-0.165498653375476	-0.0470972422768437	0.0704988901760711	1.17922960486849	0.291225717473653	0.200614160606576	-0.291448991043135	-0.489936554207215	-0.0173863770382574	-0.194224331404824	-0.130577126721895	"IS07"	1.17922960486849
"SEPT6"	"SEPT6"	-0.180330438895954	0.0508561070261878	-0.248733002606514	0.0123240522180267	0.322993049466085	-0.0208257683638454	1.1757287912405	-0.288833690011339	0.631329674384009	-0.398057560583708	-0.443448128539234	0.0512972800844709	0.00642245342234853	-0.00362540301108698	"IS07"	1.1757287912405
"PIK3CG"	"PIK3CG"	0.0684200363649898	-0.145483263150677	-0.0494143441142382	-0.227751792626671	-0.111714202660326	0.0125290505656759	1.11413893103933	0.35510899201602	1.0543260539956	-0.53142042160827	-0.808701258442883	0.437058559290964	-0.111133744422813	-0.0349557455739802	"IS07"	1.11413893103933
"DOK3"	"DOK3"	-0.221645077101386	-0.0141882259978973	-0.202536987232785	-0.124559940839037	0.00022879029194989	-0.0337322627732989	1.10802609562175	-0.200024986351663	0.991376344483419	-0.356259782934575	-0.608381420800644	0.165293765209445	-0.122130495741116	0.121359359230791	"IS07"	1.10802609562175
"SPIC"	"SPIC"	-0.0138636713612363	0.56386991805226	-0.0438989589170084	0.173392668975101	0.030189833457317	-0.126490519491986	1.10176378551697	-0.212952267048829	0.523508095739569	-0.274643077788351	-0.402971794679447	-0.171826398919849	-0.193974778373543	-0.0975320044581661	"IS07"	1.10176378551697
"GPR25"	"GPR25"	-0.00516386110488522	0.00073647614340043	-0.0628293742309205	-0.173310330606722	-0.122669222290306	0.276354581974936	1.08022841389214	-0.0229311226275053	0.884739593468761	-0.0664505276363917	-0.716940333169799	-0.206073951819937	-0.310132888002028	0.0381807893234645	"IS07"	1.08022841389214
"C16orf54"	"C16orf54"	0.0796543685369252	-0.13353742990923	-0.0870647876745316	-0.206862916023667	-0.134514066515408	0.311495915789656	1.07180973889787	0.273229592363335	0.725802221032345	-0.299158395592988	-0.733653897673876	0.136620092632262	-0.201341301025368	0.0571895414775278	"IS07"	1.07180973889787
"IL10RA"	"IL10RA"	-0.0274525270083599	-0.0966003801942637	-0.146096214915799	-0.265893683042529	-0.244140172649542	0.0368308880412753	1.02501946468716	0.0611711074133271	1.01002043722862	-0.296491706655061	-0.615301314782716	0.133209190202287	-0.136814160250332	-0.04570632874407	"IS07"	1.02501946468716
"WNT1"	"WNT1"	0.0823154215305218	0.12647333850401	-0.202532942056461	0.297963734431004	0.338603571002002	0.0447487839958672	0.990809790269292	-0.0244371773836394	0.205374635675411	-0.384181557056754	-0.432239739416788	-0.126191428518986	-0.0292952882328038	0.319677245941921	"IS07"	0.990809790269292
"VPREB1"	"VPREB1"	-0.0692737854788902	0.451442085680382	-0.118173139006472	0.0174681674644594	0.458882845580522	-0.063209153123814	0.905518554488706	-0.0875355330925411	-0.0502439110097936	-0.171678099026331	-0.228799215384338	-0.109957482874912	-0.1784866014735	-0.0804468718660066	"IS07"	0.905518554488706
"VNN2"	"VNN2"	-0.0280658223077536	-0.117441864737137	0.0636119177058899	-0.240428249351594	-0.186914662967133	0.552381196416369	0.904801800347027	0.185700019403647	0.767511865517043	-0.317410930652021	-0.578325537188237	-0.000266695477319282	-0.0686610671798297	-0.0666101823940324	"IS07"	0.904801800347027
"GCSAM"	"GCSAM"	-0.000432940262647966	0.0230420432484016	-0.0874443770462416	-0.144875016189337	-0.0351052180647487	0.00545954321086562	0.894735057940084	0.0170375723135251	0.153643534159942	-0.377497893336448	-0.230046897086621	-0.122814280450727	0.120487686176224	0.346031450442951	"IS07"	0.894735057940084
"MC4R"	"MC4R"	-0.072151163623958	0.291786862942418	-0.167205614843682	0.28876612888054	0.520517503730392	-0.00691379109860897	0.834046146449451	-0.0793771978935704	-0.117590371357001	-0.298957599953933	-0.320598322307913	0.207339196543943	-0.0630910919571755	-0.0563924098054813	"IS07"	0.834046146449451
"GPR183"	"GPR183"	-0.0881663897902137	-0.137718183303312	-0.0409471719267377	-0.149187568116184	-0.183788017132021	-0.150195065830793	0.817746181470881	0.188052716732383	0.768302610576051	-0.263571513172098	-0.609857221267219	0.412360686111062	-0.0924859358606444	-0.161198934343161	"IS07"	0.817746181470881
"WAS"	"WAS"	-0.181313846829599	-0.12428373071857	-0.190151073142389	-0.154529262131239	-0.130772299073134	0.0310908785563889	0.79794402657149	0.027833852883746	0.77998842745336	-0.273198908615259	-0.203779203709076	-0.0863521962035667	-0.239067159825631	-0.135083892077415	"IS07"	0.79794402657149
"CEACAM21"	"CEACAM21"	0.0371507351554644	0.0153593013644879	0.0242440901150294	-0.115749711677619	-0.152659079859755	0.154966773792602	0.779672676450477	0.269127201817819	0.741079475445087	-0.131992741100599	-0.827961696010531	0.276563725354393	-0.134459155845873	-0.0702804655902191	"IS07"	0.779672676450477
"GHRL"	"GHRL"	-0.0177612382750475	0.201538028948055	-0.329977512917887	0.114314264392599	0.0864008295678944	0.616690825598986	0.733192076215833	0.190851697411329	0.331907524106113	-0.278222134343132	-0.531251984327646	-0.0988892329553376	-0.13635765667685	0.433747726596654	"IS07"	0.733192076215833
"TNFRSF4"	"TNFRSF4"	-0.126994273764067	0.145592259262548	-0.233920724747471	-0.0405911279031688	0.0872958614091459	-0.107512410829326	0.709063909259246	-0.184653344013049	0.537069185146259	-0.110515755512234	-0.348315756522852	0.0980434456174306	-0.182124288151957	-0.0927413834717146	"IS07"	0.709063909259246
"S100Z"	"S100Z"	-0.160622367429639	0.0225137700005137	-0.225029902900504	-0.244484344099826	0.172940552263869	0.0677726721918765	0.699196201371656	0.134834629239227	0.507076631764822	-0.341066685741383	-0.39743972342794	0.345169625859583	-0.210153184439402	0.128485653279831	"IS07"	0.699196201371656
"SLC2A5"	"SLC2A5"	0.289769062763262	-0.0478398974611693	0.0469567656244365	-0.0310305958073279	-0.0764605471561146	-0.213744046374054	0.478054551769812	-0.0831217691075825	0.451147666407536	-0.254181846386874	-0.311014415079779	0.392471017972537	-0.114575427890558	-0.172920070304504	"IS07"	0.478054551769812
"CA4"	"CA4"	0.604742659890999	-0.119737390771795	-0.120614712913596	-0.0189729362796477	-0.0215964548339148	0.00929873805967564	-0.060406196878825	1.63674089667469	-0.118065470067301	-0.246022076430738	-0.198131762643436	-0.160180911722201	0.0504050261074303	-0.151514125006134	"IS08"	1.63674089667469
"PGA4"	"PGA4"	0.142674175291149	-0.0212055157580032	-0.166644513320336	-0.0604321914661926	-0.0885358012863836	0.426783590350365	-0.0617594462871682	1.35536567963096	-0.0567109349716012	-0.182247943732677	-0.167605115836556	-0.0913920886439344	-0.0609092959649665	-0.130007256312023	"IS08"	1.35536567963096
"ERICH4"	"ERICH4"	0.956531969115973	0.137544719760916	-0.188310050756441	-0.0785392015677267	-0.0739419722972647	0.00239212447121297	0.00420476462963333	1.24703564915062	-0.0387685525380933	-0.300694801006676	-0.24347235809252	-0.0869474366978249	-0.0695490325906181	0.137847640424212	"IS08"	1.24703564915062
"PGA5"	"PGA5"	0.0120595229746056	0.0269244693751643	-0.176246714591038	-0.0239823367370462	-0.222532501122484	0.377080762210929	-0.0646632874581976	1.22933828052721	0.0104801314680127	-0.197820739605664	-0.159647355929924	-0.0471737023589274	0.0510711390789506	-0.0939772089059185	"IS08"	1.22933828052721
"PGA3"	"PGA3"	0.167585362662725	0.0239139558515921	-0.133741587423201	-0.0487892988569808	-0.116056262059443	0.482561223540743	-0.0649355990443656	1.22890162998105	-0.0636018033141732	-0.162683196934292	-0.166899259807597	-0.11769833192897	-0.0508530694710875	-0.0964360632578685	"IS08"	1.22890162998105
"SOSTDC1"	"SOSTDC1"	0.0281660302035283	0.00538940904645208	-0.0988279142622895	0.354031937292651	-0.0775534184311629	0.227177110594481	-0.0641153808266413	1.11207802344361	-0.142928797237817	-0.257105447791444	-0.0597716865346458	-0.10710597051979	0.0651251272584402	-0.145245660441934	"IS08"	1.11207802344361
"CYP2U1"	"CYP2U1"	-0.182535646972688	-0.0252205710682364	-0.243909887218916	-0.0147980967927682	0.28125490064766	-0.083262937851673	0.246366804388785	1.10580993656611	0.20787040458277	-0.596470734837837	-0.425476978027309	0.781458282439535	0.135792986679711	-0.0471613540370826	"IS08"	1.10580993656611
"MEF2C"	"MEF2C"	-0.0809023807621783	-0.232711518041233	-0.193208155690981	-0.289118529559533	-0.0574588924383551	-0.10604624864464	0.680561263092167	1.08560781413052	0.395218252279583	-0.55614026764864	-0.568246906382055	0.828479887142347	-0.130312046885642	-0.11955844436281	"IS08"	1.08560781413052
"ITGA8"	"ITGA8"	0.105368461670011	0.0224748186233811	-0.229202999497522	-0.242683467177414	0.0848406578148099	0.108943417436778	0.353965214166	1.04215515599038	0.0287468081028004	-0.462457127213013	-0.413107277283652	0.766934535808436	-0.15132824535725	-0.0830670486138266	"IS08"	1.04215515599038
"ALDH1A1"	"ALDH1A1"	0.190639654311348	-0.115719166157018	-0.123439169237656	0.254863639721729	0.587851308381928	0.27338905206623	-0.0182017166553354	1.00864706961582	-0.0607409687272381	-0.326116092347694	-0.24327200149228	-0.115901714184701	0.463481857531662	-0.196687441254586	"IS08"	1.00864706961582
"GLRA4"	"GLRA4"	0.717681159310679	-0.00985730247206534	-0.0518287812816908	-0.0803801369428618	-0.0415902922892453	-0.0618077863021497	-0.0555320696562435	0.944770511877044	-0.124386283088854	-0.160916683899734	-0.119212758631898	0.019964738544869	-0.0830596828724369	-0.130154871408999	"IS08"	0.944770511877044
"CEP112"	"CEP112"	-0.296658316836168	0.253636612317916	-0.309181984214211	0.0015996706164111	0.274564723110525	-0.0402540153953077	-0.000431665083894442	0.874518321906253	0.00132805008052892	-0.359861899839585	-0.215551093687302	0.535605458702021	-0.137095847809928	0.193753454714249	"IS08"	0.874518321906253
"NFE2L2"	"NFE2L2"	-0.137820390592972	-0.0691188322245147	0.386548684470651	0.0635198233655247	-0.170338925468584	-0.00809654964796498	-0.00702153522566771	0.677122825688013	0.16003992491403	-0.575589211046635	-0.112562988093854	0.232098201758227	0.593875312435306	0.0349585553361901	"IS08"	0.677122825688013
"ENPP6"	"ENPP6"	0.112360239137865	0.226974082769633	-0.163229003837214	0.0134626215108167	0.281835359437688	-0.0517695370685126	0.425863440447152	0.593186278772246	0.202866126329407	-0.287108400592448	-0.273695117827847	0.0191092689760437	-0.11244070615169	-0.0477935959907668	"IS08"	0.593186278772246
"CPM"	"CPM"	0.264302583560963	-0.116405590020373	0.34426736600441	-0.0176545286644225	-0.0020389312386589	0.0697669505425277	0.205645273000515	0.564221446329401	0.516334806822476	-0.549945528155353	-0.388962673384047	0.267067009796701	0.241104604139828	0.0491556298000554	"IS08"	0.564221446329401
"EEF1E1.BLOC1S5"	"EEF1E1.BLOC1S5"	0.0811616506300363	-0.076669546403051	-0.0471845645831673	-0.00075111324970027	0.169299559664232	-0.0107456129495004	0.0311455510804489	0.476981272343226	0.0992260807259178	-0.128049883938456	-0.128031617725019	0.0094908144294916	0.0050805100506426	-0.0291282120566557	"IS08"	0.476981272343226
"PLA2G7"	"PLA2G7"	-0.13576943934899	-0.0374304524592025	-0.221004056853261	-0.0783745446897763	0.0103994684739632	-0.140435949926731	0.402009739416995	-0.0336985612384643	1.43868801938185	-0.313449009166583	-0.482981421328288	0.0450458913055663	0.283835784475896	-0.152804229001008	"IS09"	1.43868801938185
"PLEK"	"PLEK"	-0.103204104874934	-0.057218238905083	-0.130467992255102	-0.181504550433866	-0.312441438835878	-0.048321605936902	1.00195685397121	0.087877160554819	1.34047415349075	-0.305592441289606	-0.740438038269184	0.231599987429539	-0.147817760221405	-0.192431255584382	"IS09"	1.34047415349075
"CLEC4A"	"CLEC4A"	-0.22252922457842	-0.129385267205773	-0.082481194208952	-0.132382489386427	-0.119329031014053	-0.10504658653387	0.240936711196926	0.0172221420737259	1.29791292860602	-0.229183900007556	-0.387902129786512	0.226731709062575	-0.150373001826915	-0.0971916715957789	"IS09"	1.29791292860602
"CASP5"	"CASP5"	0.728294256888071	-0.11970088474958	-0.115270579763476	-0.152298287333156	-0.25678007781312	-0.110498582579044	0.36138335106342	0.0614565452593136	1.26580873453885	-0.201626911887548	-0.399029435932469	-0.0979961043916309	-0.232599710300674	-0.191167026515451	"IS09"	1.26580873453885
"LILRB1"	"LILRB1"	-0.128340051911515	-0.130577656845288	-0.175121239534072	-0.16293984818567	-0.0813832232100609	-0.0263127335779484	0.942488325886277	-0.0663118869796392	1.2321546521538	-0.304476055351334	-0.669250866571187	0.175604837292518	-0.125268583580609	-0.0153827026522516	"IS09"	1.2321546521538
"ADAMDEC1"	"ADAMDEC1"	0.258173015243998	-0.0152767378905652	-0.177316881077497	-0.135812768531479	-0.0370177209279689	-0.187504028114694	0.650235208933997	-0.234273690968329	1.22617698282944	-0.207574536311688	-0.419957356111599	-0.0849942485287759	-0.142451042652516	-0.128529194515755	"IS09"	1.22617698282944
"HLA.DPA1"	"HLA.DPA1"	-0.185022185370611	-0.0243681745073468	-0.144872333909825	-0.20719744493326	-0.201100086677333	0.0397707002007014	0.475758384467098	0.121721854698713	1.20640232011943	-0.183254644141476	-0.4766734255734	0.0408859090070849	-0.122353589862961	-0.0720783641015901	"IS09"	1.20640232011943
"IL2RA"	"IL2RA"	-0.136632464821745	-0.0897418909255097	-0.150847620420881	-0.0707057468870433	-0.0359504755352984	-0.047220584122083	0.712900380881419	-0.209693112401991	1.15810370944656	-0.227908350563404	-0.644167309478355	0.319812745774711	-0.0656374409940164	-0.0899400936283329	"IS09"	1.15810370944656
"SNX20"	"SNX20"	-0.172705067045023	-0.127692245702114	-0.126293894280184	-0.148880508879058	-0.295349493124778	0.0543165227181617	0.977002509539154	-0.0849446221912521	1.10232234120572	-0.149120027862013	-0.704729152403091	0.169368114536068	-0.185051443493367	-0.117539497314626	"IS09"	1.10232234120572
"CXCR6"	"CXCR6"	0.0619466588896527	-0.0471374610083941	0.0702740330789357	-0.210783790760943	-0.243383665955314	-0.0248898022940933	1.02447044846046	-0.00828687694053174	1.09808674577245	-0.13281076596328	-0.816205449461992	0.0657541613162788	-0.187799358504274	-0.082822149310155	"IS09"	1.09808674577245
"HCK"	"HCK"	-0.197344573421707	0.0825770406688208	-0.0428492979819033	0.0956817348986149	-0.230898683247174	-0.0408625998797335	0.527197453026566	0.159394397292252	1.07947033719033	-0.227304499660271	-0.636434417237532	0.303474629824611	-0.162738202555847	-0.115820238729471	"IS09"	1.07947033719033
"HLA.DQB1"	"HLA.DQB1"	-0.193255936673319	0.0493531291907335	-0.15285950567943	-0.273679250445942	-0.282756966598168	0.0810293162394536	0.596049307891728	-0.066836395833678	1.0732747858614	-0.00875384149925365	-0.532076773433781	0.0475856545890582	-0.188561630761974	-0.137706893204985	"IS09"	1.0732747858614
"SRGN"	"SRGN"	-0.154440737563733	0.0113899359822634	-0.082785494256493	-0.156520978679499	-0.218316044942046	-0.055864914856357	0.483826034417923	0.354361347368172	1.05462487429532	-0.224923566108111	-0.600973271259133	0.305532987827703	-0.0752008904567832	-0.169777437967595	"IS09"	1.05462487429532
"PIK3R5"	"PIK3R5"	-0.145009214355268	0.00575901386389541	-0.0902568584104902	-0.160255057702569	-0.0326190662766495	-0.0224526729869594	0.823758076253291	0.109551790615669	1.03073588921535	-0.365188317823965	-0.624802754559266	0.233484478247306	-0.117368147477301	0.0694977708110777	"IS09"	1.03073588921535
"CD74"	"CD74"	-0.285069467713318	0.0212047223054325	-0.171882175777967	-0.193553651974375	-0.124988630576147	0.0683671283006443	0.425672854300662	0.0519495237941948	0.998609779855455	-0.0979063989411404	-0.296437968492044	-0.158539729895237	-0.095730834405249	-0.112592234621552	"IS09"	0.998609779855455
"TDRD6"	"TDRD6"	-0.170501890807984	0.1157173919768	-0.292383980666976	-0.0552717831001923	0.285382341128541	-0.031656882218052	0.245071315744706	0.454363315584269	0.966024580782647	-0.435761429646455	-0.39385244026047	0.0717985621378824	0.14804152561114	0.170906497776683	"IS09"	0.966024580782647
"FGD2"	"FGD2"	-0.0657068762313243	-0.0962311418683945	-0.101691760167573	-0.199858806083951	-0.234327275102269	0.0646763203705409	0.933283747491002	0.355449734661026	0.938545055207875	-0.403344070896485	-0.578530252568596	0.00179007211833131	-0.0209220326376486	0.110897852319216	"IS09"	0.938545055207875
"BIN2"	"BIN2"	-0.0524089475392452	-0.0555125358374221	0.0136055370603625	-0.039861370215813	-0.171386166395201	0.0476555652807719	0.913307692972344	0.0884018100789937	0.933878427646291	-0.240826156229872	-0.711239781259932	0.155197022518755	-0.178031657615611	-0.0300425570382128	"IS09"	0.933878427646291
"RGS1"	"RGS1"	-0.169623327760093	-0.0963150936353349	-0.0420397239984958	-0.148507712346504	-0.136509565638221	-0.0617791174923928	0.759190997126833	-0.0928159902543085	0.868633038659947	-0.208978257281713	-0.651354924266072	0.454020703082067	-0.103517693609919	-0.0565579217456677	"IS09"	0.868633038659947
"CTD.2370N5.3"	"CTD.2370N5.3"	0.0592401370744156	-0.187421319720175	-0.121720479402913	-0.205577479664212	-0.10256172231148	-0.0199196570423821	0.636499622662768	0.0362251249777778	0.848045488552831	-0.408105212831488	-0.490763190725443	0.574571970424035	-0.130572068794209	-0.0491825735212429	"IS09"	0.848045488552831
"LAIR2"	"LAIR2"	-0.0462340828422882	0.0918662227167978	-0.179250805809853	-0.150383378475333	0.194730206136442	0.138406025032785	0.5621049971178	-0.101194576545829	0.757675571691522	-0.137485428299408	-0.364905933774759	-0.0210459254074908	-0.130119630548439	-0.150801594215919	"IS09"	0.757675571691522
"MYO7A"	"MYO7A"	0.0723201102904886	-0.00412371670582541	-0.197264658350466	0.147029566942291	0.144795401875411	-0.158891281362779	0.495029426451537	-0.230846827448962	0.645504191174709	-0.295236958319241	-0.279127936027824	-0.110249320559681	-0.0250113505907562	0.428837972133985	"IS09"	0.645504191174709
"CLC"	"CLC"	0.278415266436975	-0.0517602242514359	-0.0428069739151957	0.0027220490797448	0.0220166686930431	0.0696967934800128	0.227639036719383	0.321742819709515	0.60605465212995	-0.233376107137248	-0.408946857779373	0.364248021322973	-0.211254706754335	-0.216077330385073	"IS09"	0.60605465212995
"TMEM86A"	"TMEM86A"	-0.0276010561678288	0.0716398204125525	0.0113792042210732	-0.0103727522716106	-0.0923396027972112	0.150565247041841	0.206438029624773	-0.131739185129968	0.592830799541353	-0.352945911498992	-0.276741477260146	0.251701642880906	0.451625220136771	-0.0357675601418337	"IS09"	0.592830799541353
"CLLU1OS"	"CLLU1OS"	-0.179533757619878	0.113583802239534	0.0762937255751099	0.307091248965203	-0.213974740828403	-0.0833699295033191	0.323567185259212	-0.260495417828288	0.395862913432218	0.101801895393238	-0.357362076633571	0.0638498371930341	-0.0230226537683008	-0.201836544992576	"IS09"	0.395862913432218
"RPL19"	"RPL19"	0.156785926858409	0.0928159853746853	-0.320846016696313	0.282851477383672	-0.14769675086462	-0.174740614113083	0.0385260225797431	-0.337119096095946	-0.152683397931015	0.293679880173724	0.12006888741455	-0.275775207147353	-0.0462445200459626	-0.136290980488238	"IS10"	0.293679880173724
"CD48"	"CD48"	-0.0661890223249418	0.152130020645268	0.11833750290397	0.225363599301709	0.20457494050779	0.0351652737509533	-1.16307557922055	0.0357309561500971	-0.946583111174617	0.164036687361926	0.713147486463899	-0.14954099599693	0.257843397313256	0.16966334903554	"IS11"	0.713147486463899
"LUM"	"LUM"	-0.326177028307937	-0.0798934970069362	-0.18659907218142	-0.155114528793451	-0.159763305854053	-0.184769305831404	0.207712564552036	-0.0857888445066078	0.172451698438308	-0.342796075522304	-0.439719252464928	1.73900466029066	-0.120128010185834	-0.220302377729561	"IS12"	1.73900466029066
"WISP1"	"WISP1"	-0.338524868230517	-0.00852775497622452	-0.121343410195678	-0.0282996578055069	-0.0213568037224674	-0.142943693394295	0.242083099680734	-0.298556684359989	0.271546745725983	-0.387375093289413	-0.395736824896982	1.45604407411636	-0.0173429603845896	-0.0959666740531358	"IS12"	1.45604407411636
"EMILIN1"	"EMILIN1"	-0.19660558631207	0.0294495037725639	-0.280851331660081	-0.120747887465935	0.263977983104853	-0.0310555249912596	0.347630389378276	-0.148837470933764	0.154401904620516	-0.271996272236584	-0.52502553719198	1.43239429168701	-0.277477296008584	-0.0895582381413342	"IS12"	1.43239429168701
"PDGFRA"	"PDGFRA"	-0.0900157744142505	-0.109976951910641	-0.170062042152364	-0.0618886564095706	0.0868318179902699	-0.121836578000946	0.265846339944549	0.74201099122475	0.107652431190301	-0.418918501257981	-0.450264561227246	1.0406546204437	-0.0509962034342402	-0.168012663738379	"IS12"	1.0406546204437
"BHLHE22"	"BHLHE22"	-0.292277631826748	-0.073467852782897	-0.21848466280804	-0.210587730240713	0.0922680415620075	-0.0989108376527276	0.830221712578541	0.420252755032011	0.327708713878397	-0.340677910650311	-0.673018952931577	0.976266201272078	-0.204777585294934	-0.145054770831556	"IS12"	0.976266201272078
"TPSAB1"	"TPSAB1"	0.125748031922881	-0.0567265538039817	-0.0567706349194906	-0.313727323113184	-0.431069502637899	0.279363789469873	0.454999433341557	0.319547968861719	0.213802489317213	-0.258298443268676	-0.575824217387681	0.969146592499787	-0.264224800385052	0.0230445487188721	"IS12"	0.969146592499787
"FMO1"	"FMO1"	-0.104499552805057	-0.000271558336267566	-0.0713002971297125	-0.0338498289200671	-0.120082031768601	-0.168553294245045	0.324786713099899	0.292962658981493	0.184296309901951	-0.334497881941064	-0.367551214740534	0.893661335030251	0.00462440541852013	-0.180012245507703	"IS12"	0.893661335030251
"CAPZA2"	"CAPZA2"	0.156033101652503	-0.202887332076845	0.363951657765938	-0.182661957207927	-0.000902707074939728	-0.104153837593796	-0.037109094982013	0.283169231199	0.281700165174469	-0.490179710831366	-0.123278616107528	0.46250113288053	0.453905813188788	-0.0707632702841283	"IS12"	0.46250113288053
"WNT5B"	"WNT5B"	0.0331756862029294	0.268263178500153	0.0867698159847949	0.332927603143297	0.265671128008241	-0.0413517511453446	0.145008049634415	-0.00287629634740351	0.00605381712066031	-0.251036205541073	-0.171413081050449	0.393403019623933	-0.0980890590117482	-0.132067994314119	"IS12"	0.393403019623933
"METTL1"	"METTL1"	-0.287805485108473	0.0220560544386081	-0.188155340703045	0.329388191422403	0.0339663562112966	-0.164744337782493	-0.0663061705467067	-0.402817737946075	0.0171660177718256	-0.0802656886590215	0.0496838189925938	-0.162978751250978	1.02180135214691	0.0435354754487675	"IS13"	1.02180135214691
"OS9"	"OS9"	-0.0591971337650498	-0.0244275400886118	-0.186720318802283	0.0797991459087375	0.181415956421741	0.0615813482627012	0.070062627225458	-0.0325468707233889	0.0341966222005532	-0.278433035585908	-0.101002280551931	0.0456509276729997	0.977080587964038	-0.0112678241951053	"IS13"	0.977080587964038
"MCCC1"	"MCCC1"	-0.128347027561247	0.293621774536554	-0.187611614342353	0.312666947373876	0.0127006433880511	-0.103339162112513	0.0621932347946392	0.109441532925823	-0.080337398786195	-0.238699444208361	0.00064865345370051	-0.242407902821771	0.813175804267144	0.139105292309361	"IS13"	0.813175804267144
"TSPAN31"	"TSPAN31"	0.123914801858884	-0.146728873368782	-0.0249776840195228	-0.12278153369382	0.0801205837852466	0.0865791962079011	-0.0980223077461168	0.271178535638822	0.139917854153015	-0.577176339172295	0.045234594981587	0.244559562311175	0.771260853195971	0.139829520905235	"IS13"	0.771260853195971
"ADM2"	"ADM2"	0.229655842571832	0.18687261751346	-0.204953161981702	0.267220716524654	0.105375800337106	0.234625961163092	0.200112010929383	-0.322433516901596	0.0883352849840159	-0.23719525162222	-0.0418482199415003	-0.259010185518497	0.730793449010067	-0.0121033585028473	"IS13"	0.730793449010067
"SEC22B"	"SEC22B"	0.072671206990472	-0.106309442289713	-0.0966029125487221	0.11834754822795	0.0702167688426311	0.201922279224944	0.16905361902709	0.0479766994196469	0.276538827651045	-0.551944945119897	-0.162806931106722	0.252686880149024	0.7249153047961	0.119318445664681	"IS13"	0.7249153047961
"TMCO3"	"TMCO3"	-0.128152951789734	-0.0321858401551479	0.006579704763447	0.0944925692671199	0.205277858304778	0.259161209317546	0.0345023279944382	-0.109315096171834	0.0601512671125032	-0.393455104607283	-0.0487806282793731	0.182705399652942	0.695965121475021	0.0654721750794098	"IS13"	0.695965121475021
"ING1"	"ING1"	-0.0993162398179888	0.171888091910924	-0.127504717525677	0.0943982843258596	0.50204255522305	-0.0233814293234622	0.141875799497954	-0.187580820726219	0.0265496109498681	-0.340162187554851	-0.030209489662801	-0.0335878188068237	0.691017087913417	0.17377478030998	"IS13"	0.691017087913417
"BRMS1L"	"BRMS1L"	-0.325383504276978	0.0376158786733453	0.137367037561495	0.219376682039112	0.652147594728965	-0.336130857386174	0.0119681690711449	0.329915364972662	0.0893587185896867	-0.618552914559601	-0.0393919990609131	0.262651390804034	0.688965137098127	0.118826084968889	"IS13"	0.688965137098127
"MARCH9"	"MARCH9"	-0.290302729629603	0.19534341419584	-0.21775952410543	0.21686646399953	0.394951102049152	0.0364348371397126	0.0453651504975205	-0.323234601690974	-0.122854162936836	-0.220884975787013	0.0652990838835417	-0.117244839303782	0.669020511393244	0.297765027225318	"IS13"	0.669020511393244
"RAB3IP"	"RAB3IP"	0.0895277427786409	0.105542788306604	-0.054332448606855	0.356399830822877	0.346994608324424	0.0465381009849014	-0.0717032981130299	-0.380368151864067	0.0159942994628417	-0.248428814637655	0.174693116969257	-0.349933448469937	0.583405250283551	0.184567380852435	"IS13"	0.583405250283551
"C19orf12"	"C19orf12"	-0.0381444703408876	-0.077558197904041	-0.0870689748016525	0.225818449411988	0.0667492134095514	-0.165121908435534	0.174630619857569	0.26373219672388	0.127877776040953	-0.379998550012745	-0.0979323255772289	0.0793747028808987	0.580058315688387	0.00112581763223667	"IS13"	0.580058315688387
"HDAC9"	"HDAC9"	-0.000768389354169986	-0.145568874901709	0.0598895334440685	-0.0812450864315053	0.447234154451856	-0.0539751215513057	0.178042130237628	0.0388718520835293	0.214614550971764	-0.302795242334879	-0.201754890104333	0.174786692840205	0.505979481000095	-0.0408904218285314	"IS13"	0.505979481000095
"HIST1H3A"	"HIST1H3A"	0.00506166832917315	0.216334976748267	-0.0775810316362363	0.364028818634645	0.3612740635782	-0.000848808765680173	0.130971269810089	-0.250621244053432	-0.076966698558875	-0.109777369255774	-0.109801153043449	-0.193865791180504	0.497443384757643	0.118292938758653	"IS13"	0.497443384757643
"CTD.2192J16.24"	"CTD.2192J16.24"	-0.0738981671474869	-0.0782557612039432	0.11312726894074	0.0588326698365029	-0.0599083012670449	-0.0537732366390201	0.0919938317393755	-0.0621556742500526	0.0234522514170121	-0.115793160275884	-0.0614862972134641	0.0708478391283058	0.436849706205871	-0.107943582029866	"IS13"	0.436849706205871
"KATNBL1"	"KATNBL1"	-0.0560193256099874	-0.00247933708331371	0.382605750211814	-0.013348428222359	-0.0702818712216824	-0.0881501689829651	0.0910264593246722	0.0513530963901395	0.0263749552802864	-0.498209818373981	0.0497660342560526	0.108654931267901	0.414970299232575	0.350353178482913	"IS13"	0.414970299232575
"GUSB"	"GUSB"	0.216023905389441	0.0786568898866725	-0.244155018561971	0.0516746108525446	0.145700975195686	0.274268225389122	0.117792669671183	-0.321750335812098	0.132760378816103	-0.245300263080888	-0.021731233708408	-0.115213931146994	0.40993428620901	0.282246878407898	"IS13"	0.40993428620901
"CSTL1"	"CSTL1"	0.100100954869366	0.574859573948124	-0.175666743455008	0.0816390510864233	0.180431951401437	-0.157688262000832	0.0766770173327134	-0.262260413955457	-0.11228407415062	-0.281353827828069	0.0582426144834809	-0.181627410195693	0.0417789699717563	0.953816218465087	"IS14"	0.953816218465087
"TAC4"	"TAC4"	-0.058108072539626	0.348264835769924	-0.152917723681475	0.0462573858759802	0.259113852359584	-0.00523047642546646	0.167804616108276	0.0112341305939011	0.0259246981627348	-0.449509332424523	-0.0840937695652354	-0.0463762946811872	0.236062789310036	0.894065241376966	"IS14"	0.894065241376966
"SCGB2B2"	"SCGB2B2"	0.0129103176895107	0.365778993112036	-0.188590775425239	0.233921562467146	0.321052780068857	0.0243990716476736	0.0829521890651816	0.0535637977728899	-0.0912711785362731	-0.432782420705836	-0.0139854768949384	-0.130956734456089	0.278752935302444	0.773789020295315	"IS14"	0.773789020295315
"NPPA"	"NPPA"	-0.0454506758851675	0.257147791257603	-0.21146073448703	-0.0198017450419002	0.573494486647634	-0.035428694058842	0.22986111714835	0.242252976058833	-0.00847845536042477	-0.337775800796046	-0.14015712830801	-0.0674464650715703	-0.0863329592358249	0.737990086697219	"IS14"	0.737990086697219
"ASMT"	"ASMT"	-0.0170434524360687	0.3080008886731	-0.171486651160869	0.184318024556686	0.149793882660742	-0.0810317336942295	0.159118813935187	-0.0403420671048312	-0.0447396110002809	-0.148167499877	-0.155757960465618	-0.0806257147292413	-0.0412197262437845	0.698935614346136	"IS14"	0.698935614346136
"EYS"	"EYS"	0.0812973880616911	0.605119079271805	-0.221514638303683	0.200308021768891	0.284464166192039	0.0724981545583019	0.0293570524625054	0.151207547575243	-0.152936857269329	-0.558680829478699	0.0788385372520733	-0.117127508315397	0.455268330029405	0.676774663745183	"IS14"	0.676774663745183
"NSMCE4A"	"NSMCE4A"	-0.0894377537199099	0.0788497896954618	-0.201512929649417	0.141911156173319	0.343385097090715	-0.0706883124802521	0.235588362665558	0.116817131160049	-0.0827770376617521	-0.256603121850258	-0.118405636933743	-0.225203133559761	0.340449995729562	0.630418080761159	"IS14"	0.630418080761159
"INSL5"	"INSL5"	0.158446261797255	0.14890698755994	-0.219163117408323	-0.00774914782016515	0.201235792112921	0.108475448053866	0.00984421639544091	0.11488376249136	-0.0795217499060456	-0.190327235583406	-0.0315466852913867	-0.0533637513626518	-0.0790501146314572	0.592699796698355	"IS14"	0.592699796698355
"FRG2B"	"FRG2B"	0.0289629500493386	0.164347840305391	0.202555748473272	0.139930191973949	0.305678495150716	-0.0833283935722003	-0.0162301587492953	-0.0591989451623135	-0.0767854951852257	-0.156179677903471	-0.060145288320127	-0.0912713352232538	-0.116537593276603	0.581102925001975	"IS14"	0.581102925001975
"A4GNT"	"A4GNT"	-0.126849082878533	0.169201303978056	-0.15736733659931	0.110002530992765	-0.118630369252991	0.489521259922723	0.0300579623221162	0.500317820965921	0.104608095381177	-0.308375561986879	-0.205016307512392	0.0191795577251609	-0.0268288811208421	0.555874763060672	"IS14"	0.555874763060672
"OR4A47"	"OR4A47"	0.0474358583479801	0.272938708058582	-0.0719469775722656	0.0908049344922992	0.206933242587612	0.0244248405866352	0.00981726088468496	-0.0448013665998811	0.0234582463307157	-0.0979418245126	-0.0780400251749309	-0.0831773708607565	0.00122186138256372	0.347204382371463	"IS14"	0.347204382371463
"RPS4Y2"	"RPS4Y2"	-0.0144955795438638	0.231961373948094	-0.0764384521659264	-0.0593463150576346	-0.0202147692773921	-0.0529433425252904	0.227530547733675	-0.00839842577685679	-0.0456763163527174	-0.0320988173094871	-0.0914557629959886	-0.0788226790374593	-0.0765991549249066	0.307715153451113	"IS14"	0.307715153451113
"ADPRHL1"	"ADPRHL1"	0.265221713668395	-0.0639684222660116	-0.109690488224083	0.0479147058139667	-0.00321604850723136	0.16813165659507	-0.211933727259067	-0.309349988465086	-0.0673136144592736	-0.235069525599003	0.266529019949829	-0.0299051061889599	0.255232490564462	0.295248855820474	"IS14"	0.295248855820474
