"IS01"	"IS02"	"IS03"	"IS04"	"IS05"
"MEDAG__pos"	1.27442422732714	6.46249009419599	46.2893549426196	2.22044604925031e-16	41.1787346311427
"QRSL1__pos"	9.80351588641462	32.2447765373066	44.6787843907208	17.0520674787101	12.3061634985095
"RNASE3__pos"	7.59406399801724	20.7245242494725	56.09020816655	9.46371127552478	23.4761746847352
"AKR1C4__pos"	9.57147305857862	21.5268994692905	1.42177828520334	88.1218741555198	9.10236334204764
"CCL24__pos"	2.22044604925031e-16	2.22044604925031e-16	33.491399345757	41.8711231106946	14.8648304767861
"MMP8__pos"	2.69794612785872	2.46560428792617	79.7822287956334	14.0651756606603	3.51670549895401
"ELANE__pos"	24.9827912439768	7.50043482221736	20.869191655545	2.16999256504117	76.4087987683586
"MPO__pos"	19.0686136988919	11.5716715352998	45.676027328877	14.3846147105812	39.2687230573282
"CH507.396I9.6__pos"	80.5071444152042	0.0128364739853681	12.2245966275137	2.22044604925031e-16	40.640736929752
"CXCL5__pos"	2.22044604925031e-16	2.22044604925031e-16	51.6974397232741	56.6768638907007	5.47137890693233
"GIMAP5__pos"	1.36122564535657	2.45895306958596	49.5697001611625	2.22044604925031e-16	44.9906273494289
"DEFA1B__pos"	5.5062229511137	2.22044604925031e-16	16.2073931825822	30.1148690483003	55.4827281424966
"DRC7__pos"	156.195404430157	2.22044604925031e-16	2.22044604925031e-16	10.8310529243493	2.22044604925031e-16
"MS4A3__pos"	15.3896174905662	21.3592728874979	49.7885712629506	10.5891620488457	30.131041273634
"VWA3B__pos"	100.061491615565	8.3410747932474	12.7446057945102	28.6294186654276	2.13592428853765
"AGER__pos"	43.897093830677	16.135696182244	1.39369247649515	14.556795828158	49.1568954768315
"C8B__pos"	8.14314181424623	2.22044604925031e-16	2.22044604925031e-16	101.796034528294	10.6612774220303
"F11__pos"	29.1984670459762	3.02871827144866	2.22044604925031e-16	66.0727563111771	30.7357377529863
"DEFA1__pos"	12.5177422982641	4.32959391381503	15.3341614845171	26.089552415105	53.3559017727293
"ATP10A__pos"	1.86169799599109	0.947709203185009	54.0367701913489	2.22044604925031e-16	10.9988108470813
"REG3A__pos"	2.22044604925031e-16	2.22044604925031e-16	2.22044604925031e-16	93.5970952728519	2.22044604925031e-16
"ANKRD1__pos"	10.9648612772255	2.22044604925031e-16	35.9004266361526	1.32861432118159	31.967728942857
"IL6__pos"	2.22044604925031e-16	2.22044604925031e-16	39.6450022500571	4.10796648337653e-11	55.7608334949622
"FAM216B__pos"	115.443067508578	2.22044604925031e-16	1.79857158652801	2.22044604925031e-16	9.05751968519821
"PTX3__pos"	2.22044604925031e-16	2.22044604925031e-16	29.2463978501385	1.33494148684054e-07	53.8665246434515
"C5AR1__pos"	18.7881885936493	3.54864915857844	56.5969607623438	1.14991148401158	30.8191201997784
"RP11.96O20.4__pos"	2.22044604925031e-16	11.4875702447695	35.3116692815905	23.5438592534292	7.61235314496545
"KATNBL1__pos"	0.517920798769865	23.1914279244858	25.1455599938847	22.5084161123674	10.9243100858701
"KLRC4__pos"	5.03713498737419	2.22044604925031e-16	68.9102949460156	2.22044604925031e-16	7.20924398529647
"GRAMD1B__pos"	0.541845674977568	2.22044604925031e-16	11.3143492189022	78.1239739749315	2.35135242803524
"REG1B__pos"	2.22044604925031e-16	2.22044604925031e-16	2.22044604925031e-16	67.3368888770833	2.22044604925031e-16
"GRIN3B__pos"	82.9783928521904	15.3364233537849	25.187561748042	6.1051950881908	2.22044604925031e-16
"ALAS2__pos"	12.660556677393	12.9804577458492	15.9930807924492	17.6930945760202	61.5777432183909
"RAB5C__pos"	2.10736053292966	36.9143669491989	13.2963295085933	2.85478967440042	7.74776541934478
"NCR1__pos"	11.6405596623708	4.99811757062507	62.2423065399527	12.1965037801435	19.7018896689423
"GSX1__pos"	54.7757519604255	2.22044604925031e-16	2.22044604925031e-16	2.22044604925031e-16	2.22044604925031e-16
"DTHD1__pos"	76.5740058173712	2.22044604925031e-16	39.0155765373137	2.22044604925031e-16	0.838055289047205
"AC011513.3__pos"	2.22044604925031e-16	2.22044604925031e-16	4.87008849373083	97.5704074809937	2.22044604925031e-16
"TMIGD3__pos"	2.92852771946228	22.944092669237	56.4372452964914	2.22044604925031e-16	6.24895363371039
"HBB__pos"	2.22044604925031e-16	2.22044604925031e-16	2.22044604925031e-16	2.22044604925031e-16	92.2531587749549
"CD69__pos"	3.3507713250849	1.62436877802021	57.7799917420648	2.22044604925031e-16	38.9794766335264
"AZU1__pos"	125.849048014184	2.22044604925031e-16	2.22044604925031e-16	2.22044604925031e-16	2.22044604925031e-16
"DAZL__pos"	2.20612064610634	2.22044604925031e-16	56.881132739001	2.22044604925031e-16	0.140959406974953
"ADH4__pos"	2.22044604925031e-16	2.22044604925031e-16	2.22044604925031e-16	70.4687129317302	33.2504935920706
"STXBP1__pos"	4.64159962155899	31.2567603816694	26.6480091879184	2.12413845615817	25.8463230107016
"C8A__pos"	2.22044604925031e-16	2.22044604925031e-16	2.22044604925031e-16	122.192059280437	2.22044604925031e-16
"TGIF2LY__pos"	2.22044604925031e-16	2.22044604925031e-16	2.22044604925031e-16	79.5262983916072	2.22044604925031e-16
"COL15A1__pos"	0.000976154574530298	2.22044604925031e-16	71.4636080413281	2.22044604925031e-16	29.8728591089599
"HBA2__pos"	2.22044604925031e-16	2.22044604925031e-16	2.22044604925031e-16	0.179461823035846	99.6426399969762
"PGLYRP1__pos"	19.2562441057216	8.54321146208785	13.6611132087745	16.6695015428598	40.5321428193635
"TMEM190__pos"	114.779818376749	2.22044604925031e-16	2.22044604925031e-16	0.941441406104285	2.22044604925031e-16
"AADACL4__pos"	36.3787161690419	3.15089987407459	6.98570613973123	11.3061558770385	55.8740668503151
"HBA1__pos"	2.22044604925031e-16	2.22044604925031e-16	2.22044604925031e-16	2.22044604925031e-16	94.6128699240589
"RGS18__pos"	2.78634291789225	20.9248410745585	51.5235158200149	0.127314985374663	26.608615438321
"OPN3__pos"	2.81468294319526e-11	21.3670682647579	28.6763336824266	9.18437162423005	1.57573284281008
"CYP2C9__pos"	6.4252057423871	13.2021524213132	1.02891619377508	72.541810777867	12.9885208746704
"AKAP4__pos"	1.56062448184733	2.22044604925031e-16	2.22044604925031e-16	83.3249153589088	17.0745566541081
"TMX2.CTNND1__pos"	5.484965908595	7.46856459960742	40.1378955429414	11.2864663968841	46.6927954784062
"AKAP12__pos"	2.22044604925031e-16	2.22044604925031e-16	23.7752247850692	0.873719451482623	71.5422189866775
"RNASE6__pos"	4.38544596026698	30.4597825522149	39.3502745183516	0.777394258651872	17.8543199562823
"FPR2__pos"	11.5641287257863	2.22044604925031e-16	68.8900037493325	16.7263609407179	22.3393491353677
"LRRC28__pos"	3.54466917564783	35.0405960709788	25.3285715859881	8.8177149832239	28.0391113895267
"OR10K2__pos"	38.8810453787501	2.22044604925031e-16	2.22044604925031e-16	2.22044604925031e-16	2.22044604925031e-16
"CPB2__pos"	22.0513338319373	5.81150181773299	2.22044604925031e-16	71.6823340243291	5.57603466283373
"CYP3A7__pos"	5.39306611928613	13.6650528721705	8.77048556473817	38.0780210675929	44.8288009539805
"KIR3DX1__pos"	52.9686397717789	8.32275143755806	24.2540062557596	8.91479699638345	10.1662365379842
"SCGB1A1__pos"	81.1093985448565	2.22044604925031e-16	2.22044604925031e-16	7.74661503177585e-06	7.19267234875386
"LRRC32__pos"	1.99498171821783	18.1720368409122	35.0626239538425	1.58104065256752	36.2365193323196
"WISP1__pos"	3.54385145862611	0.310292090973253	93.2606870158379	2.22044604925031e-16	2.34194440336763
"CAPZA2__pos"	2.22044604925031e-16	22.5810900779927	24.41211860021	0.0698449423619427	10.792559741664
"SPINK4__pos"	2.22044604925031e-16	7.55551289740432	2.22044604925031e-16	92.2549825810312	2.22044604925031e-16
"SIRPB1__pos"	5.83446972371802	16.4878932426085	56.4748836368913	10.678306969891	14.8233159212663
"TPM3__pos"	5.33188467638158	39.3990145422697	21.3505761060753	8.83035243889376	16.8408803628739
"MMP12__pos"	2.22044604925031e-16	2.22044604925031e-16	75.7980170895392	0.706213720661321	2.22044604925031e-16
"PRF1__pos"	8.17218968927716	2.22044604925031e-16	81.0068764345828	1.14814941670659	16.6371392487003
"DKK2__pos"	8.27567243307898	2.22044604925031e-16	25.67651034778	2.22044604925031e-16	42.2860885247809
"CYBB__pos"	4.27028584958068	14.6508052607368	58.7080845100789	6.69640930848897	15.4864874280104
"OR5F1__pos"	43.3258377252652	2.22044604925031e-16	2.22044604925031e-16	2.22044604925031e-16	2.22044604925031e-16
"OR8H2__pos"	48.3139167178314	2.22044604925031e-16	2.22044604925031e-16	2.22044604925031e-16	2.22044604925031e-16
"SCN7A__pos"	9.55209472326507	2.22044604925031e-16	12.5582514709689	2.22044604925031e-16	80.083832957986
"NRGN__pos"	11.9334214988108	25.1700150070466	17.6263542056832	12.6205293279385	28.2399109156675
"STX11__pos"	8.26930193713683	29.3088876628256	37.9142974909214	0.14246956321153	22.6571009313283
"TMEM100__pos"	2.22044604925031e-16	2.22044604925031e-16	1.8436386200798	2.22044604925031e-16	87.0851853962455
"EDNRB__pos"	6.05808333417564e-13	2.22044604925031e-16	12.3270691832407	13.3354316670864	86.1228814956522
"FLRT3__pos"	6.87757527305712	18.3375009466042	33.5763042941289	27.2487370570867	13.6482371487281
"NPTN__pos"	1.20145138816604	40.5173673592328	18.9242882582712	12.0183567201452	13.8974523039608
"DEFB1__pos"	2.22044604925031e-16	27.3824063496092	8.82361660269782	40.4702593456776	6.86456164399005
"THBS1__pos"	0.90175235971608	2.61067751222062	67.9256720579402	2.22044604925031e-16	28.2336905857762
"MNDA__pos"	7.97511169293122	39.0623417285173	31.917130169742	0.914998775641836	16.0412131598333
"ARHGAP31__pos"	7.27559016622504	52.5490582112821	13.0973161548514	4.74074685091872	16.3135804150608
"DR1__pos"	5.23819148246229	37.0942490809467	22.5449178876316	0.656339522341887	21.0266233026036
"SIGLEC5__pos"	8.01650005223892	2.18727861218343	75.1541223014178	1.71854969304017	23.6913347954772
"CD68__pos"	6.40661731113919	41.4901115877933	21.5758928115955	7.0183056085811	18.1087275218803
"CXCL2__pos"	2.22044604925031e-16	2.22044604925031e-16	21.4139871609597	47.1398406929912	49.3301629797011
"SLA__pos"	7.96682625525196	51.0335060116302	9.38941449412429	1.0060804198372	15.4309607102735
"CD80__pos"	7.57512458424005	34.8271051350339	37.5957683072561	3.90595802001837	12.5715636611369
"SIGLEC7__pos"	8.08856811816625	50.0722048414267	13.0463912372239	7.31293323867605	17.9372384865003
"CCDC173__pos"	41.4240340667648	22.0573655437986	15.5003890506758	13.8880366720068	29.9104056370115
"COL6A6__pos"	3.80860802955431	2.22044604925031e-16	38.4205355231113	2.10749175846096e-06	35.910452458973
"BMP15__pos"	129.002517307482	2.22044604925031e-16	1.44196413440953e-10	2.22044604925031e-16	2.22044604925031e-16
"SSTR4__pos"	9.01392109904532	8.46343373651381	11.349673878423	9.87667732478104e-06	57.6334097511716
"MAGT1__pos"	6.58082397644048	35.3153237775062	13.9924797544396	20.3096043749596	11.7945761836222
"SLC6A4__pos"	13.1008501618358	21.0147744245312	2.22044604925031e-16	4.39624296814744	41.9042414874453
"TFF2__pos"	4.20996240350584e-12	2.22044604925031e-16	2.22044604925031e-16	108.269971924691	2.22044604925031e-16
"C20orf85__pos"	96.2756156205839	2.22044604925031e-16	2.22044604925031e-16	2.22044604925031e-16	2.22044604925031e-16
"LY86__pos"	7.06746433989489	2.3333983368343	72.0149031220625	2.22044604925031e-16	9.7793225596105
"GLT6D1__pos"	82.4633590249568	2.22044604925031e-16	2.22044604925031e-16	2.22044604925031e-16	2.22044604925031e-16
"TAS2R40__pos"	3.44463709828052	39.3674225773656	15.8720251181839	1.68618266172224	16.0677455086665
"FAM71A__pos"	8.8005444078084	2.40584669690295	0.944538032574691	2.22044604925031e-16	77.0658383852322
"RP1.179P9.3__pos"	2.22044604925031e-16	2.22044604925031e-16	2.22044604925031e-16	103.114636453677	0.426265182740047
"ITGA4__pos"	4.5039450072866	20.9471385047983	45.1953793548801	1.5166421201772	20.7719010048765
"CTD.3088G3.8__pos"	31.9116991197391	23.9943965523221	25.53009283387	18.7545353953034	19.2738831237492
"FGF5__pos"	5.40630060439071	2.81362557217227	37.4709395296679	2.48409153599621e-12	9.73384977953101
"RND1__pos"	8.84641592275302	16.1496200445489	19.0732602114778	34.3264992457554	32.3224129347527
"CCL23__pos"	2.85721875828503	7.00863135051325	50.4532894062354	5.78390553741322	37.4032677787422
"PVR__pos"	2.22044604925031e-16	10.8919337695269	37.3472790257463	29.239583232397	0.000154865732819711
"LCN2__pos"	2.22044604925031e-16	7.17303941018612	4.78707546915961	111.669171139344	2.22044604925031e-16
"LILRA2__pos"	6.40172549498684	36.4129289371728	32.370628947087	9.09627877999805	16.5888839943286
"OLIG2__pos"	11.2019619935402	17.1244692576539	30.8626379536296	10.2966971555689	2.22044604925031e-16
"TBX5__pos"	14.3610545255518	12.252821648132	35.1490191912307	2.22044604925031e-16	26.8003821304859
"FLI1__pos"	6.8548585267377	41.4070913640666	19.3320345075263	4.72465978985857	19.0427312571515
"MRC1__pos"	2.22044604925031e-16	2.22044604925031e-16	63.9467821410682	2.22044604925031e-16	28.3367555676636
"ARPC2__pos"	7.87602544125234	41.5283937851176	10.0258650813372	8.01503186260222	14.6156027833957
"PCSK5__pos"	52.2950276385232	2.63775917759346	8.17026927033962	7.82898277599609	9.40049631604374
"NOS2__pos"	2.22044604925031e-16	0.147099690114529	7.85841725053883	89.5960279021824	3.14805238787036
"MMP1__pos"	2.22044604925031e-16	1.156356923036	63.0608073955162	12.1740026913735	2.22044604925031e-16
"HCCS__pos"	7.79188557963215	37.2823145535642	17.6729415923357	2.22044604925031e-16	14.984351280524
"PGAM4__pos"	12.3629853973746	52.4233725758551	16.7025240165816	7.04853357054689	26.6132556595228
"TNFAIP6__pos"	2.22044604925031e-16	2.22044604925031e-16	90.0693479125877	2.22044604925031e-16	9.47170894758348
"CEACAM4__pos"	1.86706477768855	6.98429551412347	76.4448425450181	9.15279917068561	14.2199574941256
"COL6A5__pos"	4.26105961877378	3.16337740354451	43.7901182358218	9.82149364302362	22.1530246889771
"ATG5__pos"	10.8366582698837	21.4121242744931	23.4927009686894	2.02544072794567	1.11634357119874
"DLC1__pos"	2.01670191817893	4.05448306875375	39.9450777190118	6.08364865808297	30.2013342845328
"CLEC12A__pos"	4.96016941620041	6.59706539854584	72.7542434244391	5.2423890457615	7.75963190357479
"P2RY13__pos"	1.04309113868936	19.7230857344922	55.1632198977249	3.95899487525758	18.6484370922561
"DEFA4__pos"	19.6201107004773	3.1575949617678	41.5085831387819	35.2307946941149	34.7365604348646
"KLRD1__pos"	4.34929769537733	2.99818396822838	71.9564120024386	1.37498632077525	10.8670050372825
"CCDC141__pos"	7.59955618903618	2.22044604925031e-16	33.3955550469984	3.05378429378868	62.640512436207
"ADGRE3__pos"	10.8063641802457	2.22044604925031e-16	69.1189350008838	12.0248750368328	26.3438517091177
"CD300LB__pos"	8.88328475582699	36.4374590327741	30.0012724190672	3.85631825163752	18.3371229406321
"RGL4__pos"	7.50138657736478	5.38525636062121	60.3912224203785	3.42498114722976	23.9953467948651
"IL13RA2__pos"	8.49006348384805	2.22044604925031e-16	25.9783256399497	44.4358354892677	1.86817449643383
"LILRB1__pos"	8.50527439659753	39.5101090206223	30.8901472533006	6.76506012320766	13.9241740798743
"DNAI2__pos"	122.234750294121	2.22044604925031e-16	2.22044604925031e-16	2.22044604925031e-16	2.22215037577163
"CXCR1__pos"	1.87919832434045	1.42174630070144	51.4045875487106	28.8461435181054	38.8305722126316
"FCN1__pos"	3.032343471862	0.11909551851168	56.6139277791746	5.75047698613648	31.4477451053527
"IRG1__pos"	8.71451655617788	6.01653387834221e-11	84.0990206069637	5.03088990499989	2.22044604925031e-16
"HAVCR2__pos"	8.18589244029401	29.2215265203302	44.0956281705351	1.04636733755815	17.7945531820433
"ARG1__pos"	5.61712814217696	8.94965208037471	0.344945872727086	49.8742059792489	16.3587465555864
"GJA5__pos"	2.22044604925031e-16	10.7252014557256	49.7677113538777	2.22044604925031e-16	34.091662968694
"OR6N1__pos"	8.86724839961755	2.22044604925031e-16	2.22044604925031e-16	2.22044604925031e-16	2.22044604925031e-16
"OLR1__pos"	5.13417739700485	9.88456417009993	71.167200629354	0.899538147647537	11.3429433420391
"GSTA2__pos"	5.12335396613947	2.22044604925031e-16	2.22044604925031e-16	80.2155618695668	2.22044604925031e-16
"HMOX1__pos"	2.22044604925031e-16	6.87849714305597	29.8370536924086	12.1681846449027	18.8549353996041
"SRP72__pos"	8.37726024115644	34.9227605369719	26.4046674366635	7.18354722439107	15.827171397818
"MUSK__pos"	12.326276639932	12.8623352081315	29.814041746929	3.88904330172085	48.6476798629236
"GYPB__pos"	44.5400294853807	12.8909457557357	17.3736678509578	4.39919994254646	42.0528344942645
"LAIR2__pos"	1.5513304732969	1.88065648104106	44.3036238348367	19.7678427906382	0.00390299264891967
"FIGF__pos"	1.52916513123703	2.22044604925031e-16	2.22044604925031e-16	2.22044604925031e-16	96.8684019604578
"CNTN5__pos"	72.3026187044687	4.22979146740387	3.19441625167802	6.13880264344613	2.22044604925031e-16
"MAPK1IP1L__pos"	9.05651002649125	31.7249471320521	36.2436117579874	0.0131188791101795	19.2460167482693
"TEX26__pos"	63.5331436827487	2.22044604925031e-16	7.47464622096532	2.22044604925031e-16	32.5351315242187
"RREB1__pos"	11.8528996605647	36.3810270207798	30.6380166766138	9.27027634671431	20.2262826686891
"RNASE2__pos"	5.3247328959259	21.6972052236045	54.6239371845406	4.65275958334745	5.79731940848707
"TRIP13__pos"	2.22044604925031e-16	1.44062111906158	9.5817048171681e-11	90.1583237742691	2.22044604925031e-16
"LETM2__pos"	2.12486604707664	19.8752153113515	38.6421854744249	14.5087993806273	2.22044604925031e-16
"LUM__pos"	2.22044604925031e-16	2.22044604925031e-16	72.6902747005198	2.22044604925031e-16	11.5502519343191
"OR2AP1__pos"	42.2939857824157	2.22044604925031e-16	2.22044604925031e-16	2.22044604925031e-16	2.22044604925031e-16
"SLC39A8__pos"	6.81716877144874	32.2213859362456	29.1560165650133	12.7954033515713	16.9711122299126
"GRASP__pos"	9.20691217133866	1.63804599781223	17.1820359201092	2.26946360409492	67.7032787084526
"OR4D11__pos"	19.8656988711967	2.22044604925031e-16	2.22044604925031e-16	2.22044604925031e-16	2.22044604925031e-16
"ADAMTS8__pos"	10.7706497313871	2.22044604925031e-16	3.39814818096161	2.22044604925031e-16	82.4844746327658
"CTD.2192J16.24__pos"	2.22044604925031e-16	2.22044604925031e-16	20.3289115003427	64.1576009582778	0.223475978834921
"FYB__pos"	6.06366120918214	15.7964634972853	53.6157694179767	0.0242235179616675	5.94291836674714
"SDPR__pos"	2.22044604925031e-16	2.22044604925031e-16	2.22044604925031e-16	2.22044604925031e-16	92.8815286119392
"CD300E__pos"	4.8122461562532	12.1186274760266	59.9800795277437	6.57298189064747	22.1704507247905
"GPIHBP1__pos"	0.115588015713319	2.22044604925031e-16	2.22044604925031e-16	2.22044604925031e-16	104.039517006112
"TNR__pos"	37.1322950399341	1.00251187486859	14.618096776453	17.6389959449196	39.0921883338109
"KCNA10__pos"	3.04129414220427	2.22044604925031e-16	6.82224062320652	70.7750678083397	5.52182867912439
"BPIFA1__pos"	0.132343074206727	2.22044604925031e-16	2.22044604925031e-16	67.1503708009953	2.22044604925031e-16
"TRPA1__pos"	2.22044604925031e-16	2.22044604925031e-16	50.3529828060732	10.4765165380846	1.48733521163731
"SUSD2__pos"	5.14126655479828	4.92671812126552	38.5948166276719	6.91928994890662	23.7573567908699
"COX4I2__pos"	6.08160271765887	23.3729305647029	23.3182532505118	2.22044604925031e-16	41.2216204039985
"BHLHA9__pos"	30.7218773640082	19.7735111534828	2.22044604925031e-16	0.000191020083262645	10.2338223140993
"NDNF__pos"	0.749270973194637	3.58481696894749	19.7287889545095	21.0127096197002	47.4924147525534
"CYP2E1__pos"	0.250958342952519	2.09998158848659	2.22044604925031e-16	71.1204344099291	0.522059191411924
"PRTN3__pos"	67.1163847230082	3.90939467825034	0.558405888697612	2.22044604925031e-16	3.27245438136115
"CEACAM21__pos"	16.6842267365941	11.0487860881362	49.349572621246	4.47473997034237	22.3384332008206
"CD93__pos"	2.25966955218485	26.0398245229835	38.7934824119134	1.14422997854609	29.1363927058304
"REG1A__pos"	2.22044604925031e-16	2.22044604925031e-16	2.22044604925031e-16	86.194478027643	2.22044604925031e-16
"CFHR3__pos"	7.73148979501045e-09	11.1842125076776	8.23479329580041	71.6027789539408	6.96301410298212
"SULF1__pos"	1.36537201936753	5.6802912019468	85.2213317749549	2.22044604925031e-16	4.06015036516767
"THY1__pos"	4.96725029338597	8.33136096511455	70.0879880561585	2.22044604925031e-16	15.0327871507847
"CR1__pos"	9.55877764508297	2.22044604925031e-16	62.6012085204194	2.22044604925031e-16	26.0243040839927
"S1PR1__pos"	0.350802151899934	20.0147639087003	33.5824893501082	5.05153012088883	38.9926854023225
"RGCC__pos"	1.6544793132906	9.25134615574813	16.8083227488174	5.61275979563117	56.8589637881557
"CLDN5__pos"	4.51537397918242	6.02249278926994	11.1702914537075	6.95973675926016e-08	75.5573104553907
"CLEC4A__pos"	7.32176154726086	51.0207349986543	11.0827699161747	2.22044604925031e-16	10.5714680764823
"RAB21__pos"	7.91833789864594	37.2048487105737	27.4181712294778	7.14147782907163	9.60252854383114
"SP140__pos"	9.48384004203787	4.08931677062592	55.1175186958702	0.388557758513866	2.62484542336295
"SFTPC__pos"	0.509956853998234	2.22044604925031e-16	2.22044604925031e-16	0.0234622060737213	51.0123120262333
"IL11__pos"	10.0454199231918	4.78802156316783	70.0958608434733	8.76594739437101	2.22044604925031e-16
"DIRC1__pos"	2.22044604925031e-16	2.22044604925031e-16	84.6080718980223	2.22044604925031e-16	2.22044604925031e-16
"PRG3__pos"	48.3461008148316	2.22044604925031e-16	2.22044604925031e-16	2.22044604925031e-16	2.22044604925031e-16
"HIGD1B__pos"	3.40241901173893	19.6752576443634	16.8780895321926	2.22044604925031e-16	51.0389326324175
"INHBA__pos"	2.81674044346314	2.22044604925031e-16	93.4787594070624	2.22044604925031e-16	1.10830294843246
"MEDAG__neg"	12.4115293368843	63.0791461883418	2.22044604925031e-16	8.44358024561686	2.22044604925031e-16
"QRSL1__neg"	5.45784883595889	63.7801291486038	4.85865878951345	0.715021575627749	23.1657388332753
"RNASE3__neg"	8.7146407062304	76.1709540136025	2.22044604925031e-16	0.209763229738603	10.7883557909127
"AKR1C4__neg"	2.22044604925031e-16	37.5205879707602	21.7568991912401	2.22044604925031e-16	16.3390358927863
"CCL24__neg"	4.84824924856008	41.533395277982	3.09756011266628	0.948224997675251	8.53309638838279
"MMP8__neg"	6.96932952460605	53.3793892635147	0.295740723769285	1.02428729308261	24.7616512522707
"ELANE__neg"	2.22044604925031e-16	71.7913175736913	16.3743218053462	3.88042830704895	2.22044604925031e-16
"MPO__neg"	0.730727914689861	84.4096464136616	0.0338556004141935	5.01933790464178	2.22044604925031e-16
"CH507.396I9.6__neg"	2.22044604925031e-16	52.0092498449747	15.9083634556502	6.95793764603766	1.51729288011256
"CXCL5__neg"	8.98562121871298	50.8155575538053	1.75917231040623	2.22044604925031e-16	14.3354339171471
"GIMAP5__neg"	7.69664098203177	56.5856344973239	9.15924552775958	10.8024693345853	2.13048015784914
"DEFA1B__neg"	4.43329109527385	45.1665370131546	18.2952835283877	2.22044604925031e-16	3.76574954947972
"DRC7__neg"	2.22044604925031e-16	43.7746720678362	16.6520522161717	2.22044604925031e-16	10.8326548151954
"MS4A3__neg"	4.13969289018062	71.2849194002127	12.0077449751661	2.45037539994877	10.8986934994807
"VWA3B__neg"	2.22044604925031e-16	47.4158161270321	16.4980142387361	2.22044604925031e-16	12.782848678781
"AGER__neg"	2.22044604925031e-16	48.0821623259085	24.6404144453751	4.75507808801487	5.6003388388981
"C8B__neg"	0.114711993500139	32.1736405583273	16.2540715673903	2.22044604925031e-16	5.43723410578439
"F11__neg"	2.22044604925031e-16	39.9146941945266	21.8913166233606	2.22044604925031e-16	4.2890937472058
"DEFA1__neg"	4.58950794093019	47.3068498665388	19.0952235373358	9.12815317869156e-08	4.59784094581758
"ATP10A__neg"	3.93842442221809	37.1917696063005	5.50314933270789	8.8296259682583	7.36765811314244
"REG3A__neg"	4.68851610451012	18.7938498087988	12.3500509244491	2.22044604925031e-16	7.24933003399953
"ANKRD1__neg"	3.05781062266878	41.9519334624927	7.52398286990512	1.68291243048026	7.06584749797508
"IL6__neg"	9.9010842575904	60.9436500189127	3.17976957414201	4.09437485203115	2.42729991278267e-12
"FAM216B__neg"	2.22044604925031e-16	38.3126621408408	11.6869889230011	3.39315876086811	4.74898418914129
"PTX3__neg"	5.51365570443678	49.5322114672126	7.55411244463054	4.83591352641652	2.22044604925031e-16
"C5AR1__neg"	0.922840082898391	60.3895867587292	7.46940406588543	8.16953172702173	9.80913561250037
"RP11.96O20.4__neg"	6.14124441231272	31.2147907046149	11.5027486876392	5.90370046131684	12.2249249543503
"KATNBL1__neg"	7.00650120425494	32.0609779602849	17.4953330459637	6.75680709408385	11.6994459757976
"KLRC4__neg"	2.44193824672536	49.0257587673469	1.21504181060525	4.79240195514721	11.6778486857672
"GRAMD1B__neg"	1.87589757502726	30.4306359282698	5.15146219191994	1.6199881598551	6.19159375130909
"REG1B__neg"	2.80113262350792	14.2874049486447	8.15040418803442	0.785882943512287	4.82003139732601
"GRIN3B__neg"	2.22044604925031e-16	48.5466223272379	11.08550250039	2.30318659987409	16.416792510802
"ALAS2__neg"	1.50961641980137	58.683209919498	24.6757138006014	0.561187310855706	2.22044604925031e-16
"RAB5C__neg"	5.86137051167968	28.7436296093104	16.3228122086926	2.85377205877781	14.1836011027021
"NCR1__neg"	4.20854442531407	65.0665551363641	0.944906714607298	2.42898544848798	11.327441046279
"GSX1__neg"	0.597404831431321	11.3982742729536	6.4854553524386	2.96582060371197	4.79909750957568
"DTHD1__neg"	2.22044604925031e-16	51.8217459102037	0.945425192669289	6.73706805849685	7.93925541669263
"AC011513.3__neg"	5.45185666155734	22.5950514677053	11.666031744251	0.000549815900286169	9.80670298614148
"TMIGD3__neg"	8.82755526494139	45.9087961434462	8.67583249405589	7.93308144185636	19.6394093361227
"HBB__neg"	3.00610412204536	47.4138605352533	17.4108950171832	1.06111032075383	2.22044604925031e-16
"CD69__neg"	6.40380094586338	57.6881364012477	5.61537450805723	11.794281452838	8.10811672793894
"AZU1__neg"	2.22044604925031e-16	26.8177452953539	16.0677503666223	3.06334174156647	11.6089869077133
"DAZL__neg"	2.55668864396399	36.3688020683971	3.40652236383791e-15	5.63252330484135	8.68642517842839
"ADH4__neg"	2.50757769972028	33.1975930637933	16.9954569461801	2.22044604925031e-16	2.33859396771158
"STXBP1__neg"	5.31085246252496	43.5079039379703	18.3586076044888	9.77662812366276	12.707688298023
"C8A__neg"	3.25213019160783	26.7918805879398	14.9409582151792	2.22044604925031e-16	9.12461930536821
"TGIF2LY__neg"	3.01413919731307	16.2403600136918	9.00878023071003	1.87636755320419	6.97845857923915
"COL15A1__neg"	9.88162361729039	64.5467386091184	2.22044604925031e-16	10.0355084265417	5.81653032944286
"HBA2__neg"	2.70491232361147	48.7670131546967	22.4991700494522	0.710468727851558	2.22044604925031e-16
"PGLYRP1__neg"	1.0635992398719	43.6804002720413	17.2436404683869	2.22044604925031e-16	4.14230367490034
"TMEM190__neg"	2.22044604925031e-16	26.7824695165306	14.2137331814819	1.61318950826891	8.8445924070133
"AADACL4__neg"	1.01316911818575	41.6240589755294	19.1116876101116	8.2334926105458	6.93379596982519
"HBA1__neg"	3.15959639126551	46.3186708378706	20.9035696174624	0.819558468572395	2.22044604925031e-16
"RGS18__neg"	9.57853831790582	59.706016739309	6.10452764390742	9.35406262784186	12.7568217891692
"OPN3__neg"	4.93879504425291	26.247037485607	10.9619741451316	10.0515478488858	11.4955502219998
"CYP2C9__neg"	0.290979661373385	33.477868209816	15.5146516521959	2.22044604925031e-16	10.0680251060967
"AKAP4__neg"	3.0043172806766	25.724769845442	13.9443685624054	0.585269312401586	8.09430253727106
"TMX2.CTNND1__neg"	7.94781682664943	51.8880822546375	17.3607650445009	4.77373818372021	9.6295332595021
"AKAP12__neg"	5.64510851484393	58.2915676042067	6.57554634331109	4.82903604752423	2.22044604925031e-16
"RNASE6__neg"	6.04604010266022	46.6312762855576	15.9413618685498	7.97844477775925	16.0311983805159
"FPR2__neg"	0.0737544688119916	72.7404606560165	2.22044604925031e-16	2.22044604925031e-16	10.1763361054181
"LRRC28__neg"	8.38435221230036	50.1339821087156	20.4697776054183	6.67313052696856	9.8212737706693
"OR10K2__neg"	2.22044604925031e-16	8.18307250857173	4.44950641124364	3.38121812614353	2.98137945794441
"CPB2__neg"	3.54488147079517e-08	26.9115731008795	16.1567124355101	1.77182270644113	7.08287787613965
"CYP3A7__neg"	1.24785087664126	47.7661919826416	21.6926856553759	2.22044604925031e-16	3.10630823214247
"KIR3DX1__neg"	2.22044604925031e-16	43.1577437591708	11.0486118605284	1.19141920462979	8.31263443450285
"SCGB1A1__neg"	2.22044604925031e-16	21.9335719962517	12.8781060307562	4.68121990285882	3.41494077799854
"LRRC32__neg"	6.40611692877774	42.1616185402074	20.8105811373692	7.20099451485277	11.6584054542338
"WISP1__neg"	6.05364457301937	55.9727720090489	2.22044604925031e-16	8.08363800528931	21.7426892425651
"CAPZA2__neg"	4.6115918264151	30.1517608847116	10.9608187050013	5.62808248850128	9.42368625916332
"SPINK4__neg"	2.27831597412065	23.6093581755314	14.0573027518911	2.22044604925031e-16	9.94705372208306
"SIRPB1__neg"	6.47495924105894	61.7866314473699	0.503466483796539	3.46695743121081	16.1029724234058
"TPM3__neg"	6.40691025493219	46.6672049179146	13.015654477594	2.22044604925031e-16	20.0014641890774
"MMP12__neg"	9.18970770152333	39.1635386497259	2.22044604925031e-16	1.37773240416054	23.9413468477839
"PRF1__neg"	2.37182607815993	69.0280150776846	2.22044604925031e-16	7.89101096533337	7.67485021467118
"DKK2__neg"	3.4316433964367	43.681929502271	3.72350681428878	6.27786135206739	2.41999162285718
"CYBB__neg"	5.97935065962446	51.6723458305745	8.19771415676464	8.30120039812048	17.1948820902977
"OR5F1__neg"	0.689614421333184	9.16296368995655	5.10922735430009	2.3194279656607	3.4939633076227
"OR8H2__neg"	0.479855906645618	10.1799839889288	5.6472627172774	2.89810833549295	4.00122821089717
"SCN7A__neg"	4.04721666399144	51.7605718277294	15.157237598092	7.02043055333984	2.22044604925031e-16
"NRGN__neg"	5.58898011288751	41.5527498488756	17.4095126152857	5.4867507132069	11.8803553317973
"STX11__neg"	4.157172936665	51.7535079777513	15.9523299573731	7.82002717685917	12.9268211183637
"TMEM100__neg"	8.15061867376932	45.0301548511551	11.9135584871616	8.07102634020523	2.22044604925031e-16
"EDNRB__neg"	7.46942743186044	59.3129189013846	13.8100784955276	0.191570862781278	2.22044604925031e-16
"FLRT3__neg"	6.42161333598068	41.9892450873856	16.7949792867634	1.33047591096234	12.7076284708105
"NPTN__neg"	7.12997512313503	37.6742133308934	21.4965095139318	3.37225023436297	16.555809357521
"DEFB1__neg"	6.5484952346285	30.5234017437207	19.2781843767084	0.38559132100027	8.68444144005852
"THBS1__neg"	9.80392141008036	61.8668064086804	1.38241416607677	6.20889838794766	8.98764420706554
"MNDA__neg"	9.02942072267523	52.9097779133108	11.3631651574707	7.26587359314659	15.1725346302235
"ARHGAP31__neg"	4.05488809894073	20.4121136879072	49.3962187079604	4.57980335984265	23.8226962145602
"DR1__neg"	6.39139030304002	38.2523628533362	22.2513201669478	5.87974271217861	16.110114333586
"SIGLEC5__neg"	0.195385995140816	74.1799117928225	2.22044604925031e-16	1.58351877401468e-14	9.45089901741463
"CD68__neg"	8.52168754071637	48.9510134589309	13.5760732935742	4.50887173568925	16.5087552404367
"CXCL2__neg"	8.41332539163117	56.142308340685	10.8909114164998	2.22044604925031e-16	1.98260460288845e-06
"SLA__neg"	4.40673583712868	17.9584687028803	46.8714204583126	12.7199686003995	16.5765623701555
"CD80__neg"	5.4095591556197	49.2266053409172	10.3229185904865	8.32670211409821	21.5193580038817
"SIGLEC7__neg"	4.34110818126666	39.6191419459504	30.2374260671139	6.03196377747492	16.3915835436823
"CCDC173__neg"	0.223537160477873	46.8026305111179	27.067104146809	5.47564146000353	8.12225696911422
"COL6A6__neg"	5.34658343608175	41.1235733427376	6.57157153542587	5.72417095634051	7.89921216298971
"BMP15__neg"	2.22044604925031e-16	30.1739449707493	14.9303943632525	3.15968899172838	9.70409560760741
"SSTR4__neg"	2.94128233667775	37.9757629523911	18.5529186204012	5.36986399470704	6.29076971225676
"MAGT1__neg"	5.85304416105109	33.0325694036118	24.1679393673088	3.23517825839177	13.3142757006994
"SLC6A4__neg"	0.776553179625407	32.7035941756697	21.2140464159804	4.03740811677019	7.42894171508777
"TFF2__neg"	3.56729908415883	23.1542209156989	14.1477500365522	2.22044604925031e-16	7.5122692012944
"C20orf85__neg"	2.22044604925031e-16	22.4524835949032	13.0162270646241	1.46682256508884	5.67688295125923
"LY86__neg"	5.26697202323801	49.2718779413443	5.5024901403038	8.90807439000513	13.2337794800227
"GLT6D1__neg"	2.22044604925031e-16	17.7803979876266	9.81970356999437	4.74309958664176	6.60110800834957
"TAS2R40__neg"	24.192268657285	9.52408855824352	45.04040956403	13.4581737257977	8.20670548746043
"FAM71A__neg"	3.56802734316035	36.2036213189597	19.9908932568781	4.93826999871046	5.53085623306919
"RP1.179P9.3__neg"	3.15586135037723	22.4418257873454	12.423883653708	1.40852839599781	7.57162848788638
"ITGA4__neg"	7.77003237425907	44.8850346347661	17.278275672222	5.26625380961594	13.6887794433521
"CTD.3088G3.8__neg"	0.152367300701239	56.3604581952485	15.1083233676137	2.22044604925031e-16	11.9409627476035
"FGF5__neg"	0.60586152951916	28.5973590140532	6.32106804844881	5.48868488498618	7.26118941168598
"RND1__neg"	2.90546131146078	44.8656104049529	19.9188840377031	0.595349261894976	11.055912699759
"CCL23__neg"	9.18982927367001	54.5132853606503	8.38026189512736	8.03951818667854	10.9573082751078
"PVR__neg"	5.69910163782359	30.9202279095651	6.75573753736565	3.17290862473555	16.8959416019347
"LCN2__neg"	4.02176668798425	29.2114171224581	13.923850561802	2.22044604925031e-16	16.5522080942284
"LILRA2__neg"	7.94853628394142	56.6555730086361	8.43020455956587	3.84633979193729	16.3352025576027
"OLIG2__neg"	2.999503890869	32.7724957247716	7.22226969134168	2.91754000084407	12.8825165519444
"TBX5__neg"	6.20520059610811	40.5295302634857	9.08809706198095	5.7670772514712	16.5405252978855
"FLI1__neg"	8.87904716095991	50.6504637034757	16.9533934408521	3.91468975393402	7.45254331265671
"MRC1__neg"	9.19084067391179	59.2472083626891	2.22044604925031e-16	6.24095117071516	5.93291627082413
"ARPC2__neg"	2.24593896425571	46.8299266848511	8.06072811062214	4.16338020320213	14.3860514694617
"PCSK5__neg"	0.350231105338879	30.9129340557424	5.76036941736259	6.63492717804109	0.593212816383769
"NOS2__neg"	5.05663568617414	28.8941669749754	8.48483392163926	0.27306412999515	6.64315306711563
"MMP1__neg"	9.26882841948594	35.3117450167799	0.259365292733495	0.949914930789862	22.9058121170936
"HCCS__neg"	4.59347443452343	36.2131541598018	19.5158611523408	5.76839549321251	13.0574424230528
"PGAM4__neg"	4.85695012941626	43.6771332962212	42.2648382927203	9.23812143005126	13.1209780565126
"TNFAIP6__neg"	12.8940793892104	60.0285580333065	2.22044604925031e-16	6.2936463894827	13.8639994714537
"CEACAM4__neg"	7.40268797650415	67.2197636613025	2.22044604925031e-16	3.6079001979864e-08	15.3472116221992
"COL6A5__neg"	3.9982439665033	43.2615838752937	6.17298279241824	2.26514356263303	10.6716249678984
"ATG5__neg"	3.92923776034167	25.5607874660137	10.5955723222986	8.34280481304944	10.2656167904315
"DLC1__neg"	6.73376375698478	37.1856847491576	9.2241086162337	3.57809092887248	15.4323117786948
"CLEC12A__neg"	4.85885845148144	55.1538464888286	1.05132111316147	10.0314700787087	16.1220553273248
"P2RY13__neg"	11.3634923946002	48.2301235360666	12.0661627266319	10.9999728612411	16.483344049012
"DEFA4__neg"	2.77142072543694	55.3411093824279	19.3132975161494	0.958215254400089	11.8786628768941
"KLRD1__neg"	1.94974261162722	57.2870092743424	2.22044604925031e-16	6.47883508449598	12.1977013010932
"CCDC141__neg"	5.38524488991462	61.7085365904511	6.79218336047479	6.33526695623745	1.71610559875602
"ADGRE3__neg"	3.35482634659098	74.8747987171047	2.22044604925031e-16	4.1944442193697e-13	6.40343008489628
"CD300LB__neg"	7.4087049758941	52.333314257834	12.7441739865037	2.9257055742556	16.1186628897284
"RGL4__neg"	5.55098811222854	59.7365107090512	4.7400322166186	2.5062426243097	9.54149758494777
"IL13RA2__neg"	2.16509013790823	27.5903382538335	9.19276236630611	3.06415205120015	7.01123154178095
"LILRB1__neg"	5.44919120154154	49.0810253999871	15.2230768520724	8.70484323775169	18.5083216554874
"DNAI2__neg"	2.22044604925031e-16	34.4195252367455	13.5147622664115	1.82671284843395	4.19711258552325
"CXCR1__neg"	7.45215873298356	72.780268195135	4.47403606085003	2.22044604925031e-16	0.460238082648106
"FCN1__neg"	6.98275525355333	50.6472632610203	9.4381690458003	4.56036397949609	9.67765845587643
"IRG1__neg"	4.39604605861066	50.8232615293961	2.22044604925031e-16	3.76676547021524	25.0365395321545
"HAVCR2__neg"	5.87211967014945	56.5533189805505	7.7923452955252	6.60340274318262	17.5250525730006
"ARG1__neg"	0.964883336041387	27.9515871253862	14.8335605330839	0.863548807083185	1.44001217146984
"GJA5__neg"	10.7691149216056	50.8465838192054	11.1655224250639	4.56483991912314	10.7422571748658
"OR6N1__neg"	0.67788851103323	1.64989222803695	0.85732863032043	0.7533078546118	0.805753612351634
"OLR1__neg"	5.33013965740049	50.9978564737179	7.80294756340226	7.53481847358786	19.8891788690165
"GSTA2__neg"	0.85124486176224	18.9532141993637	10.9519049024081	2.42259526638825e-11	6.29285730900049
"HMOX1__neg"	5.09727809095343	30.9938956900777	9.0793549553143	4.09131786467081	8.77890401665417
"SRP72__neg"	6.65746597468931	43.1299358852501	17.9388880582116	4.3996461764837	15.9894642887568
"MUSK__neg"	3.11324661668443	58.7772949119276	14.5715635917041	4.72681081037703	3.25253703829581
"GYPB__neg"	2.22044604925031e-16	49.5942721108646	22.230508740636	6.95678092204859	6.17493683876733
"LAIR2__neg"	3.98212321387066	32.3031619406452	2.36285751262128	3.99213864783229	10.7932835509116
"FIGF__neg"	0.995939168473578	47.4519252006719	22.8970937974339	1.51074554339535	2.22044604925031e-16
"CNTN5__neg"	2.22044604925031e-16	22.205757977077	10.5848220357058	4.72465479715408	6.75940215465324
"MAPK1IP1L__neg"	7.43293675187379	53.7391018320689	12.022063855747	6.52862878584357	11.9848469505676
"TEX26__neg"	2.22044604925031e-16	37.8594587716214	11.7603220636703	8.40941027650121	3.13712367307681
"RREB1__neg"	5.34236586268669	53.4128563736496	17.9883118969428	4.39674990913553	16.0668563311004
"RNASE2__neg"	7.31202111449145	47.3851891491069	9.01253595476018	3.61016183216511	19.8856897939911
"TRIP13__neg"	1.27132671029113	17.794613019278	9.12900566474485	4.32893641253392	12.1908430411869
"LETM2__neg"	2.46046204743777	34.50329372548	12.5704530057003	2.61898943925156	14.8435398223109
"LUM__neg"	4.98961428552112	50.5004787685216	2.22044604925031e-16	15.8669482153759	9.16150026402701
"OR2AP1__neg"	0.773830731622954	8.74269113433911	5.10129552117589	2.28615147459833	3.50848855474663
"SLC39A8__neg"	8.21673297777349	40.2141238341513	23.0359222107256	5.74203825083257	15.344997814584
"GRASP__neg"	3.83552851576325	44.5436223685189	15.2810614449369	7.14330593561779	6.97105969835836
"OR4D11__neg"	0.256859272622792	3.98057793153422	2.39868475121614	1.90376707883731	1.43141045334254
"ADAMTS8__neg"	2.22044604925031e-16	48.2110776491294	16.3373900510123	4.69934740070679	2.22044604925031e-16
"CTD.2192J16.24__neg"	4.66296455674491	22.2214084109679	11.3596103760771	3.32077009250789	8.83521741711859
"FYB__neg"	6.80836986391446	41.9079296555101	8.31564076084933	9.00411053610636	14.201866134091
"SDPR__neg"	1.93394164576525	47.4360507322021	15.6595766143518	6.87474852588228	2.22044604925031e-16
"CD300E__neg"	8.38093174371257	58.8362850536966	3.97229746310031	7.09317075878787	15.4573598400226
"GPIHBP1__neg"	1.7782388605817	52.9733513310274	18.3202523353516	7.02508476194507	2.22044604925031e-16
"TNR__neg"	2.22044604925031e-16	49.0559938465063	8.91738966591913	0.915538527553487	5.11275572632263
"KCNA10__neg"	2.28779955159969	22.9307145294873	10.0767864882671	3.08677751159858	5.87897166213673
"BPIFA1__neg"	1.32908742787091	14.725340066666	6.53495808550033	0.818984454619549	6.82223229746768
"TRPA1__neg"	6.71784261831376	35.089265695564	0.115155426853797	1.56975775010693	8.71339154870565
"SUSD2__neg"	5.53115256999334	38.4829855301524	8.65471951912739	4.30969220784605	9.97338458829823
"COX4I2__neg"	7.29020244762496	44.7319016223192	15.5537481978997	9.7801219821302	12.5643987075932
"BHLHA9__neg"	2.89236243401057	19.5980574522655	13.0834969032574	7.12335030492922	7.26116129279421
"NDNF__neg"	6.98464736132116	40.9801792482151	12.1983403276634	3.18183773682402	7.36179860367138
"CYP2E1__neg"	1.66995720135344	16.9205159519314	9.0273291496197	3.20477790111181	5.08571202347838
"PRTN3__neg"	0.189532936142805	19.1481914874776	10.4554020880733	3.94510188836513	5.16586908116317
"CEACAM21__neg"	3.71855446912074	53.5157873079771	9.99722858929544	3.89825444725193	12.6980013196919
"CD93__neg"	11.0814621854147	50.7999544338266	15.8574888887675	6.88927990701022	10.8506831604893
"REG1A__neg"	4.98923073544994	17.8599523836731	10.8179209306432	2.22044604925031e-16	6.11997371053529
"CFHR3__neg"	3.75600896764745	34.9034774802438	8.42235150261971	0.0814929088435389	9.25494468080672
"SULF1__neg"	8.70661054036015	53.4923708803852	2.22044604925031e-16	10.066450944151	21.9430331064103
"THY1__neg"	10.5101500932896	53.5885705072517	2.92217922824067	8.16032974216523	17.969494897534
"CR1__neg"	2.35823835108565	66.0498887655826	2.22044604925031e-16	1.35823954119111	4.03767273688643
"S1PR1__neg"	8.05631587266525	47.8418198352949	14.7110282722498	4.26193322791184	15.756944468256
"RGCC__neg"	2.91662195113005	42.6028969260471	17.9097879989423	5.72633324955298	5.63342469261251
"CLDN5__neg"	7.34470633000669	44.2621419517783	16.0548099687154	10.8289580330209	5.94489571531471
"CLEC4A__neg"	5.79347802815804	36.5314243948311	19.0179755009255	11.6531413686237	17.2126263587054
"RAB21__neg"	5.30989162574081	39.1625781407741	20.2854732786438	4.99585044698863	17.5954260672519
"SP140__neg"	3.63504280354021	34.2435419787575	7.92167847734581	6.46982304844443	12.448809042081
"SFTPC__neg"	0.625423754015988	21.7507320797716	14.5724990153823	3.16243897371278	0.357044361815617
"IL11__neg"	3.4472514193001	45.9693305063056	2.95246408844221	1.50229710547961	24.347176641664
"DIRC1__neg"	6.57533400736546	46.6469743881636	2.22044604925031e-16	9.22677982242549	19.7940951039783
"PRG3__neg"	0.794434536966453	10.1838844010667	5.64135814154577	2.51660301426914	4.0534724429944
"HIGD1B__neg"	6.32654047573531	41.2570544078832	16.8661754688001	10.0663890046888	11.9957916888252
"INHBA__neg"	5.72595637437219	55.1861564152648	2.22044604925031e-16	5.6485807131282	22.5847292800916
