"Gene"	"IS01"	"IS02"	"IS03"	"IS04"	"IS05"	"IS06"	"IS07"	"IS08"	"IS09"	"State"	"MaxFC"
"MS4A1"	"MS4A1"	2.29203401723685	-0.0884996314295538	-0.160632012935967	-0.171722756241339	-0.886978832178815	-0.535538267203846	-0.124182938426182	0.281593043251732	-0.186509959232293	"IS01"	2.29203401723685
"FCER2"	"FCER2"	2.11693436081811	-0.28642855994197	-0.0890546235206012	0.314872823298699	-0.820033031348175	-0.418013276704323	-0.155798424857057	0.0690603927164009	-0.180152883786112	"IS01"	2.11693436081811
"FCRL1"	"FCRL1"	2.07504569526036	0.0774668403879137	0.0444911242638205	0.0883501490399109	-0.823346641254707	-0.64057963010024	-0.181531188131904	0.178292289940714	-0.0908110789966845	"IS01"	2.07504569526036
"CD19"	"CD19"	2.03332318256148	-0.0313588637660648	0.0755726249482285	-0.350274672263233	-0.930251081932915	-0.480381315421636	0.106759924357955	0.401724308477597	0.126587267891753	"IS01"	2.03332318256148
"TCL1A"	"TCL1A"	2.0250014797718	-0.153569740914055	-0.0405276411892868	-0.102469071530729	-0.778498178335714	-0.434587848280035	-0.112876645851496	0.183075312601857	0.0360897809572105	"IS01"	2.0250014797718
"FCRLA"	"FCRLA"	1.99148386087043	-0.155152003207227	-0.120209612457232	-0.191274671037898	-0.923817205796478	-0.324387892485799	-0.0846473205671291	0.36246799054961	-0.139026734357551	"IS01"	1.99148386087043
"VPREB3"	"VPREB3"	1.93773676107686	-0.166509083936001	-0.0817001156894999	-0.374916956487333	-0.651832361293795	-0.38430037817492	0.0821762665725616	0.167952240705818	-0.0119397097409958	"IS01"	1.93773676107686
"CR2"	"CR2"	1.93227422858083	0.0212962414675742	-0.0653228921528078	-0.168564634069345	-0.519312397706822	-0.535433538576226	-0.155755717075456	-0.0688571355542077	0.188373219576416	"IS01"	1.93227422858083
"BLK"	"BLK"	1.91688850878799	0.146117807526062	-0.0914685562162583	-0.0844912935154151	-0.839907753664288	-0.586047106280221	-0.169424858317286	0.318983643666386	-0.0946667572918322	"IS01"	1.91688850878799
"CD79A"	"CD79A"	1.89368420091871	-0.125031543571076	-0.0886345783868021	-0.219317926566133	-1.04042826466407	-0.306596954601119	-0.00015950081737044	0.532497536193533	-0.108899720404374	"IS01"	1.89368420091871
"PAX5"	"PAX5"	1.88454393698536	-0.103796920831025	-0.096068143956901	-0.285781979155487	-0.70829954278099	-0.440154774693843	-0.0404564288556727	0.177720920220482	0.571786046622032	"IS01"	1.88454393698536
"CD79B"	"CD79B"	1.80911042654653	-0.206422936133503	-0.0444072394997635	0.230768910915768	-1.12721893520586	-0.273705068888861	0.227942259590806	0.430741087842958	-0.00446312684694127	"IS01"	1.80911042654653
"CLEC17A"	"CLEC17A"	1.79409243158694	0.0939562778367562	-0.027215243632158	0.0337736913689304	-0.902736214061289	-0.537541208578295	-0.15231677598478	0.377220632282272	0.0207035178185943	"IS01"	1.79409243158694
"TNFRSF13C"	"TNFRSF13C"	1.68557521732758	0.276195201301768	0.0875052933139491	-0.381508412413133	-0.618397206443815	-0.719998934682017	0.219684253645653	0.232026841204907	0.477321153871648	"IS01"	1.68557521732758
"CD22"	"CD22"	1.67227624778684	0.143055393957878	0.123921329529891	0.23921007606193	-0.781456799456752	-0.505175905597165	-0.162318330134029	0.118958377884092	0.0349404621227986	"IS01"	1.67227624778684
"FCAMR"	"FCAMR"	1.63172551001249	-0.0591503488397839	0.054388221870519	-0.237150420516316	-0.437524317923656	-0.31958883783815	-0.0615990432632545	-0.0734667456881981	-0.126080599756247	"IS01"	1.63172551001249
"TLR10"	"TLR10"	1.57933500719884	0.107978867833976	-0.0141636918523676	0.132513415227921	-1.14821268551008	-0.431881826170777	-0.0781993711264275	0.673451996420927	-0.0881383645445262	"IS01"	1.57933500719884
"STAP1"	"STAP1"	1.50829404150397	-0.136411738574333	-0.0382883505770799	0.189532759360451	-1.06010074199061	-0.269185346972951	0.0375137245823962	0.558780489252014	-0.0569502300893564	"IS01"	1.50829404150397
"CXCL13"	"CXCL13"	1.45318538413588	-0.210863225583737	-0.04269816936569	-0.474237466466755	-0.902232279335665	-0.153092178858256	-0.0466985027701347	0.66539863329515	0.0938794560776298	"IS01"	1.45318538413588
"FCRL4"	"FCRL4"	1.40879067518502	-0.0436375390618426	0.137672501569808	-0.511338184638236	-0.739581193774669	-0.254286497710827	-0.102625976958216	0.514865817538177	-0.0959206067282692	"IS01"	1.40879067518502
"P2RX5"	"P2RX5"	1.40754708803853	-0.121550676354095	0.0467083490500104	-0.471841492173264	-0.492649706923895	-0.354223016558416	0.0975427228930011	0.272472439685274	0.177647087504156	"IS01"	1.40754708803853
"ARHGAP25"	"ARHGAP25"	1.37372569659353	-0.126853151774834	-0.156577225450076	0.389747267622585	-0.862213290841057	-0.399092453228856	-0.141063335388341	0.448592045524661	0.0186773117985231	"IS01"	1.37372569659353
"FAM129C"	"FAM129C"	1.36384352150866	0.614547566517615	0.278730880327334	-0.0405257169927231	-0.508914001333406	-0.898771367871321	-0.0043134735347268	0.133751469033165	0.284152127928761	"IS01"	1.36384352150866
"LYL1"	"LYL1"	1.27429697167503	-0.187927323834595	0.0183259611004822	0.583656811856924	-0.869115135660506	-0.285885152327803	0.26029951461835	0.302094654146636	-0.192932532985825	"IS01"	1.27429697167503
"CNR2"	"CNR2"	1.25246903058598	0.611374511816115	0.304498264472841	0.131600400009308	-0.675801072621629	-0.914637828169285	0.0919586551384997	0.351700126535212	0.130307852840837	"IS01"	1.25246903058598
"RAC2"	"RAC2"	1.21477068751378	-0.260665534028638	-0.0497808258495437	-0.0620743786403606	-0.804094051266134	-0.0372613920136254	-0.0967508405381813	0.489615675926435	-0.376949492552584	"IS01"	1.21477068751378
"SERPINA9"	"SERPINA9"	1.18203069168781	-0.125824004838485	-0.0247554108459877	-0.0103212543541616	-0.370382393735985	-0.148667757607959	-0.198401616042066	-0.0582428348886877	-0.141892865053199	"IS01"	1.18203069168781
"LRMP"	"LRMP"	1.18119883921603	0.227109548410172	-0.0296495258683592	0.487608520155781	-0.727192467139082	-0.543202714720221	-0.174181691491934	0.257032841490142	0.0806722470885836	"IS01"	1.18119883921603
"PVRIG"	"PVRIG"	1.17348560959996	0.131823732373094	-0.0620546063908827	-0.095593438200856	-0.446966737301654	-0.311824936404755	-0.059069617063249	0.0438797228341956	0.0328104567926355	"IS01"	1.17348560959996
"SELL"	"SELL"	1.16778372894384	0.0056489428834972	-0.036259930056245	0.210493733860297	-1.22646762502525	-0.117975608710141	-0.0929137929019364	0.787765619986066	-0.147706560322896	"IS01"	1.16778372894384
"DAZL"	"DAZL"	1.16631484148125	-0.143756394710287	0.0958945776193062	-0.0623034717454465	-0.62558945429	-0.299697658139106	0.119623945865417	0.365683332420252	0.0247737067509737	"IS01"	1.16631484148125
"RGS13"	"RGS13"	1.11918701667646	0.014466123780815	-0.0128326387428775	0.781254538421213	-0.867253918371741	-0.287605273044122	-0.205342914360495	0.223100285622688	0.0102325465530442	"IS01"	1.11918701667646
"GRAPL"	"GRAPL"	1.10850418454549	0.225189245377684	0.162627685896968	0.569367100699299	-0.582523459162093	-0.589116992012528	0.00316735540623274	0.0812436094625847	0.0353105663871473	"IS01"	1.10850418454549
"GPR18"	"GPR18"	1.08562019260772	0.015567230918982	0.0442706044959993	-0.0271479409675036	-1.08186985033972	-0.189068993049444	-0.176054115158473	0.844022388588838	-0.129619177381614	"IS01"	1.08562019260772
"NCR3"	"NCR3"	1.07067416642545	-0.0777363929040935	0.0905850768334247	0.18317354942953	-1.13297905901706	-0.0789763960641467	-0.0243211402956037	0.716187412104009	-0.0105136038160654	"IS01"	1.07067416642545
"TBC1D10C"	"TBC1D10C"	1.04805234484841	0.0625664646163474	0.0723442063681788	0.0779568303590963	-0.776367111497214	-0.164217308664684	-0.0207795783412172	0.355498333506742	-0.144000419013372	"IS01"	1.04805234484841
"SPIC"	"SPIC"	1.03578928261242	-0.0445113077029705	0.257299822052281	-0.176358516961495	-0.567993164813568	-0.306122615900659	-0.256029580355324	0.37772672348205	0.295933516109453	"IS01"	1.03578928261242
"FCMR"	"FCMR"	1.02923422540525	-0.0553648396676079	-0.0720549575405203	-0.106426431093995	-0.299705905212113	-0.0853551954963326	-0.215437899130031	-0.099083132559174	-0.068839401601588	"IS01"	1.02923422540525
"CR1"	"CR1"	1.01822694142928	0.0165682526794524	0.116549272736467	0.625512289041661	-0.882069915395371	-0.32589080987365	-0.181759945242829	0.376099571717365	0.195919234229393	"IS01"	1.01822694142928
"SEPT1"	"SEPT1"	0.983966335470106	-0.0882303256545275	-0.00795754394024258	-0.0411583364119958	-0.286652052785126	-0.109223677966819	0.0422086550053597	-0.135859818453493	0.024063315085877	"IS01"	0.983966335470106
"C12orf42"	"C12orf42"	0.980606663974243	0.181235090586088	0.211438363370336	-0.310329921514253	-0.316087497009141	-0.360190224844603	-0.148902042464915	0.0168568842089511	0.671622248001079	"IS01"	0.980606663974243
"DTHD1"	"DTHD1"	0.965092314769231	0.0555817957742981	-0.00574569723056216	0.415630520820351	-0.635669169105676	-0.354834034000258	-0.309437889182548	0.30658881354457	-0.183097309585443	"IS01"	0.965092314769231
"CCL21"	"CCL21"	0.946832838524746	-0.21122556943226	-0.129429991120093	0.937436976544785	-0.821496347753585	-0.16141993404059	0.0259312905058849	0.240119427905408	-0.240648704330756	"IS01"	0.946832838524746
"SLC12A3"	"SLC12A3"	0.945481789301363	0.11054994716966	0.30435462777115	-0.116113707323768	-0.507683872514844	-0.409796115145481	0.107196650399276	0.26743994452646	0.354955129449466	"IS01"	0.945481789301363
"RASGRP2"	"RASGRP2"	0.94103851623761	0.110254927212089	0.0159110029073722	0.737441846395757	-0.983354703252602	-0.35494929728376	0.374989390130311	0.426751049412673	0.019864218569121	"IS01"	0.94103851623761
"TIMD4"	"TIMD4"	0.935521531186091	-0.102930171321964	0.0306346911809121	0.104494738152189	-0.742878702159321	-0.102214408152546	-0.047671717393725	0.416721342820828	-0.0643789521757927	"IS01"	0.935521531186091
"NLRC3"	"NLRC3"	0.921848385589302	0.0381421205757972	-0.0120395311063267	-0.0634720587721666	-0.390607215711023	-0.146437911463857	-0.0811829843209919	0.0182099964453388	0.0661158451568606	"IS01"	0.921848385589302
"LINGO3"	"LINGO3"	0.90628576767674	0.12024729932829	0.0635628050604653	0.097802963012257	-0.648738084423394	-0.37240311377468	0.104426466312843	0.345536708690911	0.411194033884796	"IS01"	0.90628576767674
"SSTR3"	"SSTR3"	0.905571969402205	0.0248507833577615	0.287475497565805	0.0259256266578899	-0.924392095460091	-0.195524895761514	0.0784992993036359	0.587277997496078	0.432528978344062	"IS01"	0.905571969402205
"GPR15"	"GPR15"	0.892800803215712	0.0744299816411104	-0.00727940528061745	0.287058616703998	-0.652717813544582	-0.315782922574977	-0.334759793526666	0.383318194558886	-0.082374515788615	"IS01"	0.892800803215712
"TTC24"	"TTC24"	0.889849878210681	0.212229607931607	0.147239288903937	-0.201403418457314	-0.749614075272749	-0.34776749133747	-0.159554147802835	0.632639277922259	0.0778693639574154	"IS01"	0.889849878210681
"SIT1"	"SIT1"	0.880288720360854	-0.0775806221129884	0.117269447275076	-0.0243698616292095	-1.10592000987785	0.0695927343343233	0.158646255060792	0.729552415022673	0.0992396452484338	"IS01"	0.880288720360854
"FCRL3"	"FCRL3"	0.854514006671918	0.438278951838916	0.129445978749114	0.0894647189775883	-0.844365802528599	-0.541934105673845	0.0017771394198323	0.648599426401734	0.0934817034874152	"IS01"	0.854514006671918
"CD1C"	"CD1C"	0.78135807587426	-0.13986792408642	-0.217956954398852	0.684917983395717	-0.9977735381563	0.077478933304041	-0.1462220918489	0.4956553547298	-0.420679223195712	"IS01"	0.78135807587426
"HEMGN"	"HEMGN"	0.764657815121309	0.120918150951323	0.155069309742995	0.547984056445073	-0.436243891517482	-0.445146157353318	-0.251431274607346	0.0905887078386761	0.145197674595508	"IS01"	0.764657815121309
"IGLL1"	"IGLL1"	0.756411266607835	0.0936144782442795	0.129344899421636	-0.164374023768557	-0.523190147951437	-0.253692730649302	0.316238538937201	0.315850275759776	0.217765142665683	"IS01"	0.756411266607835
"ITK"	"ITK"	0.730996802585787	-0.290230940689859	-0.000733050185558804	-0.0141058794406599	0.0112754497371663	-0.478257003442422	-0.0756532216177353	0.157128271415287	-0.0937853170296261	"IS01"	0.730996802585787
"WNT1"	"WNT1"	0.692802475100094	0.355691330705934	0.195838978590903	0.0540350412666952	-0.529330651646854	-0.473330957412529	-0.141320996818654	0.337887679240544	0.368245072580486	"IS01"	0.692802475100094
"LILRA4"	"LILRA4"	0.6593344413675	-0.0444203253520606	0.072713214511189	0.0995088916268557	-0.838844991761448	0.042389271714257	-0.0841055966055988	0.555621630453772	-0.0882356773208093	"IS01"	0.6593344413675
"AICDA"	"AICDA"	0.658438803771071	0.526653569499253	0.357963106648367	0.145534348753632	-0.297196453573112	-0.677038968156403	0.0144800674168014	0.0809627701929389	0.269871665806982	"IS01"	0.658438803771071
"PMCH"	"PMCH"	0.635088291860441	-0.124232823374698	0.0621717670036289	-0.433051798059542	-0.395510512646492	0.00964656296244836	-0.105509336641394	0.322287311742698	0.271090531128087	"IS01"	0.635088291860441
"CORO1A"	"CORO1A"	0.633294624385265	-0.0593457729080499	0.235951552703167	-0.0887123914894644	-0.815512432506851	0.0267544245516561	0.194948820892475	0.572090457367572	0.1074808317365	"IS01"	0.633294624385265
"CD1B"	"CD1B"	0.605912789711621	-0.158978562740099	-0.000558728317374834	0.0305184716160557	-0.645371981395314	-0.0232511492535218	-0.130718348261176	0.535106173359482	-0.0897706625963721	"IS01"	0.605912789711621
"IL12RB1"	"IL12RB1"	0.604390292548263	-0.164550093932935	0.0300182941507821	0.0393249477839158	-0.393202674499219	-0.289312207217484	-0.162666624203312	0.460500047547419	-0.00613766292544504	"IS01"	0.604390292548263
"BTK"	"BTK"	0.591940430592005	0.000385565534470769	0.0230553686202904	0.110497915848597	-0.560806984410651	-0.0686425202282012	0.0194355445764599	0.304941674171675	-0.00371489114632626	"IS01"	0.591940430592005
"IL21"	"IL21"	0.5656072243769	-0.0149539608798171	-0.105867464994729	-0.236354851086022	-0.423902218788834	-0.193177682523654	-0.0676801136010791	0.476583423179869	0.0783289539056719	"IS01"	0.5656072243769
"PIK3R6"	"PIK3R6"	0.543365703404148	-0.100547119533333	-0.00530928256244662	0.0512211269211198	-0.280251280581168	-0.375740378160755	0.0655186684163678	0.379423689257675	-0.0778815355369803	"IS01"	0.543365703404148
"PYHIN1"	"PYHIN1"	0.53187041543263	-0.288329430334005	-0.00273544232485797	-0.0844996133747995	0.181709865980472	-0.385829875104111	-0.0918325906506753	0.020463346643988	-0.0429438013064262	"IS01"	0.53187041543263
"GAPT"	"GAPT"	0.51840481464804	0.114662720175562	-0.0439947614512515	0.34083570088226	-0.793100697909036	0.0118013690453946	-0.210523716628946	0.44156866327451	-0.125220719239666	"IS01"	0.51840481464804
"GNG8"	"GNG8"	0.513977885244203	-0.0677562304034261	0.232288568475115	0.0806631132420136	-0.607585380505232	-0.0222837502291292	0.222316694735862	0.33187013582687	0.255230246619748	"IS01"	0.513977885244203
"CTD.2545M3.6"	"CTD.2545M3.6"	0.510679926485304	-0.136231552001744	-0.0310366959586194	-0.185551126478831	-0.238549084159236	-0.0949729414329262	0.374037419721578	0.126917691489748	0.310882168015014	"IS01"	0.510679926485304
"CLEC4C"	"CLEC4C"	0.506268662867761	0.115270962828611	0.163718273128309	-0.0328804112477484	-0.185679357874387	-0.188584736629629	-0.184356560917431	0.00944088325920722	0.0684951236592512	"IS01"	0.506268662867761
"GP1BA"	"GP1BA"	0.505958486051555	0.203214946858157	-0.0539566170201084	0.149212673663982	-0.294349766100308	-0.225530494932941	-0.288750474672746	0.0764261675797079	0.0901548342128311	"IS01"	0.505958486051555
"CELA1"	"CELA1"	0.5004405634494	0.0449719107743183	0.490323282352338	-0.0714410835996039	-0.28100557323556	-0.0879756042431321	-0.0946518643205451	0.0444436314150356	0.0412274148440996	"IS01"	0.5004405634494
"LY9"	"LY9"	0.488582216125539	0.17615740832038	0.0446531705168892	0.133400558768283	-0.779050789525744	0.0283599688493432	-0.0915842063862919	0.47139632941895	-0.153092189237686	"IS01"	0.488582216125539
"PPP1R16B"	"PPP1R16B"	0.477462720350733	-0.329667845754779	-0.0749861046020541	0.272935742952923	0.239102451604278	-0.283468667063222	-0.116677403442898	-0.258924092240123	-0.027432191687165	"IS01"	0.477462720350733
"CTLA4"	"CTLA4"	0.46378189239002	-0.203434399890175	0.020735716745256	-0.141640845066562	0.0874330992496142	-0.363737752850972	-0.0955800240654304	0.116005243074585	0.10740217953485	"IS01"	0.46378189239002
"CD28"	"CD28"	0.462310424257998	-0.16992003315758	-0.11437737990429	-0.0968531902743976	0.233419302386446	-0.330489604570936	-0.0533906241569824	-0.0771074918426189	-0.239809726121513	"IS01"	0.462310424257998
"KLRB1"	"KLRB1"	0.461982846619723	-0.336513557133122	-0.0372715506738562	0.142190621577713	0.155728073014982	-0.356283748336638	-0.055691921612214	-0.0143303559522749	-0.0486861321083782	"IS01"	0.461982846619723
"NCF1"	"NCF1"	0.460867508770721	0.0302820177493355	0.111123918068467	-0.0318273185480008	-0.423326763463238	-0.0359430801001842	0.141542051554868	0.191519845838811	0.153830126625482	"IS01"	0.460867508770721
"CD2"	"CD2"	0.437783124070427	-0.308539462698032	-0.0851769040464989	-0.0616239558370249	0.153664485335027	-0.383513868114874	-0.0462519421966889	0.135588700199568	-0.130060747215962	"IS01"	0.437783124070427
"PIK3R5"	"PIK3R5"	0.425485204678842	-0.121215678289932	-0.076202896307079	0.178966296431538	-0.17363506885983	-0.25195524563302	0.0028072703100047	0.209698231210203	-0.321191699526999	"IS01"	0.425485204678842
"IL16"	"IL16"	0.421575536930631	0.170388116240497	0.101617957142615	0.301291509292712	-0.678213970868485	-0.029998994223188	-0.117211315513526	0.339964678062038	-0.0247468317242687	"IS01"	0.421575536930631
"DCANP1"	"DCANP1"	0.419140163321944	0.0473452058995312	-0.0808705351884169	0.191341714350948	-0.401353396504149	-0.143846440918655	0.0454461480804299	0.248177594073175	-0.0981789809018851	"IS01"	0.419140163321944
"ARHGAP15"	"ARHGAP15"	0.407315642332215	-0.162621463037264	-0.0982916731491693	0.0751050164755369	-0.00424127750493281	-0.31679710445498	-0.0785937821046913	0.0945933751609284	0.160016903203629	"IS01"	0.407315642332215
"RASAL3"	"RASAL3"	0.402037502405062	-0.165075723778384	-0.222680218945449	-0.0865710083363373	0.140464695622947	-0.455385257703934	-0.0414990174545195	0.162494629824268	0.0461472970404301	"IS01"	0.402037502405062
"TIGIT"	"TIGIT"	0.376591668643043	-0.18548344755217	-0.130424393321543	-0.243032051796171	0.242666190404367	-0.335997124160514	-0.0156799211003351	0.0348469827693157	-0.0956276972050717	"IS01"	0.376591668643043
"XCR1"	"XCR1"	0.35414399302687	0.206589960874005	0.030726160314843	0.0682446703507306	-0.272497220959006	-0.081023457933049	-0.0927339003448926	0.0344562729534734	-0.0557138957991434	"IS01"	0.35414399302687
"HMHB1"	"HMHB1"	0.339915937911167	-0.114356821011796	0.287237900421014	0.0461040840878315	-0.28166436796392	-0.069342427911013	-0.0700053666676204	0.17360671303717	0.212549821504366	"IS01"	0.339915937911167
"SIRPG"	"SIRPG"	0.333374643581941	-0.237038592316968	0.000130001519618539	-0.264162637507672	0.231008215056827	-0.43831649800845	-0.000243811107593742	0.180015791407865	0.0257417599626454	"IS01"	0.333374643581941
"AKAP2"	"AKAP2"	0.302252683242066	-0.0224705346324099	0.0924969351369756	-0.619841791370787	0.0986403580985988	0.00143977817029292	0.146070248831892	-0.0234032252890224	-0.0551500033919025	"IS01"	0.302252683242066
"ITGA4"	"ITGA4"	0.275980931767358	-0.245503208330789	0.0535117601597991	0.0214802013683115	0.162585683239295	-0.226505426925011	0.270443676940056	-0.0435233157648704	-0.262950333186718	"IS01"	0.275980931767358
"KLHL6"	"KLHL6"	0.267527876019209	-0.206645710808794	-0.00962533553846976	0.0150977953996224	0.186221192732607	-0.212458416560589	-0.0635109399649951	-0.0925451044345005	0.0698388846484196	"IS01"	0.267527876019209
"GNGT2"	"GNGT2"	0.256648781619803	-0.19881432354083	0.036591175478815	0.0508605917209683	0.0442792147984677	-0.195168033761045	-0.271588974408911	0.0927608275559534	-0.0384606247029571	"IS01"	0.256648781619803
"ARHGAP30"	"ARHGAP30"	0.255494861752393	-0.24651686338037	-0.114870046124423	0.104886861727031	0.188120184335832	-0.222820373832904	-0.0477758712856763	-0.0386172832804127	-0.251998423471927	"IS01"	0.255494861752393
"IL18RAP"	"IL18RAP"	0.235084730272151	-0.168353622084744	-0.00997348613862183	-0.165653614827342	0.127083340895636	-0.201803780742969	0.0431107942410278	0.0732624695774421	-0.106944060541666	"IS01"	0.235084730272151
"LY86"	"LY86"	0.231286334515117	-0.213208055759177	-0.113455705653763	-0.0904270067850694	0.0937501335238544	-0.239957982242141	-0.00135933856055895	0.164768311554712	-0.112078191453471	"IS01"	0.231286334515117
"LAIR1"	"LAIR1"	0.215697970860113	0.0820260238776614	0.0312071251442035	-0.0890034419062474	-0.320155577353534	0.0749546384287403	0.154073101788845	0.152390307623821	-0.000675383330035084	"IS01"	0.215697970860113
"RGL4"	"RGL4"	0.205925371432665	0.135862848051652	0.0184428924976367	0.119455781765625	-0.237506402131986	0.12585912108937	-0.123259635110191	-0.0938816305854724	0.0191856026716805	"IS01"	0.205925371432665
"CCR2"	"CCR2"	0.200273640188345	0.131043506293785	-0.00445405702829547	0.0283071492053429	-0.44794788724442	0.163489062418509	-0.0747795569263027	0.179332983328971	0.0495698902010494	"IS01"	0.200273640188345
"TNFRSF4"	"TNFRSF4"	0.191467521648708	-0.0387127451855209	0.163626516397436	-0.0650698443099314	-0.14028869385435	0.0234570451422687	0.053118887938043	0.0244801433156143	0.174105252028686	"IS01"	0.191467521648708
"PEX1"	"PEX1"	-0.0581641337796162	0.783135959628579	-0.0626886264045741	-0.155041081427758	0.016112378302015	-0.358289757808467	-0.0724498174927673	-0.0334557313376049	0.0843588370596216	"IS02"	0.783135959628579
"FAM153C"	"FAM153C"	-0.0103300486155073	0.770939447216188	0.333848957062573	-0.0391344907882923	-0.0667190742896884	-0.336524671309127	0.0963936219435538	-0.140700520878266	0.252916646278767	"IS02"	0.770939447216188
"IKBKB"	"IKBKB"	0.000791483040740509	0.755447514583297	0.0859301276666184	-0.20066329299303	-0.011667678305994	-0.380690156463692	0.0896841579132876	0.00996304441213122	-0.130073875533259	"IS02"	0.755447514583297
"SHOX"	"SHOX"	0.0479427003842861	0.677528829370442	0.502146651030593	0.0660730530565856	-0.0749375634638628	-0.455564547772095	0.362347572616752	-0.11596476751269	0.252871924169208	"IS02"	0.677528829370442
"ZNF675"	"ZNF675"	-0.0260229190607934	0.676483855464373	-0.0402075454810943	-0.194492444497109	-0.0677272981822933	-0.243642075556222	-0.111221308855098	-0.0358841997498161	0.524746696624597	"IS02"	0.676483855464373
"ZNF44"	"ZNF44"	0.0543677034707545	0.649333877021084	0.0252042723927483	-0.0371310974822591	-0.0799624974420937	-0.260770023548212	0.00992978619675159	-0.0849495849047377	0.0831297270391067	"IS02"	0.649333877021084
"TUBD1"	"TUBD1"	-0.0283330043059399	0.596220681021929	0.187888714354453	-0.122242962811767	-0.0667959419655881	-0.304604427905827	0.0757654059601097	0.0197012957634306	0.220421219615393	"IS02"	0.596220681021929
"C2CD5"	"C2CD5"	0.00260270199481287	0.595414139680472	0.232648390298807	0.074065003371339	-0.061118338452082	-0.294118655442477	-0.0872575449209497	-0.103485866922325	0.235094154953582	"IS02"	0.595414139680472
"LZTR1"	"LZTR1"	-0.0211309018459148	0.580100296199364	0.111433123649922	0.0874078995749547	-0.094217065226213	-0.460415737641282	0.324178683823183	0.0577922512073441	0.332710547179496	"IS02"	0.580100296199364
"MLANA"	"MLANA"	0.029514401157696	0.547386529845378	0.0890540800826412	0.061172074254472	-0.089507847138237	-0.323518619477756	-0.241692755516365	0.0389147447470027	0.113039743091282	"IS02"	0.547386529845378
"STAG3"	"STAG3"	0.525067253220035	0.532813353204618	0.0547105993662251	0.136691805846975	-0.379499677546985	-0.662396973924682	0.0948908156506872	0.259470747715279	0.494841602406864	"IS02"	0.532813353204618
"DEFB108B"	"DEFB108B"	0.0229810120092114	0.525772718160693	0.26480560623186	0.182140899548765	-0.0880533124647516	-0.269776049594638	-0.139577737187464	-0.129197124684082	0.321718719426961	"IS02"	0.525772718160693
"TAS2R42"	"TAS2R42"	-0.0119885916935545	0.508113319200652	0.504165949109386	-0.0735628977642104	-0.00996596401643301	-0.298379156093698	-0.123688564436591	-0.0619774511941451	0.265908174372067	"IS02"	0.508113319200652
"EPB42"	"EPB42"	0.0980268864378767	0.482354609210451	0.365789200671027	0.481332765186226	-0.0881807544708011	-0.444511483882215	-0.0646924897897689	-0.120338627099912	0.0121579115066608	"IS02"	0.482354609210451
"MMP21"	"MMP21"	0.133711667529817	0.481803988104136	0.22428000535478	0.450638744203591	-0.206023211723606	-0.362913799298955	-0.0350219859489488	-0.0771172887897256	0.246679282710831	"IS02"	0.481803988104136
"PYROXD1"	"PYROXD1"	0.00785499151834813	0.464308044184945	0.0569622395261181	-0.0341502046904263	-0.0355800903721836	-0.15840028842454	-0.123395874884796	-0.0656630392294301	-0.0116685428463662	"IS02"	0.464308044184945
"KDM8"	"KDM8"	0.0702337278688211	0.438047373259363	0.0270400262018171	-0.0179409593426569	-0.100780830753265	-0.144269256881029	-0.0765830454948954	-0.0676866328608202	0.214536991892056	"IS02"	0.438047373259363
"BORCS8.MEF2B"	"BORCS8.MEF2B"	0.211703483985528	0.401696663862223	-0.090024754447628	-0.00658860454459955	-0.155654886379946	-0.266810720301065	-0.0480474307188725	0.0602857455390185	0.15156736005048	"IS02"	0.401696663862223
"SPDYE4"	"SPDYE4"	0.257359177438538	0.382242944677691	0.2248823759156	0.229346555485578	-0.209527685285439	-0.34678668023185	-0.000592375552541229	0.024527823153123	0.0663789466352043	"IS02"	0.382242944677691
"PASK"	"PASK"	0.167572686784906	0.371056284963838	0.217518802991712	-0.425456855687461	-0.0626986825256328	-0.436579645228513	0.0403354969673944	0.281912242691474	0.362437424622534	"IS02"	0.371056284963838
"NEIL2"	"NEIL2"	-0.109337698053712	0.36192016019859	0.148055253078167	-0.0188151635437048	0.0265097657933712	-0.120574163840031	-0.141567656158721	-0.0567953959498445	-0.00304390741022067	"IS02"	0.36192016019859
"MAGEB10"	"MAGEB10"	-0.0767336141994191	0.341112876476936	0.331537819853106	-0.105150303666398	-0.0570999741264232	-0.100428878738554	0.116846490396095	-0.023465803294929	0.15690555489263	"IS02"	0.341112876476936
"RGPD1"	"RGPD1"	0.192363768274005	0.338749528525561	0.28713075720911	-0.183208213836581	-0.0961419998269564	-0.212581546862214	0.200397597810308	-0.0308731989543016	0.270904179465852	"IS02"	0.338749528525561
"FAM133B"	"FAM133B"	-0.0786846933752713	0.332626139910605	0.0881388622315232	-0.0438495271643385	0.00922811492787718	-0.204200868940737	-0.0181937706546596	0.00555969905302894	0.266113534402849	"IS02"	0.332626139910605
"CNTNAP1"	"CNTNAP1"	0.114832223462943	0.311108485679255	-0.00159673673635886	0.232420068705641	-0.171673686297931	-0.215498783952096	0.0205742933796074	-0.000792773451123205	0.205634558627543	"IS02"	0.311108485679255
"NSMCE4A"	"NSMCE4A"	-0.0771599268586643	0.304899119310844	0.237390936920198	-0.012526007316623	0.0182089795904812	-0.132253050608594	0.174162633522296	-0.09423441216606	0.0659322819379999	"IS02"	0.304899119310844
"GPRIN3"	"GPRIN3"	-0.005645930243439	0.271948867263227	0.0174926887727854	0.0264994750959893	-0.156021109807432	-0.0412295731593144	-0.096176391047115	0.0754091548940055	-0.0394942999230475	"IS02"	0.271948867263227
"VCY1B"	"VCY1B"	-0.000100683757620764	-0.0763704700779231	2.27253670297253	-0.0703605798379208	-0.0368720010914431	-0.0903538186090113	-0.0148436256314015	-0.0921973427050097	-0.0910983001200618	"IS03"	2.27253670297253
"VCY"	"VCY"	0.00241070572028598	-0.075995249165699	2.24825078284822	-0.0688254192059422	-0.0341924722747975	-0.0891660390728653	-0.0212864481135373	-0.0948072305216249	-0.0924851071739896	"IS03"	2.24825078284822
"KLF18"	"KLF18"	0.0117790787187094	0.00678805984901281	1.98327801441029	-0.103879270935511	-0.0772050130349825	-0.104833921213237	-0.0423825880679044	-0.066626718686436	0.19502641443136	"IS03"	1.98327801441029
"OR8J3"	"OR8J3"	-0.0448739414426404	-0.0646007608975218	1.9479593915997	-0.042750529694272	-0.0526348353950929	-0.0411847113198697	-0.0620336655793693	-0.0642581311653553	-0.0441575024087959	"IS03"	1.9479593915997
"NOX3"	"NOX3"	-0.0655495563889174	-0.0267843954479142	1.80838107927251	-0.0253868814333784	-0.0253475075222352	-0.123726941391779	-0.0970074153103862	-0.0567425927507469	0.253242732603052	"IS03"	1.80838107927251
"INS"	"INS"	-0.0337124225037777	-0.0245329017060229	1.6740199828357	-0.0562008059412053	-0.0366498937835325	-0.0636894779697482	0.114874388435598	-0.083417386883107	0.013303740276903	"IS03"	1.6740199828357
"OR10T2"	"OR10T2"	0.0160664920204126	-0.032842428580076	1.66643161521694	-0.0665138701662856	-0.0509901048141117	-0.0529146588902508	-0.0578378762621737	-0.0627247579113075	-0.0544678860414903	"IS03"	1.66643161521694
"NPBWR2"	"NPBWR2"	0.0442419577361249	0.0240648857797249	1.42310469850485	-0.0833341360040531	-0.00523417096111548	-0.140199017426134	-0.0046488470743107	-0.0944974097537618	0.211220127004347	"IS03"	1.42310469850485
"NMS"	"NMS"	0.155192187028239	-0.0612494048655084	1.16327261793119	-0.090083702350043	-0.0610566943584456	-0.101579462097542	0.000323614772779199	-0.0236013202368801	0.070079927810396	"IS03"	1.16327261793119
"GCG"	"GCG"	0.0202483281493552	-0.0694988803414785	1.1273764221876	-0.0111136635286255	-0.0481251765086245	-0.0650634763334954	-0.00464594007630346	-0.0179019082763013	0.103549348460511	"IS03"	1.1273764221876
"PAX4"	"PAX4"	0.0795407255301882	0.110007836014056	1.10267206084526	-0.066509803689398	-0.112542087903349	-0.143017943713665	0.0484256083047548	-0.103618579534483	0.883185865801302	"IS03"	1.10267206084526
"OR6S1"	"OR6S1"	0.147584443519024	-0.0582371107454866	1.04384779005619	-0.0615150208467454	-0.0339680682033548	-0.0691268138830289	-0.0592996481727028	-0.0613471991751702	-0.0170584996673525	"IS03"	1.04384779005619
"UTF1"	"UTF1"	0.102638301758835	-0.0495642758071413	0.908051667411417	0.0226399676042529	-0.100877475056092	-0.0523703933011398	0.123478766502741	-0.0139246970537436	-0.0517714818663218	"IS03"	0.908051667411417
"OR5AK2"	"OR5AK2"	0.00135421209882023	0.0318768295361108	0.888473184512724	0.230208783341194	-0.0761901630010027	-0.0776556306984323	-0.0268803311954682	-0.0787290404726698	-0.0890219346243693	"IS03"	0.888473184512724
"OR10H3"	"OR10H3"	-0.0211039644100197	-0.0247432293767124	0.833102374292433	-0.0306614465980267	-0.00919973791665033	-0.028459604551942	-0.0261757730732393	-0.0334391046727191	0.0181419127168332	"IS03"	0.833102374292433
"PPP1R17"	"PPP1R17"	0.131571886282512	-0.0663453832258936	0.684762461332377	0.662265682541597	-0.190957387675737	-0.20876977057988	0.00677190039512566	-0.131467615881601	0.560746582210697	"IS03"	0.684762461332377
"IQCJ"	"IQCJ"	-0.0313046148790805	0.105038875797323	0.648004296124977	-0.0183201262618913	-0.0677216952209158	-0.0319063740443439	0.00932014603993488	-0.0482562166893084	0.245733190136128	"IS03"	0.648004296124977
"PPIAL4F"	"PPIAL4F"	0.147268563325806	-0.0193743083983887	0.539473148613834	-0.0525028554716626	-0.0595035908055195	-0.0169408456720469	0.147060933670179	-0.0536128245719555	-0.0996376841852975	"IS03"	0.539473148613834
"C7orf72"	"C7orf72"	0.197915253651442	-0.0511927903128104	0.525392948112059	-0.0735545879907465	-0.0501591345736902	-0.071670661540035	-0.0310855844239308	-0.0699076498605238	0.450104173412127	"IS03"	0.525392948112059
"OR4C46"	"OR4C46"	-0.0153279413605342	-0.010855158939741	0.517773333935681	-0.0155262574292475	-0.0137899733109031	-0.013193177295775	-0.0111804067486664	-0.0156690178120511	-0.00992466333368237	"IS03"	0.517773333935681
"GSX2"	"GSX2"	0.268295060138656	0.0441233421907552	0.473286986587033	-0.0506338488747322	-0.098370386255847	-0.101324717461689	0.0520435941422571	-0.098050138938933	0.410311750728103	"IS03"	0.473286986587033
"H3F3C"	"H3F3C"	0.348317615276006	0.0968353591192982	0.355171880990595	-0.0433156995073475	-0.154617501589203	-0.137287559360356	0.114578580008169	-0.00526573288780137	-0.0702538813178428	"IS03"	0.355171880990595
"OR2T2"	"OR2T2"	-0.00101955149833424	-0.00240845330803342	0.0713916701933166	-0.00191696845892722	-0.00267427425586543	-0.00155205120169833	-0.00202444894222372	-0.00177412851932041	-0.00067039330305543	"IS03"	0.0713916701933166
"MYOCD"	"MYOCD"	0.072313163575701	-0.101285133019725	-0.0376122004332646	1.80293958787608	-0.429722409798644	-0.201342891613224	-0.145669868499718	-0.148400344354926	-0.0575072467524356	"IS04"	1.80293958787608
"PPP1R12B"	"PPP1R12B"	0.000351116965535008	0.0578983237861695	-0.146720411571181	1.5621683114408	-0.335159850457529	-0.280930912771817	-0.166674930301766	-0.105119940024504	-0.00719901335623108	"IS04"	1.5621683114408
"NR4A3"	"NR4A3"	0.192593194247801	-0.0482452865317085	-0.200991505354218	1.3426568882375	-0.369648773445008	-0.20671718453013	-0.133522527321192	-0.096131000140881	0.0903317087377965	"IS04"	1.3426568882375
"VIP"	"VIP"	0.0802478780122265	-0.0452130274945209	0.0711040023660074	1.33656116815214	-0.242396758983683	-0.308155714525356	0.0494998566910408	-0.168481831046956	0.235836922147175	"IS04"	1.33656116815214
"FAM180B"	"FAM180B"	0.105061239682704	0.0729762412912836	-0.0306397411612608	1.27843058814281	-0.246335884162963	-0.350301122086674	-0.0198033887425683	-0.124384509239528	0.00540663676518017	"IS04"	1.27843058814281
"GPR182"	"GPR182"	0.515191565741119	0.0512124952529376	-0.0150978344044635	1.25161737215253	-0.478760003274874	-0.361638087417987	-0.148375995481406	-0.079788929725883	0.166135927974673	"IS04"	1.25161737215253
"PDE2A"	"PDE2A"	-0.158504533382187	-0.0861692145587726	-0.00524174331233295	1.23768414355264	-0.121860577284652	-0.184282709678029	-0.0974103321453996	-0.136928204562552	0.0267794890299065	"IS04"	1.23768414355264
"ACKR1"	"ACKR1"	0.427828035190936	-0.068983685955639	-0.0630838070313736	1.10323408183187	-0.614466312206825	-0.120833143524708	-0.101116352489824	0.124108788028131	-0.201917559156116	"IS04"	1.10323408183187
"STAB2"	"STAB2"	0.344969918279687	0.346496740153401	0.071550784064326	1.01729471369186	-0.361567822614528	-0.432138314472214	-0.12114743617981	-0.119357202635501	0.152401855804475	"IS04"	1.01729471369186
"GPM6A"	"GPM6A"	-0.0568030092749871	-0.112364978340668	-0.0834077987665711	0.976217378235789	-0.0873763234029251	-0.172125763644926	-0.0580317195643895	-0.154325083803076	0.364563106394744	"IS04"	0.976217378235789
"SCN11A"	"SCN11A"	0.244417236428354	0.286008059900006	0.194283729215502	0.940496701642366	-0.299243729061568	-0.471962509241388	0.0307373583704408	-0.123777424505414	0.623643830741945	"IS04"	0.940496701642366
"CNR1"	"CNR1"	0.491036168371035	0.113103611155971	0.206884177902481	0.914860221050444	-0.480181819688863	-0.338028695182161	-0.117556950121071	-0.0673205030999362	0.725622690912676	"IS04"	0.914860221050444
"NIPSNAP3B"	"NIPSNAP3B"	0.0323078632291633	0.19006801980919	0.0086610238396687	0.893823545904449	-0.184763879376091	-0.383883605571648	0.00677797690695899	-0.0934470154615909	0.614362750137283	"IS04"	0.893823545904449
"ABCD2"	"ABCD2"	0.430263434657645	0.0697916980072851	-0.0373246665364333	0.857543835709014	-0.946300721049127	-0.155598566670104	-0.308184344475559	0.598706700332234	0.0729332828151952	"IS04"	0.857543835709014
"SLC24A4"	"SLC24A4"	0.487861102557899	0.0599194872376833	0.295636866625549	0.825840944545643	-0.385914819598784	-0.370528340469036	-0.0720479769731039	-0.042319068313482	0.379615081179002	"IS04"	0.825840944545643
"KCNS2"	"KCNS2"	0.299943502848342	0.0798235685810197	-0.225935364334751	0.817039594574077	-0.442282839977734	-0.223979960118962	-0.139133302959377	0.110636448222699	0.25392125773076	"IS04"	0.817039594574077
"GOLGA8R"	"GOLGA8R"	0.211385599266028	0.773069035777558	0.0189400991978074	0.810942258348551	-0.298235841017824	-0.613631380832793	-0.139505546064626	-0.0764767584373078	0.121442792892995	"IS04"	0.810942258348551
"CLEC4G"	"CLEC4G"	0.234020330577311	-0.12908264991855	0.170563608847953	0.807689982815506	-0.448890365177277	-0.119448955496846	0.027181434409926	0.16286005053649	-0.0625969272599868	"IS04"	0.807689982815506
"CLEC4M"	"CLEC4M"	0.207816705344838	0.301840369790397	0.222367616655295	0.781212692331631	-0.259854734839946	-0.421494999518729	-0.115061302742104	-0.0258978424019907	0.072272825430981	"IS04"	0.781212692331631
"TEKT3"	"TEKT3"	0.223784744778659	0.222843578230256	0.0804804751027831	0.779527556634428	-0.271947477347369	-0.277694774576041	0.30741605235125	-0.154206495362915	0.0961149623927148	"IS04"	0.779527556634428
"CHRDL2"	"CHRDL2"	0.236898611029471	-0.179331101758687	0.0810707526532917	0.778883630917781	-0.354077317560044	-0.065361256088656	0.191059114585199	0.0273789412700323	-0.0785994525136642	"IS04"	0.778883630917781
"CMTM2"	"CMTM2"	-0.0461906451242218	0.0741345640044805	-0.100701372942995	0.73252845335092	-0.276943937262911	-0.155659347330197	0.251720823465404	0.0774941422531124	0.0305275488352363	"IS04"	0.73252845335092
"MUSK"	"MUSK"	0.639526840889835	0.10139671329952	0.167487363233363	0.722226108227345	-0.40250362324245	-0.339986485411317	-0.0357435300987837	-0.0583070437218457	0.0108446225853525	"IS04"	0.722226108227345
"HPGDS"	"HPGDS"	0.0264519242498481	-0.0828116544057621	-0.0943371543067183	0.712011799345241	-0.240463559298199	-0.0714067555430931	-0.116302297380163	0.0788253056992701	-0.0831984967645901	"IS04"	0.712011799345241
"ZNF781"	"ZNF781"	0.144688990352615	0.200640094054301	0.171693576447346	0.694018908237788	-0.278085169439377	-0.309654423951727	0.686380536052415	-0.0975385666316616	0.261158108219358	"IS04"	0.694018908237788
"CD5L"	"CD5L"	0.302243347932725	0.0199444665911891	0.202165621166218	0.659027698199317	-0.359858181561413	-0.258741026529414	0.0649368945343663	0.0973211393569832	0.0424083885022344	"IS04"	0.659027698199317
"DEFA1"	"DEFA1"	-0.00756374188009045	-0.148202036074351	-0.00221791317074563	0.60716019532219	-0.165184293534325	0.0131059203458405	0.186830746499141	-0.0407053421138961	-0.0533491510258029	"IS04"	0.60716019532219
"MRGPRD"	"MRGPRD"	0.0776544720579558	0.304016402492494	0.459436272992072	0.509236746111582	-0.201935744261032	-0.250715628188549	0.0570709272960669	-0.152962072795718	0.477236161185631	"IS04"	0.509236746111582
"MAP3K7CL"	"MAP3K7CL"	0.139157715047466	0.102613460793907	0.080825253406475	0.48726261177531	-0.27713494756294	-0.219782197364209	-0.0272477970449372	0.132576574734944	0.0602379243810632	"IS04"	0.48726261177531
"LILRA1"	"LILRA1"	-0.0789158592008532	-0.028820100922356	0.0264557918593738	0.466207608567773	-0.169883104546861	0.0776431624860135	-0.0668876676333073	-0.01301211353831	-0.0725825119920757	"IS04"	0.466207608567773
"CFP"	"CFP"	-0.0763994142861171	0.111910660406714	0.0430415499256123	0.336876117456126	-0.206920825720276	0.126240886716614	-0.0398255503700114	-0.0591208490219058	0.0520417076421307	"IS04"	0.336876117456126
"CD33"	"CD33"	-0.187972143287739	-0.0681294040585125	-0.0765247759638551	0.302940481095098	0.268768405446877	-0.169782008053876	-0.0511550108361406	-0.140942258310585	-0.0170312895818743	"IS04"	0.302940481095098
"ITM2A"	"ITM2A"	-0.104483040357593	0.108112930687927	-0.0733501180179952	0.262199763505245	-0.350839111563715	0.0969483392600547	-0.117497162397823	0.208957960641589	0.241096053421289	"IS04"	0.262199763505245
"BHLHE22"	"BHLHE22"	0.135909773260567	-0.015754475874502	0.0610707146251139	0.246789840713624	-0.348135036515789	0.0132586599302101	0.0555652241480003	0.170108150921848	0.187183984498454	"IS04"	0.246789840713624
"ABCB11"	"ABCB11"	0.220076694420894	0.08350127221347	0.00951495955113656	0.246451807027486	-0.131250541635763	-0.130061929112476	-0.02491826936522	-0.0370780502654966	0.00562535388779737	"IS04"	0.246451807027486
"ITGAX"	"ITGAX"	-0.00549284498775549	-0.0106176455497159	0.0116913466659566	0.165408479733973	-0.0203665783324417	0.00711453401964784	-0.0106023784685063	-0.0726867300190589	0.112265199334559	"IS04"	0.165408479733973
"GAS7"	"GAS7"	-0.112083921262054	0.0522800171436121	-0.0963446692168185	0.122554240700429	-0.0866813316593475	0.0200410491012731	-0.0943464112334016	0.0991094020416147	-0.00922195064435784	"IS04"	0.122554240700429
"SCML4"	"SCML4"	0.409039360958339	-0.346031628522723	-0.00503445618207484	-0.211552947508775	0.608207350191852	-0.231268113042013	-0.187087162000787	-0.467519396180265	-0.0129168387507265	"IS05"	0.608207350191852
"UBASH3A"	"UBASH3A"	0.235773927883218	-0.267221717163351	0.0258178551944644	-0.0872360025776295	0.496314803723397	-0.337813445649758	-0.0265296009252113	-0.258156310969257	0.0514072851487329	"IS05"	0.496314803723397
"CCR6"	"CCR6"	0.297951626581949	-0.160929578238552	-0.0282321767097039	-0.191609752072377	0.481245071838539	-0.230288181044362	-0.0195419244654795	-0.3825962240498	0.00994565185166465	"IS05"	0.481245071838539
"CD5"	"CD5"	0.330399179719737	-0.21802841999041	-0.118069684009269	-0.152273241251111	0.4564336409679	-0.399530713338275	-0.136446768421262	-0.155197372586874	-0.0742212910980372	"IS05"	0.4564336409679
"CYTIP"	"CYTIP"	0.154003337985503	-0.150368857905588	0.0153852142453484	-0.00974779362888773	0.424269577808856	-0.266911905317678	-0.0694559921612337	-0.277952863141768	0.010962648666901	"IS05"	0.424269577808856
"GMFG"	"GMFG"	-0.210056036312612	0.031519433196359	-0.178845442908446	-0.0496543257707336	0.396083656474888	-0.0749091951696377	-0.152663676648127	-0.216474712147049	-0.0846319584109383	"IS05"	0.396083656474888
"ZAP70"	"ZAP70"	0.0691133343838836	-0.169802422223004	-0.215923438354411	-0.110249195614036	0.395478042300671	-0.254337656016743	0.00399635297304077	-0.126750410892083	0.120545721729103	"IS05"	0.395478042300671
"OR52N4"	"OR52N4"	-0.108456487871808	-0.156004702100486	-0.209667993268116	-0.311345901956885	0.372860448379316	0.191384192522879	0.0379517126393286	-0.289575922824254	-0.0438827916714127	"IS05"	0.372860448379316
"ITGAL"	"ITGAL"	0.179381493229348	-0.257353507578288	-0.0849856536834533	0.0485345937702122	0.372825364674866	-0.35269713037211	-0.00163118692062181	-0.103829815422983	-0.0233335341973333	"IS05"	0.372825364674866
"FAM78A"	"FAM78A"	0.10187030027865	-0.259409165577612	-0.00549326960678571	0.0406085468242712	0.323525609384486	-0.136452584123388	-0.0965215974510034	-0.166908774933371	-0.164718823066467	"IS05"	0.323525609384486
"KLRK1"	"KLRK1"	0.160513710188674	-0.109921301812424	0.0327855023836047	-0.00729991433583159	0.241530409501944	-0.195604904539516	-0.176806003348174	-0.130754794303739	-0.0123049709826551	"IS05"	0.241530409501944
"FGD2"	"FGD2"	0.188887808757295	-0.197591647858345	-0.132531011081632	-0.0254668977686147	0.198846153945752	-0.129030770870237	0.0628041804145973	-0.0999661697014648	-0.0684191637283673	"IS05"	0.198846153945752
"MEF2B"	"MEF2B"	-0.156127698703725	-0.31896039261782	-0.0618474955901942	0.156934820821975	0.241356561785392	0.287048808565221	-0.345561255005862	-0.261204931754395	-0.235663647603601	"IS06"	0.287048808565221
"CXCR3"	"CXCR3"	-0.458715090609089	0.201720743902462	0.180128308517652	0.120969278827345	-0.258035239474347	0.286110139937683	0.0540257168218394	0.133092969263398	0.0584715040709506	"IS06"	0.286110139937683
"CD247"	"CD247"	0.0625751302440259	0.18504092388881	-0.125947417510067	-0.0204963351362776	-0.424987392423382	0.283714140379926	0.101321763462028	0.11540487289564	0.0313178836845183	"IS06"	0.283714140379926
"STAT4"	"STAT4"	-0.219056114729162	0.160863446034091	0.146289778695656	-0.0975446189545997	0.00261967298388696	0.257670937949619	0.132842776728408	-0.200698813382893	0.0775691445650143	"IS06"	0.257670937949619
"TFEC"	"TFEC"	-0.152360713426844	0.216729273705335	0.115457023557434	0.0113271162322952	-0.254030097546235	0.257342891030975	-0.00600156111700192	-0.00319425921947491	0.170583956591579	"IS06"	0.257342891030975
"TREML1"	"TREML1"	-0.0554117649878712	0.16459741821281	0.058255970290652	0.0214713554409192	-0.373433269531533	0.208973002575788	-0.0763068444203495	0.202278325239237	-0.0347627539810831	"IS06"	0.208973002575788
"BCL2A1"	"BCL2A1"	-0.241652240691104	0.132161015030538	-0.000146533570638108	0.165807074407116	-0.0964251983668522	0.172921207031073	-0.134552852859559	-0.0293835112398317	0.0157566576210836	"IS06"	0.172921207031073
"ARHGEF18"	"ARHGEF18"	-0.194970933157358	0.0434057305662542	0.0097617321698024	-0.0322397841226332	0.0396405817767425	0.0795056185349876	-0.0364642427501837	0.00957738269221993	-0.0624260081165597	"IS06"	0.0795056185349876
"FGF23"	"FGF23"	-0.0350202582843276	-0.0648102162092724	0.0854891306108888	-0.0545414629615595	0.0331031545093346	-0.0518160948294639	1.48685583330598	-0.111027834078872	-0.128512893468432	"IS07"	1.48685583330598
"RPS16"	"RPS16"	-0.122082281153138	-0.159002712017685	0.10415518702507	-0.191570205980906	0.0307221703006138	0.147684424467514	1.30811137374964	-0.118068904756864	0.0798202249894274	"IS07"	1.30811137374964
"RP5.972B16.2"	"RP5.972B16.2"	-0.0355760748653732	-0.0832606137949391	0.176908634710902	0.0324784644118175	-0.0437693164737952	-0.0123998874093575	1.19348237115829	-0.0765933553609317	0.0153923501052384	"IS07"	1.19348237115829
"LCAT"	"LCAT"	-0.0289675428076336	0.28305496649749	0.224672510429771	0.372617425538011	-0.179484996898361	-0.258573143321177	1.13393541439953	-0.0789259269667819	0.0465350209435588	"IS07"	1.13393541439953
"BORCS7.ASMT"	"BORCS7.ASMT"	-0.0490686805454635	0.0657035105762007	-0.0943508628089536	0.0702786206086713	-0.0621537288093967	-0.0677868343426664	1.0266110665511	-0.0558249569514546	0.125772943288448	"IS07"	1.0266110665511
"MAP3K10"	"MAP3K10"	0.0137296334221927	0.319052291960924	0.229308089346094	-0.143834557272396	-0.0396224975527592	-0.265681550386797	1.0162532642439	-0.0637588538729038	0.369069658191959	"IS07"	1.0162532642439
"AC087651.2"	"AC087651.2"	0.0270708368074186	-0.0544492439102676	-0.0993567147082991	-0.0350566707910528	-0.0282182503320276	-0.045925786197311	0.953702759345862	-0.0161413975028141	0.021840441242962	"IS07"	0.953702759345862
"GAPDHS"	"GAPDHS"	0.00790073160605062	0.311501080012687	0.380486587215465	-0.0955584607723584	-0.0302371104190154	-0.246173684781277	0.908869484710478	-0.119953315573541	0.394887611928202	"IS07"	0.908869484710478
"TP53I13"	"TP53I13"	-0.00720178061968179	0.234984211106672	0.0639537727977985	-0.213990988939288	0.0132371166929009	-0.201213605270455	0.885910519240481	-0.0345265423044534	0.284128748827882	"IS07"	0.885910519240481
"LPAR4"	"LPAR4"	0.0516384112683829	0.144414384278632	0.267523086457253	0.383874741515144	-0.274384773172197	-0.137928867133976	0.542092002305729	0.0223055301249529	0.100172268489999	"IS07"	0.542092002305729
"NCR1"	"NCR1"	-0.163925245877971	0.117989967426353	-0.099010734491498	0.0506926390903683	-0.0599569488924705	0.0675018357552505	0.540543075663576	-0.0447833325029067	0.0216310548729434	"IS07"	0.540543075663576
"HDAC9"	"HDAC9"	0.120009533895053	0.15778307888446	0.127357231380272	0.153006204584128	-0.188437710080458	-0.121619695812105	0.421740245149171	0.0106419626520851	0.0332928699872527	"IS07"	0.421740245149171
"CD72"	"CD72"	0.068404057025038	0.0600447636674698	0.0578240172072331	0.0284952691717885	-0.282902857652317	0.124219953411201	0.140004632514278	0.0902978098881628	0.132008740222185	"IS07"	0.140004632514278
"SASH3"	"SASH3"	0.726702894600557	-0.0601145928583887	0.0264781587171009	0.189535540071627	-1.04580825113641	0.0297166500070764	-0.055873310966855	0.749236012429945	-0.101763998658153	"IS08"	0.749236012429945
"CCL19"	"CCL19"	0.225684211516839	0.0339348326715792	-0.114271801399448	0.325710468572166	-0.809723126024458	0.0492007338142295	-0.104013956421761	0.670546966894041	-0.0838605127937559	"IS08"	0.670546966894041
"LTB"	"LTB"	0.276499374078276	-0.090459596689895	0.184664493873641	-0.0592114259621375	-0.786242661740566	0.150335921636804	0.335055609958297	0.663314471912763	0.0162327274113619	"IS08"	0.663314471912763
"WDFY4"	"WDFY4"	0.299658587162736	0.0942729718647101	0.181628841669952	0.192108363319424	-0.933197742284615	0.115652260769185	0.17833445866542	0.635108086757469	0.0871551419372674	"IS08"	0.635108086757469
"CCR7"	"CCR7"	0.284738360233728	0.219008641471894	0.0765132199509913	0.178888392340277	-0.951876089434662	0.109111278997786	0.0832422048397409	0.617474480271763	0.198913703785476	"IS08"	0.617474480271763
"EOMES"	"EOMES"	0.423609979270033	0.160059704233216	-0.0299021415936498	0.112861374484944	-0.761356773744849	-0.0837612029571583	-0.0319915972222868	0.585835179484948	0.0951655566640682	"IS08"	0.585835179484948
"CLECL1"	"CLECL1"	0.55506498131552	0.035617476143566	0.0517504479868492	0.183494006309055	-0.93919042138477	0.131963635103404	0.051090484503096	0.564349305644797	-0.134690012226088	"IS08"	0.564349305644797
"P2RY8"	"P2RY8"	0.0158950839424635	0.279088785193025	0.205548516474211	0.319572681322278	-0.841006389326274	0.101670752640805	0.025545212628871	0.549195068727101	0.193665146374427	"IS08"	0.549195068727101
"HLA.DOB"	"HLA.DOB"	0.348830052980107	0.0272899574295884	0.0183917700918851	0.115988465499409	-0.770723716082861	0.14219666578376	-0.00834894190492649	0.527821880554656	-0.0770061496212503	"IS08"	0.527821880554656
"FLT3"	"FLT3"	0.388388547876566	0.124748355101786	0.0277182826390145	0.281765874718552	-0.719798244435952	-0.0786663583949132	-0.0997539083315456	0.502134305952383	0.00770363320913278	"IS08"	0.502134305952383
"ARHGAP9"	"ARHGAP9"	0.261236018737437	0.0568760017423074	0.11828185143329	0.0369307400029602	-0.674677472000447	0.121220620128289	0.0787290053547596	0.481419477475609	-0.0711057610172969	"IS08"	0.481419477475609
"RP11.330H6.5"	"RP11.330H6.5"	0.403703520466271	0.0156173677506423	0.298040606579291	0.06092728433202	-0.60247051827432	-0.130254019159422	0.159264099068785	0.473443719113068	0.17576916716354	"IS08"	0.473443719113068
"TNFSF8"	"TNFSF8"	-0.0721862561035723	0.174741434646724	0.132372814467297	0.2893967727396	-0.67179244952399	0.185413698184291	-0.158570961289181	0.473115175592211	-0.0733768058485573	"IS08"	0.473115175592211
"CD53"	"CD53"	0.398420940930248	-0.0585151552529348	0.187128804865645	0.136755771364938	-0.598128482076073	0.0570245327932916	-0.209743205363286	0.411246354611262	-0.109072548907573	"IS08"	0.411246354611262
"TRAF3IP3"	"TRAF3IP3"	0.0298431796398317	0.119815523441707	0.0207599281014119	0.0619595816889299	-0.507762899841123	0.140780198500486	0.166290120807506	0.366507427609501	-0.116819013257239	"IS08"	0.366507427609501
"TLR9"	"TLR9"	0.135396800514274	0.256758423987722	0.093692407434625	0.342282127490885	-0.325938605412195	-0.397013914259004	-0.0958845737695222	0.34800010018715	0.0957360928309343	"IS08"	0.34800010018715
"DNAJC5B"	"DNAJC5B"	0.0935568934985257	0.00923336378175493	-0.0936317936820459	0.144652757138985	-0.217274796773799	-0.0771373283878297	-0.12958922663574	0.214273904779127	0.138488025015683	"IS08"	0.214273904779127
"LILRB1"	"LILRB1"	0.0467105487265602	0.0565434246736654	0.010438623569987	0.0867565562174712	-0.236921930229199	0.0765178281728016	0.0266336406304948	0.0944082506378695	0.0903929119634999	"IS08"	0.0944082506378695
"OR5H15"	"OR5H15"	-0.00288902852936258	-0.00350332445461501	-0.00206225459528542	-0.00256660740779379	-0.00542153840803787	-0.00374557379122197	-0.0026770487035489	0.0170087551051558	-0.00365681562878514	"IS08"	0.0170087551051558
"NOL4"	"NOL4"	0.0701491867115573	0.0337080828700122	0.034972392579633	-0.00558754119660905	-0.0602748947345975	-0.154473450809711	-0.0450357920127326	-0.127421210067193	1.94810021604728	"IS09"	1.94810021604728
"STMN4"	"STMN4"	-0.00502686888893302	0.00433173199557095	0.176023307584433	0.167579752066688	-0.0875461495809452	-0.135754238826601	-0.117581382958366	-0.0845781243352666	1.56657254654222	"IS09"	1.56657254654222
"B3GAT2"	"B3GAT2"	0.0576541794703414	0.306987928180578	0.139281810777436	0.0347422006251612	-0.0888623770430351	-0.262448744753057	-0.0176304956771111	-0.122088882598134	1.50241677993961	"IS09"	1.50241677993961
"FAM163A"	"FAM163A"	0.165355641052193	0.0546884057404511	0.134278419408247	0.120062368588223	-0.131989012476947	-0.163404771934032	-0.108455418957624	-0.0743497071962333	1.25795140177173	"IS09"	1.25795140177173
"RAB3C"	"RAB3C"	0.21863873400026	-0.0962874976241037	0.0665405552355507	0.708827542222047	-0.443979356935358	-0.138408923622122	-0.168660183585699	0.0653470531154204	1.25641947611978	"IS09"	1.25641947611978
"KRT73"	"KRT73"	0.133216303037373	-0.0444147647358335	-0.0315441435486235	-0.0925182679416646	-0.0608725398719677	-0.0684348653591076	-0.0891327166635024	-0.0402655405350867	1.25098788748601	"IS09"	1.25098788748601
"SOX8"	"SOX8"	0.273555237659404	-0.104704081740062	0.113078084574094	-0.0918541397204756	-0.110528095973623	-0.0746875433554894	0.042641582235001	-0.0646553879768592	1.21327969516223	"IS09"	1.21327969516223
"PRPH"	"PRPH"	0.0441751978673257	-0.0247808101596914	0.068947944911156	0.475025787369348	-0.102158274170101	-0.156757509106888	0.177982577008013	-0.194401469176417	1.20401984049805	"IS09"	1.20401984049805
"PCDH11X"	"PCDH11X"	0.105798275918217	0.259650452723949	0.134509801309004	0.157254588996171	-0.0972108535310204	-0.271085634222644	-0.0317326775176645	-0.121775844126075	1.19363331251512	"IS09"	1.19363331251512
"CER1"	"CER1"	0.00677112708790682	0.0665898564298091	0.301811566148556	0.187023424494881	-0.068659842449749	-0.174817161748325	0.0666519395565116	-0.10786485824269	1.13014944361527	"IS09"	1.13014944361527
"KRT72"	"KRT72"	0.583594960897289	-0.0267435576654132	0.116259198907635	-0.0675165411387832	-0.201514731993453	-0.266345151507649	0.125620903793956	-0.0304692350699287	1.07485402700134	"IS09"	1.07485402700134
"FXYD7"	"FXYD7"	0.730452657066458	-0.0571375573653805	0.10145920503022	0.179690889199164	-0.434605478028333	-0.277894703391889	0.314875319338389	0.0396309311747069	1.07229364600822	"IS09"	1.07229364600822
"UBTFL1"	"UBTFL1"	0.160777886819812	0.0524118760422674	0.451108488268286	-0.0558628603627786	-0.123650325863938	-0.149185868551577	-0.127472481761441	-0.00642296840309865	0.991001628892658	"IS09"	0.991001628892658
"PDE6H"	"PDE6H"	-0.0312094475065642	-0.0676198072224283	0.190357698304175	-0.0317130586410614	0.0222436738808401	-0.0524970063769083	-0.0798069456260993	-0.0557042739601818	0.961483110053437	"IS09"	0.961483110053437
"GNG13"	"GNG13"	-0.00398137288743285	0.0829367024116652	0.285940037199747	-0.177361007546076	0.0140651715133828	-0.0990033785254324	-0.013334056419248	-0.0603172414297193	0.960818108135378	"IS09"	0.960818108135378
"TCL1B"	"TCL1B"	0.478695517484582	-0.0312461504024348	0.266121919844343	-0.180113438075459	-0.0929931944816093	-0.159517800098091	-0.05442837481111	-0.114714273762957	0.960083123697945	"IS09"	0.960083123697945
"NPHS1"	"NPHS1"	0.874696411036961	0.340159439112767	0.376173129869598	-0.230112412158931	-0.338773469078569	-0.434921171834058	0.1201694697594	-0.053808928724742	0.946573105623048	"IS09"	0.946573105623048
"CH507.9B2.2"	"CH507.9B2.2"	0.316498150210696	0.146104889524936	0.0519929514816611	-0.112633589199342	-0.0893804752299272	-0.193945776617496	0.123207181468242	-0.108265483482088	0.909209873348452	"IS09"	0.909209873348452
"TAS1R3"	"TAS1R3"	0.0999133674381707	0.0141582791591945	0.240363004838251	-0.137585526356232	-0.0519193716448859	-0.131951774073393	0.0757453979807004	0.00909715615342073	0.890008389926749	"IS09"	0.890008389926749
"GABRR3"	"GABRR3"	0.0769524676886905	0.157421442865192	0.347447162576598	-0.0280622198791898	-0.0929304076534631	-0.148812248872839	-0.0479506865799861	-0.0460253519930946	0.867537544130369	"IS09"	0.867537544130369
"TBC1D26"	"TBC1D26"	0.103972421132134	0.425342713304329	0.260401090421287	0.18257972708158	-0.129326027235256	-0.334696611230796	0.394379651721338	-0.158928755722557	0.815150943508218	"IS09"	0.815150943508218
"NLRP4"	"NLRP4"	0.603749959038181	0.0165565055912271	0.25786407323699	-0.100628070955438	-0.17784987985146	-0.179292763572762	-0.122561787590821	-0.107605383078733	0.785622441395607	"IS09"	0.785622441395607
"IL17REL"	"IL17REL"	0.107791124770488	0.159201837067452	-0.00119304082300654	-0.0075709210719578	-0.20104122041939	-0.194169135922845	-0.209136980155216	0.186237231565661	0.779379620983194	"IS09"	0.779379620983194
"MPZ"	"MPZ"	0.0879103488640865	0.0154035439269853	-0.126185960148316	0.502771185897494	-0.13764563178747	-0.219155153691803	0.0835958070090916	-0.0518357244322964	0.757468581863703	"IS09"	0.757468581863703
"TNR"	"TNR"	0.439647916510644	0.334384382977233	0.121618829249062	0.442244689365184	-0.268581564870604	-0.486005674468845	-0.0524175231967169	-0.0403900777754232	0.680887873508788	"IS09"	0.680887873508788
"ANKRD34A"	"ANKRD34A"	0.0408846828159029	0.326282886003184	0.160822818379974	0.144700116795713	-0.122253256478385	-0.286808244738781	0.136272273080641	-0.0183853987909923	0.677838573734634	"IS09"	0.677838573734634
"ZNF804A"	"ZNF804A"	0.284765227789227	0.142522825549562	0.247358489139997	0.291189567916638	-0.702056816097321	-0.0272591727454351	-0.246027390825555	0.380682667162011	0.652156099455683	"IS09"	0.652156099455683
"ZPR1"	"ZPR1"	-0.14699838968052	0.098473410516134	0.0848925116824616	-0.144869340867459	0.0234599293807965	-0.036954532928096	0.0793564856724046	0.00180423974755283	0.638339373206492	"IS09"	0.638339373206492
"CDKL4"	"CDKL4"	0.0519221320971342	0.363223858891843	0.311068318040895	0.107806190167869	-0.168315742357091	-0.329688639806608	0.226623258568983	0.0418261013367404	0.627630447306238	"IS09"	0.627630447306238
"MLN"	"MLN"	0.0438490092814114	0.369815361216544	0.0445811944851344	-0.0912541329633829	-0.0988453869323359	-0.21817468513904	0.143102809962887	0.0128288394976616	0.556744057218637	"IS09"	0.556744057218637
"SH2D6"	"SH2D6"	-0.000791802626504711	0.4655450660967	0.348709373543247	-0.0733985893071211	0.00104500910192134	-0.41812135285304	0.160989127503027	-0.000875811775399757	0.525456092114808	"IS09"	0.525456092114808
"OR5F1"	"OR5F1"	-0.0239779661430137	-0.0236823066537057	0.0522576286550181	-0.0218400541871305	-0.0248693817848161	0.000480336023763697	-0.0190048734689794	-0.00903263424745529	0.524250635897893	"IS09"	0.524250635897893
"TRPC7"	"TRPC7"	-0.0344558225236791	0.182181290042138	0.0355718885692226	-0.177751843521563	0.0467104177358944	-0.124994437127024	-0.0445970667918899	0.00332463624367697	0.418580506989964	"IS09"	0.418580506989964
"KCNN3"	"KCNN3"	0.134496749815552	-0.0261046878571109	0.00455577099751812	0.00609881373294966	-0.126232797310507	0.0333803642716789	-0.0987936098498455	0.0219900824662435	0.272410959515433	"IS09"	0.272410959515433
"IL12B"	"IL12B"	-0.312002982087463	0.131925780860382	-0.0524802681071182	0.0114888597271109	-0.0406984194432989	0.118062032054313	-0.091356226088161	0.0626151994740691	0.142645808022176	"IS09"	0.142645808022176
"MBOAT4"	"MBOAT4"	-0.14508415056634	0.037291442179067	-0.0198989937648069	0.0572630087160996	-0.0277296149115295	0.0144229869972573	-0.0865488892429501	0.0621144157026994	0.137470961805313	"IS09"	0.137470961805313
