"IS01"	"IS02"	"IS03"	"IS04"	"IS05"	"IS06"	"IS07"	"IS08"	"IS09"
"GNG8__pos"	22.2311369569834	9.00014556688689	13.3480661652474	16.2678689943382	3.28975050272709	20.9848431489708	31.7120103485599	52.2767461089931	25.2539997403009
"DTHD1__pos"	67.6303209655414	19.2426392320311	2.22044604925031e-16	39.8011899333934	0.998725617985673	2.22044604925031e-16	2.22044604925031e-16	28.7849675440127	2.22044604925031e-16
"IL17REL__pos"	0.000929997079124929	47.6353726439749	2.22044604925031e-16	1.97995984545917	4.61085590622194	1.1667313413414e-06	2.22044604925031e-16	42.2641382102985	70.6457621661447
"CER1__pos"	2.22044604925031e-16	2.22044604925031e-16	4.11523557975688e-05	23.0256184778822	2.22044604925031e-16	2.22044604925031e-16	2.22044604925031e-16	2.22044604925031e-16	220.749381055931
"LPAR4__pos"	5.02577639626957	28.0515074319102	13.9634862349876	40.2592120654146	8.91829202348851	12.9356146352203	92.7651098438284	28.9305248690119	6.44456842132688
"GPR15__pos"	55.6547836461762	7.8754865055363	2.09019580217524	28.3205005504039	2.22044604925031e-16	2.22044604925031e-16	2.22044604925031e-16	68.131032236756	2.22044604925031e-16
"HMHB1__pos"	27.1925494930692	14.2278187958761	26.8917725249821	22.3667792452672	12.6341989309411	29.5616667530718	23.5273931915818	55.0042619887559	8.57051475204874
"CD5L__pos"	21.1532518845983	28.4308805570833	20.5846538667087	66.4975652500713	8.34668876706332	6.11208677869275	16.8728830679745	41.255975825119	12.123406570614
"IGLL1__pos"	44.0669411628206	28.2550804445146	7.57379679219827	2.99738155596628	4.62491355706726	9.91413945019966	34.1689285062269	61.0184804612145	15.1299050937411
"SERPINA9__pos"	94.6493089600506	6.77727318135765	6.59222227619215	13.9452292286994	5.79433011356859	27.2000078911243	3.38819123148622e-05	2.22044604925031e-16	2.22044604925031e-16
"NSMCE4A__pos"	7.91678665122462	74.3342545256881	9.97351555407645	8.96623877730439	19.6815686873833	20.7781484498362	18.9809655421157	13.7392330231663	8.59206402034479
"TNR__pos"	25.0410954167777	57.6381984890633	11.2026544445991	51.5542958039431	7.23969612340659	2.22044604925031e-16	0.687966603627091	2.95236582125071	52.7217056900525
"CLEC4G__pos"	16.3850559327155	2.33901169974446	14.2645644132586	90.9375373985351	2.25931296007975	17.7732947203133	22.1490350591517	31.487813269661	0.0120422528730283
"SSTR3__pos"	45.3067341206499	2.22044604925031e-16	9.77018128809122	12.4697781161629	2.22044604925031e-16	2.22044604925031e-16	14.4272890325137	73.5236326923255	48.9643595338403
"FCAMR__pos"	124.164444261406	5.63534842349488	7.49389011106669	2.22044604925031e-16	7.09800880402811	6.43996727851875	3.35029948733372	2.22044604925031e-16	2.22044604925031e-16
"CR1__pos"	59.816060242816	6.29878896332723	2.9407590072004	58.0404238345861	2.22044604925031e-16	2.22044604925031e-16	2.22044604925031e-16	51.775274134266	8.95889283811824
"CLEC4M__pos"	19.9280887972484	56.0665969874668	15.1795773828244	76.2527041654251	7.56345812528505	4.70505968026159	4.79715969590481	10.1825310822908	0.0112719116287866
"LYL1__pos"	83.8706839622607	2.22044604925031e-16	0.0269538366601079	50.7830284446987	2.22044604925031e-16	2.59963625087578e-16	36.9886404176792	28.3183180071355	2.22044604925031e-16
"RGS13__pos"	76.9606006246746	6.63560938932297	1.68029831341401	67.8263835336695	2.22044604925031e-16	5.41808031269095	2.22044604925031e-16	20.5646760984468	2.22044604925031e-16
"IL12RB1__pos"	32.3608386036053	2.22044604925031e-16	3.19365416428628	15.9302944682187	28.4450181389278	0.00240309768660802	0.000201253137330291	73.3057873310094	4.20073714537177
"CDKL4__pos"	2.90986170184927	72.8621233871152	17.8104938770039	19.2220559875037	4.06051695385353	0.000526098280548835	18.1616740876228	19.3489163731418	57.341956268593
"CCL21__pos"	55.355898948307	2.22044604925031e-16	2.22044604925031e-16	83.9107785604126	2.22044604925031e-16	12.6124626509486	4.39212919082962	36.8394266515711	2.22044604925031e-16
"HPGDS__pos"	0.486725268802758	2.22044604925031e-16	2.73297906969001	102.443325020797	2.86371070270882	10.4670713772883	2.46362030148836e-07	26.7432925797506	2.22044604925031e-16
"ZNF44__pos"	5.76590482098429	120.568574105824	2.22044604925031e-16	12.4904649212469	4.88060996587007	2.44994906154267	5.42991341372962e-07	9.18831900631518e-16	2.55503756669967
"ZNF804A__pos"	10.7880046963495	30.2305483762793	7.0082263010441	28.2090875705381	2.22044604925031e-16	16.0958886550712	2.22044604925031e-16	47.1011233500628	41.3173468225005
"IL16__pos"	25.6868996446962	39.4064887109684	3.08489412840735	26.6979286025358	2.22044604925031e-16	29.6753560821903	2.22044604925031e-16	51.0879861620986	0.0700754553550925
"STAG3__pos"	25.8755342042636	82.689796995565	5.52211753635889	7.47539308413725	0.977089802729491	2.22044604925031e-16	11.7380952190774	22.0930468946245	29.829606955243
"IKBKB__pos"	4.14213186918693	132.011664541051	9.00504046602481e-08	2.22044604925031e-16	7.66144885112987	2.22044604925031e-16	17.8520883085008	8.50163528645386	2.22044604925031e-16
"TIGIT__pos"	29.4623888932975	0.00230773829316893	1.18454105010601e-13	8.93185336384321	50.5805200958185	2.22044604925031e-16	4.38543998610547	42.731658372128	11.1351391870736
"ITM2A__pos"	1.66429134558179	32.3128856582051	2.22044604925031e-16	55.4565897399278	2.22044604925031e-16	29.7351104729424	2.22044604925031e-16	38.8557703940145	8.37858161179866
"MLN__pos"	6.46346072901601	68.8409481930925	8.9894597986439	2.22044604925031e-16	0.0220321191580643	2.22044604925031e-16	20.5060283008623	11.8778580581883	68.9103424295661
"AKAP2__pos"	24.0430445470566	11.4652839511347	7.89338195395472	8.22710414309897	32.1313618108607	15.9181379411962	12.5519030626461	29.8470687284039	1.67993949563451
"SEPT1__pos"	82.8746994139238	20.1674770307073	1.41216207385045	14.1972315751301	8.79106205433773	28.0591377594166	12.5190619224558	2.22044604925031e-16	6.22396224226121
"RAB3C__pos"	5.10749881434843	2.22044604925031e-16	6.72350561293378	70.0498062952201	2.22044604925031e-16	5.80702567706013	2.22044604925031e-16	19.5651622685643	104.051154669964
"GRAPL__pos"	72.2649577719112	46.7517203711653	9.00796462185996	56.9650095196448	2.22044604925031e-16	2.22044604925031e-16	1.72621348077526	2.22044604925031e-16	2.22044604925031e-16
"GPR18__pos"	54.8295681217574	2.97061958237468	2.22044604925031e-16	5.53115240246405	2.22044604925031e-16	2.22044604925031e-16	0.203437359983369	106.061023286777	2.22044604925031e-16
"CXCL13__pos"	92.6440036237549	2.22044604925031e-16	2.22044604925031e-16	2.22044604925031e-16	2.22044604925031e-16	5.37469997294007	2.22044604925031e-16	74.0195824659853	4.77732011317044e-12
"B3GAT2__pos"	0.76834859177564	52.0111247365851	1.65965578765785	7.76226581854459	2.22044604925031e-16	2.22044604925031e-16	2.07057806701138	2.22044604925031e-16	113.768902987152
"ZNF781__pos"	4.14136794639267	23.7691323753026	20.3537051386736	61.0448324456319	2.22044604925031e-16	2.22044604925031e-16	59.5975454280047	2.22044604925031e-16	22.1207923467993
"CNR1__pos"	23.3965373844498	18.526310166314	8.2144442198085	87.6363497836486	2.22044604925031e-16	2.22044604925031e-16	2.22044604925031e-16	2.22044604925031e-16	64.0864612637722
"STAB2__pos"	19.9617884185341	47.5694124112579	7.78527365111651	96.1990618785584	2.22044604925031e-16	2.22044604925031e-16	2.22044604925031e-16	2.22044604925031e-16	1.86849977079029e-06
"FAM180B__pos"	7.76842319902527	18.5467448266821	2.22044604925031e-16	113.615459372516	3.1144077155559	2.22044604925031e-16	4.70132771219125	2.22044604925031e-16	1.20799353161371
"FCER2__pos"	146.469650352227	2.22044604925031e-16	2.22044604925031e-16	17.069226098137	2.22044604925031e-16	2.22044604925031e-16	2.22044604925031e-16	2.22044604925031e-16	2.22044604925031e-16
"FAM129C__pos"	90.7227510825015	74.2420586372424	9.65330981345818	3.5981469356476	2.22044604925031e-16	2.22044604925031e-16	0.0101582943977789	2.22044604925031e-16	5.02697194798268
"SASH3__pos"	27.9846266283595	0.00398968383232561	0.0115936939655085	14.3587180684914	2.22044604925031e-16	12.6653071069512	2.22044604925031e-16	110.240213707799	2.22044604925031e-16
"NOX3__pos"	2.22044604925031e-16	2.22044604925031e-16	149.718359968623	2.22044604925031e-16	2.22044604925031e-16	2.22044604925031e-16	2.22044604925031e-16	2.22044604925031e-16	2.22044604925031e-16
"PAX4__pos"	2.22044604925031e-16	2.22044604925031e-16	250.569850678154	2.22044604925031e-16	2.22044604925031e-16	2.22044604925031e-16	2.22044604925031e-16	2.22044604925031e-16	2.22044604925031e-16
"ITK__pos"	47.3713073718798	2.22044604925031e-16	1.31551318267481	17.4243005343531	39.147864031299	2.22044604925031e-16	5.25250719023568	46.334785926169	1.39799340220008
"PVRIG__pos"	90.5153288736327	38.4552460707775	2.29428091366761	8.43755567953674	0.441400597375625	6.32690607712508	5.91993044143134	10.8767240246566	7.28595090465375
"BCL2A1__pos"	3.3296907658098	34.5476778528477	3.69197850296312	24.4545012922971	15.4920067372145	50.4394639938015	8.74084363198672	22.177486695309	11.3221740678683
"IQCJ__pos"	2.22044604925031e-16	2.22044604925031e-16	263.692110266121	2.22044604925031e-16	2.22044604925031e-16	2.22044604925031e-16	2.22044604925031e-16	2.22044604925031e-16	2.22044604925031e-16
"LILRA1__pos"	6.54897907604703	15.0611662152226	5.27095679831726	63.327339519265	7.44043520224721	34.6707429858201	2.22044604925031e-16	37.4690012752311	6.54157158607998e-10
"UBASH3A__pos"	31.0795270795891	2.53704408096195e-13	5.14012202628903	11.5863128242363	68.2558628490473	2.22044604925031e-16	6.93950902303904	22.1086514962149	13.0075805739782
"CYTIP__pos"	23.7261780674167	3.549282421018	4.04881284566321	16.2931483645527	70.8376964869141	3.22989098627768e-06	9.55496085695896	22.3910988986333	0.820288099972
"TCL1A__pos"	153.76173235957	2.22044604925031e-16	2.22044604925031e-16	0.446183373538062	2.22044604925031e-16	2.22044604925031e-16	2.22044604925031e-16	2.56941352076486	0.92352976491533
"UTF1__pos"	2.22044604925031e-16	2.22044604925031e-16	191.890061149864	2.22044604925031e-16	2.22044604925031e-16	2.22044604925031e-16	2.22044604925031e-16	2.22044604925031e-16	2.22044604925031e-16
"OR5AK2__pos"	2.22044604925031e-16	2.22044604925031e-16	155.386916705945	2.22044604925031e-16	2.22044604925031e-16	2.22044604925031e-16	2.22044604925031e-16	2.22044604925031e-16	2.22044604925031e-16
"GOLGA8R__pos"	4.41141075422111	117.736866892481	2.22044604925031e-16	58.8162368465827	2.22044604925031e-16	2.22044604925031e-16	2.22044604925031e-16	2.22044604925031e-16	2.22044604925031e-16
"SH2D6__pos"	2.66865808858928	97.2171883033533	6.67661613425531	4.67524095529707	8.36516899627892	2.22044604925031e-16	20.1853814616939	9.05902294506523	53.4419518279874
"PAX5__pos"	146.904264631711	5.76339002786784	0.631777719956351	2.22044604925031e-16	3.29102328053219	2.38679324492476	3.37692903385938	0.000239102474372078	35.0808883139298
"RASAL3__pos"	26.6548071602999	2.22044604925031e-16	2.22044604925031e-16	16.1080107363578	52.3976392059235	2.22044604925031e-16	2.31670972513402	45.8786107188945	3.31331925943064
"NLRC3__pos"	73.3270559030855	37.3661704258685	1.85941772755544e-07	11.8940778026611	2.22044604925031e-16	22.6761375694981	1.87574730058215e-11	11.8246944222577	2.81422471893097
"PPP1R17__pos"	7.81689786784069	2.22044604925031e-16	86.8835273488734	74.8997972708137	2.22044604925031e-16	2.22044604925031e-16	2.22044604925031e-16	2.22044604925031e-16	28.5517935311902
"CR2__pos"	143.949243202669	3.61412603159974	2.22044604925031e-16	2.22044604925031e-16	2.22044604925031e-16	2.22044604925031e-16	2.22044604925031e-16	2.22044604925031e-16	19.6346236517695
"FCRL1__pos"	159.556654759342	2.22044604925031e-16	0.000901425403747724	9.06448591432375	2.22044604925031e-16	2.22044604925031e-16	2.22044604925031e-16	2.22044604925031e-16	2.22044604925031e-16
"GPM6A__pos"	2.22044604925031e-16	2.22044604925031e-16	0.12862583127708	97.4151924564302	2.22044604925031e-16	2.22044604925031e-16	4.99047194310102	2.22044604925031e-16	1.60345230994516e-12
"NPBWR2__pos"	2.22044604925031e-16	2.22044604925031e-16	220.832612389789	2.22044604925031e-16	2.22044604925031e-16	2.22044604925031e-16	2.22044604925031e-16	2.22044604925031e-16	2.22044604925031e-16
"ABCB11__pos"	20.7466717906816	36.8323430113175	2.22044604925031e-16	28.0991546944115	5.22845491136947	1.89800355617931	2.22044604925031e-16	2.22044604925031e-16	2.22044604925031e-16
"ARHGAP25__pos"	99.594322534589	2.22044604925031e-16	2.22044604925031e-16	29.6465405064651	2.22044604925031e-16	2.22044604925031e-16	2.22044604925031e-16	29.4613748528218	2.22044604925031e-16
"PASK__pos"	7.46196823761926	82.3914061441873	2.22044604925031e-16	2.22044604925031e-16	9.00400415241981	2.22044604925031e-16	12.5946545093799	45.996744906921	17.2243917913393
"TTC24__pos"	43.8892889875801	24.24094407734	4.98095885789674	0.839261153258639	2.22044604925031e-16	2.22044604925031e-16	2.22044604925031e-16	86.1620751485723	6.70339376754559
"BLK__pos"	157.512548597987	24.5660924081893	2.22044604925031e-16	2.22044604925031e-16	2.22044604925031e-16	2.22044604925031e-16	2.22044604925031e-16	2.22044604925031e-16	2.22044604925031e-16
"CD79A__pos"	149.580387223707	2.22044604925031e-16	2.22044604925031e-16	2.22044604925031e-16	2.22044604925031e-16	2.22044604925031e-16	2.22044604925031e-16	24.6762766542423	2.22044604925031e-16
"PPIAL4F__pos"	2.22044604925031e-16	2.22044604925031e-16	134.842904313479	2.22044604925031e-16	2.22044604925031e-16	2.22044604925031e-16	2.22044604925031e-16	2.22044604925031e-16	2.22044604925031e-16
"VPREB3__pos"	160.294970301429	2.22044604925031e-16	0.306851324010092	2.22044604925031e-16	4.15915146607443	3.29780727384824	5.13591958706741	2.22044604925031e-16	10.2115559982844
"FAM153C__pos"	1.10191647273092	105.686968777138	9.0582296913651	0.691251450154381	2.22044604925031e-16	2.22044604925031e-16	8.68039788563041	2.22044604925031e-16	7.3200493640404
"ZAP70__pos"	19.1426616123981	1.35424218674425	2.22044604925031e-16	13.1807134036083	64.2985969609097	3.31670215240432e-05	4.57660273905378	38.6344409482858	6.38388038462526
"RAC2__pos"	81.4035609007182	2.22044604925031e-16	1.31734020212864	3.25078890358327	2.73753470170139	20.0501693365336	10.1998023609071	49.5464160534105	2.22044604925031e-16
"AC087651.2__pos"	2.22044604925031e-16	2.22044604925031e-16	2.22044604925031e-16	2.22044604925031e-16	2.22044604925031e-16	2.22044604925031e-16	103.187297905674	2.22044604925031e-16	2.22044604925031e-16
"EPB42__pos"	6.13081389584819	83.2263324882133	5.1964352964894	52.3651000963751	6.26912731192099	2.22044604925031e-16	14.2161970060537	2.22044604925031e-16	0.0161754244193287
"DEFA1__pos"	6.07581635185607	2.22044604925031e-16	1.46486694582061	80.7219846038551	0.953314104525994	20.6516611798921	88.6692508390403	7.24885892570022	2.22044604925031e-16
"C7orf72__pos"	2.22044604925031e-16	2.22044604925031e-16	92.0684861287051	2.22044604925031e-16	2.22044604925031e-16	2.22044604925031e-16	2.22044604925031e-16	2.22044604925031e-16	2.22044604925031e-16
"MS4A1__pos"	171.643455232858	2.22044604925031e-16	2.22044604925031e-16	2.22044604925031e-16	2.22044604925031e-16	2.22044604925031e-16	2.22044604925031e-16	2.22044604925031e-16	2.22044604925031e-16
"P2RX5__pos"	98.8407255568161	2.22044604925031e-16	5.42364968890598	2.22044604925031e-16	17.0298651778558	1.23877086518827e-10	28.6385131702408	22.0559852347078	15.1529548054975
"MYOCD__pos"	2.22044604925031e-16	2.22044604925031e-16	2.22044604925031e-16	164.622832535558	2.22044604925031e-16	2.22044604925031e-16	2.22044604925031e-16	2.22044604925031e-16	2.22044604925031e-16
"GCG__pos"	2.22044604925031e-16	2.22044604925031e-16	175.803210720354	0.205480797673822	2.22044604925031e-16	2.22044604925031e-16	2.22044604925031e-16	2.22044604925031e-16	2.22044604925031e-16
"LRMP__pos"	83.8103430883974	48.9044855003309	0.409852110743023	48.524544105037	0.733184962121489	2.22044604925031e-16	2.22044604925031e-16	1.08513057631138e-06	1.4967564728267e-05
"DEFB108B__pos"	2.14477049113762	117.611434351203	13.3330882294381	15.3983586933066	2.22044604925031e-16	2.22044604925031e-16	2.22044604925031e-16	2.22044604925031e-16	7.64770471468029
"CLEC17A__pos"	140.968220549518	9.753147487335	2.22044604925031e-16	5.84108665242525	2.22044604925031e-16	2.22044604925031e-16	2.22044604925031e-16	23.5875723185338	2.22044604925031e-16
"SELL__pos"	58.0254926970266	5.76934885589382	2.22044604925031e-16	13.6695774611372	2.22044604925031e-16	2.22044604925031e-16	2.22044604925031e-16	94.4859974060519	2.22044604925031e-16
"MBOAT4__pos"	0.928654506391449	19.642386617273	2.22044604925031e-16	16.0965448374827	16.8185198156456	23.1820514805667	2.22044604925031e-16	30.5269176913833	17.884366459941
"SIRPG__pos"	22.9636825112371	2.22044604925031e-16	3.01391597752829	8.07335517373324	54.8012382154961	2.22044604925031e-16	4.52513997134803	47.697558920871	16.0444832054805
"FXYD7__pos"	45.9402348065352	2.22044604925031e-16	0.692732737178384	10.0894168218389	2.22044604925031e-16	2.22044604925031e-16	44.588516916383	2.37101803355382	89.6763410124756
"TAS1R3__pos"	0.249896178126115	2.78686195513145e-14	8.32512840019178	2.22044604925031e-16	2.22044604925031e-16	2.22044604925031e-16	1.14423982792581e-15	3.91964943347372	159.081566933271
"ACKR1__pos"	21.3564712776978	2.22044604925031e-16	2.22044604925031e-16	104.40249656393	2.22044604925031e-16	7.95098795972575	12.3185682061049	18.5442747323542	2.22044604925031e-16
"AICDA__pos"	45.2820145754068	83.3348908863934	17.5591869368502	16.5147730677323	4.81669376352082	2.22044604925031e-16	15.1884046884208	11.0536602318747	5.90055138939569
"CD1B__pos"	32.278818730172	2.22044604925031e-16	1.47576920977237e-11	8.05711058578132	2.22044604925031e-16	2.83174895707428	2.22044604925031e-16	93.1575869825809	2.22044604925031e-16
"PIK3R5__pos"	24.7894694804938	6.407952377188	2.22044604925031e-16	20.4219612309765	41.1019613507855	2.22044604925031e-16	15.1289978148622	53.3250266876355	5.7602402862591e-10
"LTB__pos"	2.02092592659696	2.22044604925031e-16	4.89412592130481	2.79747498291565	2.22044604925031e-16	13.0174226485119	28.2524993105159	121.680174842491	1.86074097338017
"ZNF675__pos"	2.22044604925031e-16	103.119082609165	2.22044604925031e-16	2.22044604925031e-16	3.41259839658529e-16	2.22044604925031e-16	2.22044604925031e-16	2.22044604925031e-16	20.7856413723319
"TFEC__pos"	9.17120136791038	51.6481081461036	0.994578232159676	13.1747718316923	2.22044604925031e-16	64.4695211197536	2.22044604925031e-16	21.578311423824	9.72746598282061
"CCR7__pos"	5.46561866583139	20.671493563269	1.79767180550284	16.4371451225938	2.22044604925031e-16	15.4691340325788	2.29469060881045e-05	107.657987085399	0.559360088791508
"IL12B__pos"	2.11266206728816	53.7927985749637	3.09473698282063	12.152865207277	12.4262375598046	48.2271338908845	5.16677708324872	30.834737454803	6.53539084593704
"TRAF3IP3__pos"	6.12148839708627	25.9532850377228	1.20600665198484	16.7880593507403	2.22044604925031e-16	36.528432537442	14.2928817985536	74.842312761778	2.22044604925031e-16
"LY86__pos"	15.0706247557484	0.644001151613201	9.86998382831156e-05	9.13873966155153	51.7817021250793	2.22044604925031e-16	16.3708511301313	58.3750676337932	1.83550202549613
"WDFY4__pos"	2.30613290642446	10.867644607675	0.685881985842104	15.2103801716672	2.22044604925031e-16	21.6509858781781	15.7350744552736	101.965915125749	2.52705870986396
"LAIR1__pos"	18.0622175111867	29.8200250412027	1.2394653836767	9.99144290382392	13.1040931102605	39.6605140079378	12.8504570789052	41.2790321275553	10.0465632778201
"C2CD5__pos"	3.25930089601486	134.562294111096	2.22044604925031e-16	6.15083879553907	2.79535452386496	3.64003276384825e-11	2.22044604925031e-16	7.44465626795725e-15	9.75654090300807
"FLT3__pos"	9.11652054928477	28.3573076170488	1.07124167349124	24.4415034560407	2.22044604925031e-16	2.22492269147206e-14	2.22044604925031e-16	85.1736991647281	2.22044604925031e-16
"FGD2__pos"	25.1214686330849	5.90487017172966	1.61853435374888	16.4467001066436	52.4467701808423	5.57012574603793	12.8804167507145	38.524067898942	3.76352826953368
"NCF1__pos"	24.2011805372988	29.6211550476579	8.38566869444133	13.4932415970159	9.925101190921	41.8116661909541	8.19628648360719	36.4114202017786	10.6513781279966
"TLR10__pos"	109.273172113734	2.22044604925031e-16	2.22044604925031e-16	10.3580359775873	2.22044604925031e-16	2.22044604925031e-16	2.22044604925031e-16	57.0161866152036	2.22044604925031e-16
"STMN4__pos"	2.22044604925031e-16	2.22044604925031e-16	1.77834524785667	0.357131229372952	2.22044604925031e-16	2.22044604925031e-16	2.22044604925031e-16	2.22044604925031e-16	140.694163475792
"TAS2R42__pos"	5.29554916851398	102.915236149399	24.1567544250132	4.79831711858319	11.5105755941714	2.22044604925031e-16	1.51375361222282e-14	15.1924721797624	21.5836030840053
"ARHGEF18__pos"	0.83467623610118	37.7373146393822	0.728042693843959	11.950914354712	22.4066542318249	38.3334671608202	0.242307958881493	36.8623549271716	2.9164611483906
"HEMGN__pos"	45.1826053918345	48.9313659684604	9.58705345713733	49.9229226717286	5.91983626948288	3.5121612188669	6.82302719732336	32.4605052868747	11.2154553317018
"TREML1__pos"	0.905772564359512	46.7790666198101	4.19247558375293	11.1938700750766	6.56004307576923	58.927424308728	2.22044604925031e-16	35.7607285838253	2.05954225618195e-09
"GAS7__pos"	3.86097417226531	30.360787784536	4.02477052432011	34.0494786358874	16.0103114913818	25.4689038346317	0.0163898230508064	50.0064636760731	1.65861104367247
"SPDYE4__pos"	19.2415810228138	91.6034580449547	2.96244362158231	25.0193051635444	3.87074442716282	2.22044604925031e-16	14.3878687375862	13.13634162239	3.31061331559941
"UBTFL1__pos"	6.03932313092764	2.22044604925031e-16	15.610264116117	2.22044604925031e-16	2.22044604925031e-16	2.22044604925031e-16	2.22044604925031e-16	1.19022352290526e-11	164.307343677309
"KLRK1__pos"	23.5622420963729	3.58436299721771	5.1719148349854	18.4097468629051	54.4419330140446	3.00813766147232	0.0258220885794094	42.921599951079	6.3842679532138
"MAP3K10__pos"	2.22044604925031e-16	54.1174750579907	6.9733259855894	2.22044604925031e-16	2.22044604925031e-16	2.22044604925031e-16	117.087052903796	2.22044604925031e-16	24.6478951821996
"CCL19__pos"	3.62073799384912	2.22044604925031e-16	1.75925617341829e-11	23.0888185601752	2.22044604925031e-16	8.55421647315267	2.22044604925031e-16	124.113042496528	2.22044604925031e-16
"CNTNAP1__pos"	8.74670898896011	66.5918774993988	2.20442457147682	41.2485170715593	7.73601283309845	6.48556184035585	3.86952655065649	26.9790291202645	12.8834880164606
"MLANA__pos"	6.94063293630521	122.630396528845	2.22044604925031e-16	12.9835683556555	3.74379168346216	0.000311002889317149	2.22044604925031e-16	8.85187182253093	2.22044604925031e-16
"WNT1__pos"	40.0872018203471	64.5909393231814	11.8167739572135	14.7366795242251	2.73425377783211e-05	2.22044604925031e-16	6.45577517359301	35.7087594393866	33.6623420015071
"IL18RAP__pos"	26.84985843033	2.85420188038692	1.19489079443372	13.438762017893	43.1172184937961	4.60552049416913	12.3170578015754	47.1966429346704	1.70951352727641e-07
"GABRR3__pos"	2.21794354145395	23.4194964137317	11.6510071513709	2.22044604925031e-16	2.22044604925031e-16	1.31144195476132	0.115292875503875	3.69498675419301	104.824395215315
"GP1BA__pos"	55.8973805998956	60.0637474347984	2.22044604925031e-16	18.7279182481973	3.92013123540988	16.8024750414321	2.22044604925031e-16	2.12584554195373	4.57731117271512
"P2RY8__pos"	2.22044604925031e-16	30.7258739709969	2.47570134102552	30.429827989602	2.22044604925031e-16	25.0384816435498	2.22044604925031e-16	81.7981293433951	3.79724661049639
"PRPH__pos"	2.22044604925031e-16	2.22044604925031e-16	2.22044604925031e-16	29.866908120637	2.22044604925031e-16	0.000195138400834458	18.1477350466652	2.22044604925031e-16	189.769436343885
"RP11.330H6.5__pos"	8.51551716944238	17.4533936089156	9.08544079099857	20.257464873276	5.17907824354298	10.7163264559219	28.4280782117553	78.4478674194465	17.1639050885673
"ARHGAP30__pos"	19.6398633038519	2.79886154590179	2.46335011594462	22.4530732506978	52.0240377897576	7.1137549306634	15.1900427387483	38.2901745496357	0.391221473519444
"CH507.9B2.2__pos"	22.932386575376	53.6615948880797	7.85559989967768e-08	1.3422811651676	5.977969116458	6.78206251336155	34.8010727801365	7.7339146009201	95.0972347160552
"LINGO3__pos"	48.0730833146085	26.9195373388077	6.48139893726657	14.1596567676305	2.61708740287311	2.22044604925031e-16	22.9969373744099	49.708054986785	41.1308940929639
"MEF2B__pos"	14.188465543724	0.108939067640568	3.00096305732037	26.6083683113321	41.6454119403995	56.8019312205008	2.22044604925031e-16	15.8067987913973	6.63975993651605e-12
"TLR9__pos"	1.69896169910643	52.458957904733	5.17031009194781	31.5381046345837	15.313212782047	0.00166627551273577	3.00460110497523e-10	65.0179067137553	8.24151796397779
"GAPT__pos"	23.2466973177466	20.4363349048576	2.22044604925031e-16	32.7704108247286	2.22044604925031e-16	24.7891279476767	2.22044604925031e-16	70.3247680923438	2.22044604925031e-16
"RGL4__pos"	28.8414792505814	54.5856140006981	4.01094191538543	21.8294267055554	2.05351374105997	56.6291432009183	2.22044604925031e-16	5.32416678886033	1.51651281766955
"VIP__pos"	0.955983301826048	2.22044604925031e-16	1.55540865152726	129.933735906163	2.22044604925031e-16	2.22044604925031e-16	10.2763723081817	2.22044604925031e-16	13.9185581039631
"CCR6__pos"	34.7882186644638	7.98737830141215	2.26843588040503	8.37460219121019	71.2390382997014	9.43493190088149e-05	9.62755709979807	13.8131212945691	9.11149753509709
"NCR3__pos"	52.9742349055412	2.22044604925031e-16	3.63302055551459	13.1931571384158	2.22044604925031e-16	0.000817407364517744	4.3473947307537	102.347243343623	2.22044604925031e-16
"CD28__pos"	34.2989143328158	2.22044604925031e-16	2.22044604925031e-16	15.1250501264831	56.9882327344534	2.22044604925031e-16	10.9848931596423	39.8398043747671	2.22044604925031e-16
"H3F3C__pos"	32.509207298251	46.044543085797	20.2682484749316	8.20003791937134	9.30823180641689	24.2124800968573	19.1445496029798	14.0075515548473	8.78572628017066
"PDE2A__pos"	2.22044604925031e-16	5.12594592905768	7.18211400447759e-08	122.070031779911	8.95466742383759	2.40956677191241	7.50888077236706	4.81416747255321	1.08730018842693
"SPIC__pos"	62.2114422206868	22.0000039914673	15.3559469259427	2.92160811328775	1.06907208182751	11.0449740007069	2.22044604925031e-16	58.4937528444524	24.985713897489
"FAM133B__pos"	1.0089557158041	97.0783313708653	2.22044604925031e-16	3.71964322609084	9.484777641486	6.38572398579741	9.06031243239619e-12	9.21765305447965	9.69310669564227
"TNFSF8__pos"	2.22044604925031e-16	32.1274963465635	1.05012876261054	24.5553661469453	2.22044604925031e-16	37.6714664328928	2.22044604925031e-16	76.6189941523978	2.22044604925031e-16
"STAP1__pos"	97.3599787532198	2.22044604925031e-16	2.22044604925031e-16	13.7333128484186	2.22044604925031e-16	2.37789170187752e-16	2.22044604925031e-16	62.3165243733248	7.67517875873332
"BHLHE22__pos"	13.8977281985195	17.7404508664109	3.43241517339042	43.8293607751737	2.34999551387422	28.5086622541531	14.0398833852689	45.7397421229973	15.4792386371839
"OR52N4__pos"	20.3805830409271	14.1555934725899	9.17349938073837e-16	4.98421263888339	50.2323410284279	40.7748903838604	13.4279593589457	12.9009289184871	9.55114786715248
"FAM78A__pos"	15.4511715714807	3.31782544798593	0.000608028667270671	18.1316422321999	56.1595796813481	12.4745683544325	7.67912532833081	38.0080144917293	0.138036379589505
"SCML4__pos"	48.9106109554494	2.22044604925031e-16	5.94441425717026	10.160252717071	77.441181592825	1.39524397745205e-09	2.22044604925031e-16	9.26494549856847	2.94156583439881
"BORCS7.ASMT__pos"	2.22044604925031e-16	2.22044604925031e-16	2.22044604925031e-16	2.22044604925031e-16	2.22044604925031e-16	2.22044604925031e-16	166.281737181143	2.22044604925031e-16	2.22044604925031e-16
"INS__pos"	2.22044604925031e-16	2.22044604925031e-16	148.440567431245	2.22044604925031e-16	2.22044604925031e-16	2.22044604925031e-16	2.22044604925031e-16	2.22044604925031e-16	2.22044604925031e-16
"CD22__pos"	115.523133047581	28.3967399737209	9.83423727084604	28.5091321633533	2.22044604925031e-16	2.20413983210746	2.85323760227439e-06	4.22989837538532e-06	13.2796839203199
"DNAJC5B__pos"	10.6144738558437	9.57298178786097	2.4704763022732	24.8859199127425	14.7851913304606	5.20778590943465	8.90026241467505e-06	66.0075489478057	10.2356091267185
"ANKRD34A__pos"	0.549991546462175	65.5506114107252	2.22044604925031e-16	15.5487263289219	4.50369207365442	2.22044604925031e-16	0.00228303308165488	7.77907952970285	89.9480188636431
"NMS__pos"	2.22044604925031e-16	2.22044604925031e-16	150.118711444005	2.22044604925031e-16	2.22044604925031e-16	2.22044604925031e-16	2.22044604925031e-16	2.22044604925031e-16	2.22044604925031e-16
"KDM8__pos"	6.1973893873699	73.4169335762085	9.73173653937003	5.24188380856617	7.24452562024045	9.82139482371354	12.6284604690286	5.75466028424278	14.1403676544759
"PYHIN1__pos"	41.0885080900115	2.22044604925031e-16	3.58606538436396	13.2689001968504	48.7749306895285	2.22044604925031e-16	4.41261112796487	40.6744204660376	6.15856580366404
"KLHL6__pos"	26.1633244481401	8.66388863183361e-06	3.23468351876082	18.4288782817525	56.4846432550957	5.8520988048489	6.99346499478368	37.8064221894483	0.0402801384895783
"CTD.2545M3.6__pos"	40.8225844318217	2.22044604925031e-16	2.3456470277978e-16	2.22044604925031e-16	1.10449271808448	15.3567100152574	81.1580120080214	36.9636496053479	25.1857248717391
"PPP1R12B__pos"	0.46552803213041	9.78330413618618	2.22044604925031e-16	156.716032756773	2.22044604925031e-16	2.22044604925031e-16	2.22044604925031e-16	3.71552816696953e-06	2.22044604925031e-16
"PIK3R6__pos"	27.8156832147812	3.86639514267582	0.806255532674666	19.9372167340322	26.0700418262808	2.22044604925031e-16	13.3701043067735	66.3385444610215	1.06192385906814
"RPS16__pos"	2.37951544751071	2.22044604925031e-16	1.97983416764402	2.22044604925031e-16	8.35892952961494	31.0587987332802	148.373712974899	2.75652946092753e-15	6.14684463013648
"PYROXD1__pos"	3.29771636928768	90.313904919004	2.22044604925031e-16	1.61610380355879	3.82223297270703	5.77529703259168	2.22044604925031e-16	3.95405288427033e-06	6.89295445487545
"FGF23__pos"	2.22044604925031e-16	2.22044604925031e-16	2.22044604925031e-16	2.22044604925031e-16	2.22044604925031e-16	2.22044604925031e-16	223.726756660628	2.22044604925031e-16	2.22044604925031e-16
"ARHGAP15__pos"	27.7260699781129	4.1648462586735	2.22044604925031e-16	18.5121315113856	51.5077149444704	0.682883649952645	5.0155576095171e-12	41.4685163905157	7.82375093226837
"TCL1B__pos"	29.5806575166772	2.22044604925031e-16	2.22044604925031e-16	2.22044604925031e-16	2.22044604925031e-16	2.22044604925031e-16	2.22044604925031e-16	2.22044604925031e-16	114.235793387376
"PEX1__pos"	0.443276087862394	142.368935508098	2.22044604925031e-16	2.22044604925031e-16	5.6375801832037	1.72321108890804e-15	0.706343902134059	1.09877144007159e-14	0.000181590149347466
"FCRL4__pos"	88.9181978102672	3.25581587499149	9.72297361136147	2.22044604925031e-16	2.22044604925031e-16	5.45076964220815	2.22044604925031e-16	65.8234987136635	2.22044604925031e-16
"OR2T2__pos"	2.22044604925031e-16	2.22044604925031e-16	2.05947479024095	2.22044604925031e-16	2.22044604925031e-16	2.22044604925031e-16	2.22044604925031e-16	2.22044604925031e-16	2.22044604925031e-16
"CTLA4__pos"	32.3285563504998	5.13999612023528	6.75604405084617	10.8644081384783	39.547992765368	2.22044604925031e-16	4.08563413157568	53.1573595419541	7.89333532561841
"MRGPRD__pos"	4.56343938292515	61.2800986610118	24.1064049857922	48.7048202114167	2.22044604925031e-16	2.22044604925031e-16	2.22044604925031e-16	2.22044604925031e-16	39.3375797307454
"OR5H15__pos"	2.22044604925031e-16	2.22044604925031e-16	2.22044604925031e-16	2.22044604925031e-16	2.22044604925031e-16	2.22044604925031e-16	2.22044604925031e-16	1.18908116043445	2.22044604925031e-16
"FCRL3__pos"	44.0598171727771	48.6598613599323	4.36927414767771	11.4363159531786	2.22044604925031e-16	2.22044604925031e-16	3.93989784008741	65.3949537851162	0.0394359699440562
"CMTM2__pos"	2.22044604925031e-16	12.3991818715082	3.48312071650952	86.1097027562212	3.43961674270471	0.0287680511448814	69.6190101845729	28.0885439682756	2.22044604925031e-16
"CD2__pos"	29.805237482204	2.22044604925031e-16	0.799214841095997	14.5371258553512	52.0766700189361	2.22044604925031e-16	13.9404081259521	42.943689620507	5.0493028667312
"TP53I13__pos"	0.318155937081032	39.3857841239828	2.8119027948133	2.22044604925031e-16	3.90098370925481	2.22044604925031e-16	124.008944867019	2.64251566477883	18.8986922303392
"HLA.DOB__pos"	12.0644112483421	12.325835811483	2.22044604925031e-16	12.5666219450108	1.03587798689552	27.0350714007724	14.4683938286773	86.3781220107041	7.61952985325776
"EOMES__pos"	24.7565111977427	22.7923313410664	2.22044604925031e-16	13.7033575448106	2.22044604925031e-16	16.3433430081448	1.03945245980165e-11	81.6716383154647	8.99325799339631
"SIT1__pos"	39.9395647320142	2.22044604925031e-16	2.22044604925031e-16	4.71032793747125	2.22044604925031e-16	9.05728029861715	2.15947556243466e-10	108.223352222888	3.57652664285291
"OR8J3__pos"	2.22044604925031e-16	2.22044604925031e-16	78.1575498432376	2.22044604925031e-16	2.22044604925031e-16	2.22044604925031e-16	2.22044604925031e-16	2.22044604925031e-16	2.22044604925031e-16
"KRT72__pos"	43.1214826265603	7.9091937341813	9.98194939552808	6.89573294223971	2.90101350627774	2.22044604925031e-16	24.3190747535179	2.58919236499594	111.310120559022
"CD72__pos"	18.4838040687049	45.1310990590685	6.054479450968	16.1376860401639	9.62182984385816	55.6712180640373	5.47597195434317	16.1664851071765	6.42372386046494
"GNGT2__pos"	17.3220891978915	12.3221042241859	7.30907249864971	16.2459274247067	39.5048425188314	11.0087090271893	6.54642012843514	45.9652283453099	2.22670063417299
"ABCD2__pos"	18.4724904163641	2.22044604925031e-16	2.22044604925031e-16	75.877311500349	2.22044604925031e-16	2.22044604925031e-16	2.22044604925031e-16	70.9426871167648	2.22044604925031e-16
"CNR2__pos"	88.6238595349919	72.2669321295691	8.88288467546699	10.0862914106726	2.22044604925031e-16	2.22044604925031e-16	8.59764982723985	6.84807765910323	7.00505806919027e-12
"SCN11A__pos"	7.89251589114674	33.094749990732	1.22703861093072	88.4370593240745	2.22044604925031e-16	2.22044604925031e-16	2.22044604925031e-16	2.22044604925031e-16	32.7187045821482
"GSX2__pos"	23.6490467285906	15.7919239611012	27.9443726233793	6.04572252600149	1.13570566560189e-12	16.7964271363967	5.79049144694188e-07	2.22044604925031e-16	104.155644415342
"CELA1__pos"	41.7466346465932	30.4786887079404	30.0390951683201	8.54472405768826	2.05343288644981	29.2948896627716	6.52478589424489	15.530658378279	25.7449289498543
"ITGAX__pos"	13.0250445569503	31.2466733182911	6.45731864003066	27.8095263905365	21.2118936363959	30.7560374309448	10.7559524193067	33.1117548883637	0.571929962661403
"NIPSNAP3B__pos"	4.11425590463671e-16	35.9585453516143	2.22044604925031e-16	73.9856720250961	2.22044604925031e-16	2.22044604925031e-16	2.22044604925031e-16	2.22044604925031e-16	43.964314235096
"PDE6H__pos"	2.22044604925031e-16	2.22044604925031e-16	2.22044604925031e-16	2.22044604925031e-16	2.22044604925031e-16	2.22044604925031e-16	2.22044604925031e-16	2.22044604925031e-16	72.4089673707612
"MUSK__pos"	39.2572977652183	39.9885158357016	7.88234638023115	79.9946139397331	3.5280718937078	7.3026146470313	2.22044604925031e-16	5.25931090675757	11.0083760613281
"PMCH__pos"	40.9856319672026	2.22044604925031e-16	5.80220655451167	2.22044604925031e-16	12.0338555669916	23.6731722915304	1.17889318064351e-14	68.7909077895843	20.3612099276141
"CD53__pos"	22.1774448374803	24.7571126014904	9.83279812100417	15.7235078027188	2.22044604925031e-16	43.4433457572926	2.22044604925031e-16	58.0898165047842	2.22044604925031e-16
"CD19__pos"	181.019706634892	2.22044604925031e-16	1.03569052147072	2.22044604925031e-16	2.22044604925031e-16	2.22044604925031e-16	2.22044604925031e-16	2.66993998587472e-15	2.15906433471377
"SHOX__pos"	1.52485237742646	108.058479777503	16.6199983041252	10.0161091251404	2.22044604925031e-16	2.22044604925031e-16	82.8578815628607	2.22044604925031e-16	0.00414455375917827
"CHRDL2__pos"	13.1933393508357	2.22044604925031e-16	4.6979178185195	96.4663749165802	2.22044604925031e-16	23.5844956419461	33.5996787100653	8.99486850144114	3.87374613316433e-10
"SLC12A3__pos"	62.3818681036032	13.8351792694345	10.9705725808538	2.34407920673825	3.72732018004625	2.22044604925031e-16	22.8796275846937	35.461539628168	48.0726744840474
"LILRA4__pos"	36.7933761670418	2.10312049755702	3.27146053429637	17.086933546149	2.22044604925031e-16	22.7354199379811	4.27013483858663e-10	83.2079799427573	4.57781421300689
"RP5.972B16.2__pos"	2.22044604925031e-16	2.22044604925031e-16	2.22044604925031e-16	2.22044604925031e-16	2.22044604925031e-16	2.22044604925031e-16	163.55670408037	2.22044604925031e-16	2.22044604925031e-16
"C12orf42__pos"	69.1739485665423	54.0063920793912	12.2267688591987	2.22044604925031e-16	8.77946633023524	5.61498203363475	2.22044604925031e-16	0.880908443505947	50.0741849071505
"ITGA4__pos"	25.2572585566893	2.22044604925031e-16	6.13947855972913	22.1531124524445	47.0797733261623	5.97472713893075	25.6903200762144	41.3271955124093	2.22044604925031e-16
"MAP3K7CL__pos"	4.912970299849	22.837123783524	6.14609963616627	70.2084684233356	8.47726914495415	2.22044604925031e-16	3.67133122312447	31.3757724856762	0.822143627580825
"FCRLA__pos"	170.063774909892	2.22044604925031e-16	2.22044604925031e-16	2.22044604925031e-16	2.22044604925031e-16	2.22044604925031e-16	2.22044604925031e-16	7.07169451615327	2.22044604925031e-16
"MPZ__pos"	2.22044604925031e-16	2.38500791275603	2.22044604925031e-16	36.7717990570959	2.22044604925031e-16	2.22044604925031e-16	2.22044604925031e-16	0.776670039812027	117.384118595403
"OR6S1__pos"	2.22044604925031e-16	2.22044604925031e-16	84.0794532334688	2.22044604925031e-16	2.22044604925031e-16	2.22044604925031e-16	2.22044604925031e-16	2.22044604925031e-16	2.22044604925031e-16
"NOL4__pos"	2.22044604925031e-16	2.22044604925031e-16	2.22044604925031e-16	2.22044604925031e-16	2.22044604925031e-16	2.22044604925031e-16	2.22044604925031e-16	2.22044604925031e-16	181.824797780623
"CLECL1__pos"	28.5444430654985	14.6215641875157	2.31175452294574	20.6122225933081	2.22044604925031e-16	28.9982059899863	2.22044604925031e-16	72.3666927263828	1.35225656274096e-13
"TEKT3__pos"	9.02841642790506	29.4305531201388	2.29133586726228	86.9700292431683	2.22044604925031e-16	2.22044604925031e-16	45.3148337069589	2.22044604925031e-16	16.4567425474216
"CD247__pos"	15.1108793084879	46.4398046277258	0.00333896102357438	12.0386159215085	2.22044604925031e-16	62.5887928208191	2.08306116929757	33.3154016685244	8.55121033319126e-10
"GPR182__pos"	32.4295974080607	13.5810392339082	4.08266621823729	129.166764526214	0.00207773785797082	0.562437411978363	9.45405660698886	2.22044604925031e-16	1.73721715674155
"CFP__pos"	18.9918268005131	35.1792781212364	2.01250673266858	40.4645249079066	8.30871338131856	52.6767507642932	2.70240381631984	13.6313437971726	12.3788775790998
"HDAC9__pos"	4.24702525113773	30.3002364653367	6.18522048569087	19.0436136236449	2.22044604925031e-16	1.03705751682484e-15	103.908557335447	6.78217644664441	3.57886527287721
"TNFRSF13C__pos"	128.646618936347	34.2959156196796	2.22044604925031e-16	2.22044604925031e-16	2.46417467197997e-08	2.22044604925031e-16	10.4310593878099	2.22044604925031e-16	34.1697066986751
"LCAT__pos"	3.38744004091884e-05	29.6009037899202	4.32986245153043	22.8815590457186	2.22044604925031e-16	2.22044604925031e-16	147.102216399313	2.22044604925031e-16	6.09197061082606e-05
"TBC1D26__pos"	6.13953976192666	58.4621741957991	5.08853494836766	23.5558860611737	1.17260488594963	2.22044604925031e-16	53.324819645298	2.22044604925031e-16	56.0191489545164
"SOX8__pos"	5.54231309708131	2.22044604925031e-16	0.777783328281684	2.22044604925031e-16	2.08252991332567e-15	4.73033702021379	2.22044604925031e-16	2.22044604925031e-16	156.672591831765
"CCR2__pos"	26.347032079681	21.6319972809379	0.695914404799956	13.8102860124505	2.22044604925031e-16	38.0208320545674	2.22044604925031e-16	40.1807502928303	1.93513296144728
"VCY__pos"	2.22044604925031e-16	2.22044604925031e-16	144.607101424693	2.22044604925031e-16	2.22044604925031e-16	2.22044604925031e-16	2.22044604925031e-16	2.22044604925031e-16	2.22044604925031e-16
"TBC1D10C__pos"	68.2033208899308	19.1710989681899	0.241738150986437	15.8732437462018	2.22044604925031e-16	7.70298107501784	15.5757930327907	49.0039953230306	2.22044604925031e-16
"OR4C46__pos"	2.22044604925031e-16	2.22044604925031e-16	15.3636280729066	2.22044604925031e-16	2.22044604925031e-16	2.22044604925031e-16	2.22044604925031e-16	2.22044604925031e-16	2.22044604925031e-16
"NPHS1__pos"	59.1958007036954	40.5872755326876	30.9667193168189	2.22044604925031e-16	2.39835521493391	1.9856274976589	12.6467260358576	1.55493401288678	82.0974445327564
"KLRB1__pos"	33.0178899155604	2.22044604925031e-16	1.24351336502072	21.9709800167909	46.7359019563823	7.90784490003061e-10	8.43403903434105	45.1714574049589	3.38087259168652
"NEIL2__pos"	3.59715438889742	80.5343802135116	1.49804557018438	3.09344544489223	17.1362917812016	19.2854479088697	2.22044604925031e-16	12.0619371432428	15.4137753884947
"LILRB1__pos"	13.37860319676	44.4230862131861	0.835215108038851	19.0482739768155	6.75640364656191	51.1934946903572	10.2038463925691	29.9581936259137	6.3113404016656
"IL21__pos"	29.6058987998058	5.40569965648814	2.60233778187331e-16	2.22044604925031e-16	4.8340494647561	3.44937754910205e-16	2.22044604925031e-16	94.1145920256221	13.2765645272646
"KCNS2__pos"	14.140089907999	18.2527694343903	2.22044604925031e-16	95.9551754679682	2.22044604925031e-16	5.79684465588854	2.22044604925031e-16	25.6563813911608	8.78935390053885
"SLC24A4__pos"	32.7392876980469	33.6056503411193	18.6793993084635	82.8249041512655	9.04444513502034e-07	2.22044604925031e-16	19.340041559825	4.79521956722776e-10	24.040918457843
"MMP21__pos"	3.21982447064717	66.5001593132985	4.97447183950528	38.1408783987162	2.22044604925031e-16	2.22044604925031e-16	2.22044604925031e-16	2.22044604925031e-16	16.3384708310473
"TIMD4__pos"	58.5473054351462	12.2421602882755	0.498988566605313	23.9050966568704	2.93706069420387	19.5311812261407	7.22632583296862	50.5220742628421	0.00011316466245086
"RGPD1__pos"	12.6076330432688	92.5740798408515	19.3169167884229	2.22044604925031e-16	4.50894256623815	8.91036039427142	21.3647668747283	0.822415243415049	11.9478283597781
"NR4A3__pos"	7.6365684095364	2.22044604925031e-16	2.22044604925031e-16	149.809645713246	2.22044604925031e-16	2.22044604925031e-16	2.22044604925031e-16	1.96135072342818	2.22044604925031e-16
"NLRP4__pos"	43.8702019558514	5.12124786435158	6.56186120039989	2.93487070151901e-12	9.43535809505118e-11	4.05178129251	6.40586857835064e-13	2.22044604925031e-16	93.5337872421943
"LZTR1__pos"	0.886241256559883	111.751376962715	2.22044604925031e-16	10.7810611756715	1.81961987145788	2.22044604925031e-16	54.2276345851513	12.7019424208937	15.2947697362465
"BORCS8.MEF2B__pos"	15.8070071579359	79.2931115626025	2.22044604925031e-16	3.21336384045442	7.7724682713177	5.52656734847339	2.22044604925031e-16	17.8419504385891	15.7937253205731
"OR10H3__pos"	2.22044604925031e-16	2.22044604925031e-16	38.4406140321815	2.22044604925031e-16	2.22044604925031e-16	2.22044604925031e-16	2.22044604925031e-16	2.22044604925031e-16	2.22044604925031e-16
"NCR1__pos"	2.22044604925031e-16	2.22044604925031e-16	2.22044604925031e-16	2.22044604925031e-16	2.22044604925031e-16	2.22044604925031e-16	283.033222662683	2.22044604925031e-16	2.22044604925031e-16
"CD79B__pos"	138.246363300248	2.22044604925031e-16	2.22044604925031e-16	17.6758858857989	2.22044604925031e-16	2.22044604925031e-16	11.4931935260499	17.3086610743585	0.00812020301399713
"FCMR__pos"	82.1816773009626	17.2677884592113	0.0101168370980364	4.71050164709498	3.37208577735243	22.40720879919	2.22044604925031e-16	2.22044604925031e-16	2.22044604925031e-16
"STAT4__pos"	14.007516375343	58.1095484777456	3.75090385156808	6.91830313141762	5.48659826374398	79.3241387530645	11.2274658822576	2.22044604925031e-16	4.78409228975756
"CXCR3__pos"	2.22044604925031e-16	42.1965525559617	6.2040278659895	15.9237938697105	2.22044604925031e-16	64.0068103216315	2.29524541904086	45.2664932500306	2.22044604925031e-16
"DAZL__pos"	77.0907548916	2.57981967317708	11.3821231752729	10.8131002572658	1.09688248489866	2.45770559165582	20.9618931334731	52.2596598997717	12.8405714191611
"TNFRSF4__pos"	24.9064605566516	18.1467159017701	5.07913406988534	10.4789024069517	9.534444860781	35.5594170641956	38.517927833069	25.9548576971601	18.5064465326214
"MAGEB10__pos"	0.0843218788023984	80.8683847436015	12.124611627972	2.22044604925031e-16	9.00168479904577e-12	8.44587389571054	8.13860800386727	0.00217940679360107	13.3233946886985
"GAPDHS__pos"	2.0830611902034	61.9040655630097	17.9671181779339	2.22044604925031e-16	0.0442394112566303	2.22044604925031e-16	109.439357335726	2.22044604925031e-16	23.8721577625306
"GMFG__pos"	8.10655522403699	27.5905469935719	2.22044604925031e-16	10.4571469331294	64.923050155933	14.6611159041261	2.22044604925031e-16	20.4743449399862	5.54722848455237e-16
"DCANP1__pos"	23.1350543034431	16.909604334502	2.22044604925031e-16	25.3825905078817	3.48886381883595e-09	7.10767794862705	14.1292330819654	75.2216358576361	2.22044604925031e-16
"OR5F1__pos"	2.22044604925031e-16	2.22044604925031e-16	2.22044604925031e-16	2.22044604925031e-16	2.22044604925031e-16	2.22044604925031e-16	2.22044604925031e-16	2.22044604925031e-16	18.0798366937792
"ITGAL__pos"	21.2310320743443	2.22044604925031e-16	2.21377940994378e-14	18.953206854987	65.1628238443317	4.2356483652191e-15	11.6656627469529	36.7573037268949	3.90411473098653
"CD1C__pos"	34.3857446681826	2.22044604925031e-16	2.22044604925031e-16	52.9384320379361	2.22044604925031e-16	16.4610929678137	2.22044604925031e-16	73.5668629154102	2.22044604925031e-16
"TRPC7__pos"	9.58620180967387e-14	35.6902451349002	6.86519704429704	2.22044604925031e-16	9.76805227534122	2.22044604925031e-16	2.22044604925031e-16	11.6626479016672	73.8016013876832
"RASGRP2__pos"	54.4878955396096	3.04171852770998	2.22044604925031e-16	60.8816039994169	2.22044604925031e-16	2.22044604925031e-16	39.9803256434928	47.4118941734945	0.0962779505318742
"VCY1B__pos"	2.22044604925031e-16	2.22044604925031e-16	147.514329398766	2.22044604925031e-16	2.22044604925031e-16	2.22044604925031e-16	2.22044604925031e-16	2.22044604925031e-16	2.22044604925031e-16
"CD5__pos"	35.3998113495927	4.76844066801885e-08	4.93766643325388	10.7140315579576	68.69633303148	2.22044604925031e-16	7.59200416598256	24.5382584566729	6.8494125696559
"GPRIN3__pos"	5.48787325113721	69.5200467677754	3.92885904642525	12.8751111799049	4.38364011290012e-16	21.1129030373357	2.22044604925031e-16	20.0103482697119	0.1331554540014
"PPP1R16B__pos"	39.2665993106622	2.22044604925031e-16	0.737345785421922	31.0242753288408	53.2910892009763	0.137357949736044	9.58898908312177	25.9103194712615	2.22044604925031e-16
"PCDH11X__pos"	1.86091368239255	30.2490327343333	2.22044604925031e-16	9.63414665437694	2.22044604925031e-16	2.22044604925031e-16	2.22044604925031e-16	2.22044604925031e-16	109.365483597023
"ARHGAP9__pos"	13.6832080924412	15.5211918734156	9.98834199439549	11.602020723124	0.57380405082384	28.1609268898964	17.629676146636	84.4804468479156	0.131853414444987
"GNG13__pos"	2.22044604925031e-16	6.56891891612077	7.77127985511263	2.22044604925031e-16	2.97222598396795	0.316708777185458	2.22044604925031e-16	2.72675590471683e-12	174.775133710466
"CORO1A__pos"	29.4780201459277	2.22044604925031e-16	11.7043552656622	6.19129968211698	2.22044604925031e-16	20.1096879649675	21.757822564243	92.8328778161367	3.87932242355213
"ZPR1__pos"	2.22044604925031e-16	24.7822610457013	2.22044604925031e-16	2.22044604925031e-16	10.5108938144871	17.5562062626576	18.8321394420173	10.39144553349	68.1891934222764
"OR10T2__pos"	2.22044604925031e-16	2.22044604925031e-16	77.7233504168277	2.22044604925031e-16	2.22044604925031e-16	2.22044604925031e-16	2.22044604925031e-16	2.22044604925031e-16	2.22044604925031e-16
"KRT73__pos"	2.22044604925031e-16	2.22044604925031e-16	2.22044604925031e-16	2.22044604925031e-16	2.22044604925031e-16	2.22044604925031e-16	2.22044604925031e-16	2.22044604925031e-16	77.7292169707301
"KLF18__pos"	2.22044604925031e-16	2.22044604925031e-16	213.919786495153	2.22044604925031e-16	2.22044604925031e-16	2.22044604925031e-16	2.22044604925031e-16	2.22044604925031e-16	2.22044604925031e-16
"CD33__pos"	8.37894513586815	7.49145705881359	3.93474319410236	42.2160802484427	58.906402578035	3.71133752845941	1.06182308314017e-08	28.4876401748711	5.34347836657963e-11
"LY9__pos"	31.2647984574748	25.6776030798347	2.50441558978992	15.297036985616	2.22044604925031e-16	22.985306592627	6.34037188979648e-07	73.3492696918153	2.22044604925031e-16
"BTK__pos"	40.8770075259229	21.3439493763309	8.13821950600331	20.3642640623937	4.43245107306225	29.289238948451	1.7194372290082	49.7159819066009	0.220751551410686
"KCNN3__pos"	8.69087095886058	8.86375456081245	2.22044604925031e-16	11.0502093894558	3.52028180852839	15.6076190917623	2.22044604925031e-16	30.5309219976534	59.3710392115655
"XCR1__pos"	33.5169719091346	51.7027495448729	4.61950322351837	9.48811033373103	2.22044604925031e-16	22.8836940433371	2.22044604925031e-16	3.88835785874595	7.23523112205358
"FAM163A__pos"	3.73050561094924	5.55761639065475	2.22044604925031e-16	3.72506533054186	2.22044604925031e-16	2.22044604925031e-16	2.22044604925031e-16	2.22044604925031e-16	131.754198542778
"CLEC4C__pos"	48.7025111327753	40.5488789109836	9.27414939654925	9.39810219735103	9.44015055014072	11.2774843727898	0.000133048092382488	12.9273985732796	2.71479183418022
"TUBD1__pos"	8.3140747805076e-06	103.653767801331	6.01428484026735	2.22044604925031e-16	3.83305555960172	4.27812486702541	9.05886757765131e-10	3.98157233240134	28.9291755355266
"GNG8__neg"	2.22044604925031e-16	34.2781050964786	2.22044604925031e-16	6.50927756250955	70.4393802227213	20.7044493063548	2.22044604925031e-16	2.22044604925031e-16	2.22044604925031e-16
"DTHD1__neg"	2.22044604925031e-16	5.3390792976198	0.118510161789454	1.46538646960941	60.8199148414184	41.3329911075434	12.7395195341121	1.89766061146494	9.74625795234516
"IL17REL__neg"	20.153890239109	5.18216020319685	2.06515888790114	9.14094338604086	33.7110935631516	39.6415773169983	16.5708061142275	5.55889760076467	0.514601165750523
"CER1__neg"	11.1452181079364	14.6174003156647	2.22044604925031e-16	7.73777804468014	22.945479828719	24.453394836097	5.92084606126699	27.9850229408395	2.22044604925031e-16
"LPAR4__neg"	18.4401257341176	0.384820338581299	2.22044604925031e-16	2.22044604925031e-16	54.5580084841139	33.0822523292957	2.22044604925031e-16	36.7688552780541	4.00160074771958e-06
"GPR15__neg"	2.10463398555943	6.85514459017249	9.56349321927604	9.8246324728984	59.0515575898651	35.7055555680519	24.1215212121249	8.11924849391821	0.74295495774152
"HMHB1__neg"	6.07913014235345	38.185370303069	2.22044604925031e-16	16.56452705735	42.6780405500357	35.8892614160128	7.01897566650995	30.3048852437783	1.53074356486261
"CD5L__neg"	10.695040222308	28.1761801668862	2.22044604925031e-16	2.22044604925031e-16	41.8011052830133	49.0772590138623	8.43024969310801	26.7320906106795	4.82800658583321
"IGLL1__neg"	1.16366933960825	15.1808431703269	2.22044604925031e-16	24.5234279766149	59.237966504685	47.3219125581847	2.22044604925031e-16	12.5836763245675	2.22044604925031e-16
"SERPINA9__neg"	2.22044604925031e-16	20.4328797757923	2.22044604925031e-16	13.3664019308962	40.9680176598337	30.7704359594471	10.3819300885764	17.4201413987084	4.41047369227188
"NSMCE4A__neg"	17.6313652191229	5.55722428229435	0.995291570232822	15.4689063203513	30.6664153977397	35.5814869740989	2.22044604925031e-16	42.9444627370664	6.58656570351827
"TNR__neg"	2.47190657687701	2.22044604925031e-16	2.22044604925031e-16	2.27083778953221	37.2552657690309	72.5738321368176	6.001990408477	23.1573158343736	2.22044604925031e-16
"CLEC4G__neg"	12.0434468928705	21.6961871526491	2.22044604925031e-16	2.22044604925031e-16	52.2376427151233	27.6046508429813	2.5771780114519	21.6183573390534	0.882683111065655
"SSTR3__neg"	0.914352487853915	0.680518876776464	2.22044604925031e-16	16.8954881790918	99.8884469235392	13.0428222445133	2.22044604925031e-16	2.22044604925031e-16	2.22044604925031e-16
"FCAMR__neg"	2.22044604925031e-16	10.5146267358674	2.22044604925031e-16	18.0117672136324	42.4895918513163	36.124660288013	3.58739912638699	16.167187118017	5.21440319777924
"CR1__neg"	2.22044604925031e-16	2.32993252631279e-15	2.22044604925031e-16	2.22044604925031e-16	86.8252503652364	31.5601007199018	16.4162403991573	8.29555337182291	2.05729913369326e-14
"CLEC4M__neg"	13.6979906055049	2.22044604925031e-16	2.22044604925031e-16	2.22044604925031e-16	39.3446464485958	62.6439776183539	2.1968358534488	27.4586311407163	2.22044604925031e-16
"LYL1__neg"	2.22044604925031e-16	21.2911377923638	2.22044604925031e-16	2.22044604925031e-16	77.7009653130593	36.4048526669881	2.22044604925031e-16	2.22044604925031e-16	2.22044604925031e-16
"RGS13__neg"	2.22044604925031e-16	1.60719797781732	2.22044604925031e-16	2.22044604925031e-16	85.5318868133809	25.8798443327414	13.6794141888981	4.10600167648867	4.88102804884145
"IL12RB1__neg"	2.22044604925031e-16	40.0092606684459	2.22044604925031e-16	9.48920319048141	42.7891581831824	59.0805650984037	1.56273322211352	2.22044604925031e-16	2.22044604925031e-16
"CDKL4__neg"	13.9048753990438	1.56222770072997	2.22044604925031e-16	6.83068727270583	34.3111139159343	51.0856742134074	2.71520823994153	29.213668937137	2.22044604925031e-16
"CCL21__neg"	2.22044604925031e-16	24.774822314906	2.22044604925031e-16	2.22044604925031e-16	79.5441519229453	27.4396086435453	2.22044604925031e-16	7.57410378493541	4.29427387078645
"HPGDS__neg"	15.2307398243682	21.1442516314627	1.01306284104413	2.22044604925031e-16	24.2178421784887	25.0600613970656	9.55922533595871	21.0774129784574	6.06515907373678
"ZNF44__neg"	11.6196471038541	2.22044604925031e-16	1.60591588761696	8.38210253327295	27.5040586043432	42.0396280555796	6.25966671278339	33.4164101360381	2.87747870288791e-08
"ZNF804A__neg"	12.2882042544477	2.22044604925031e-16	0.0561284215752567	0.000698334514130299	83.5310776595756	6.67375874128126	35.7737160169855	1.17688380069901	2.22044604925031e-16
"IL16__neg"	7.26983448741613	0.0146432491391182	2.22044604925031e-16	3.57559794855395	86.8862123771492	12.0825159741218	6.95317797763418	19.6945247637663	6.97636153419443
"STAG3__neg"	4.32086549869807	2.22044604925031e-16	2.13755824102176	3.67288778568251	40.5459224037168	87.8814990268058	2.22044604925031e-16	1.37632383755231e-11	2.22044604925031e-16
"IKBKB__neg"	15.0489339971142	2.22044604925031e-16	3.726851039606	15.0176295897747	25.6764596605147	59.2946535953122	2.22044604925031e-16	23.8741909929672	12.9762035326765
"TIGIT__neg"	2.22044604925031e-16	43.667136528105	3.37425075812735	21.9578256025448	2.22044604925031e-16	72.0943555601227	4.95130347607955	20.4488453001282	2.22044604925031e-16
"ITM2A__neg"	27.5505779248123	2.22044604925031e-16	0.0100368720061506	31.0620320371936	54.1039835672139	3.64158355133066	11.7766418882893	17.3357278568202	2.22044604925031e-16
"MLN__neg"	10.323777114518	6.86660139448373	0.00253315777474004	14.778108939735	25.8476359556175	30.9108895113264	4.49900744191821	28.0058057800498	2.22044604925031e-16
"AKAP2__neg"	2.22044604925031e-16	27.2392564898469	2.22044604925031e-16	68.4053627333352	11.6195282228547	27.4960542125033	2.22044604925031e-16	15.783830088251	4.60118466468254
"SEPT1__neg"	2.22044604925031e-16	19.7676932736432	2.22044604925031e-16	16.0822410762865	40.6195271955376	19.4737441311155	0.00193319374213527	45.3391213956056	2.22044604925031e-16
"RAB3C__neg"	5.42708660425556	15.1996445321794	2.22044604925031e-16	2.22044604925031e-16	52.0023707368152	23.2411834001388	12.2567513183197	14.6964097506129	2.22044604925031e-16
"GRAPL__neg"	2.22044604925031e-16	2.22044604925031e-16	0.591287528066793	2.22044604925031e-16	50.913717910053	72.3226126191549	2.22044604925031e-16	9.99229217120404	5.21473599774308
"GPR18__neg"	2.22044604925031e-16	2.22044604925031e-16	0.0570556908303874	10.0888591208241	112.672112663688	10.3358301244281	4.88226528872529	2.22044604925031e-16	2.22044604925031e-16
"CXCL13__neg"	2.22044604925031e-16	3.0773957184978	2.22044604925031e-16	38.2509232097086	98.747070615429	5.6615543832913	2.22044604925031e-16	2.22044604925031e-16	2.22044604925031e-16
"B3GAT2__neg"	9.8703117121167	1.10738640625543	0.523694595146723	8.6520222310943	22.0619140482481	30.0970111209945	5.66633114148828	26.2416047271262	2.22044604925031e-16
"ZNF781__neg"	5.69470890084635	2.22044604925031e-16	2.22044604925031e-16	2.22044604925031e-16	31.5770028114779	42.7542872367425	2.22044604925031e-16	20.5350532903481	2.22044604925031e-16
"CNR1__neg"	0.827368198152452	6.84822255746006e-12	0.87035209926485	2.22044604925031e-16	53.5594464078072	34.764893600927	8.07093105414308	22.1218923811617	2.22044604925031e-16
"STAB2__neg"	6.29077762292175	2.22044604925031e-16	2.22044604925031e-16	2.22044604925031e-16	35.5020120877099	53.6498730334649	0.530556942000599	26.1472946323624	2.22044604925031e-16
"FAM180B__neg"	8.23599769105062	0.000740536521656523	1.55707427494884	2.22044604925031e-16	29.1686851068255	40.4819371806317	4.475439702992	23.7977910232504	2.22044604925031e-16
"FCER2__neg"	2.22044604925031e-16	16.6301809898257	2.22044604925031e-16	2.22044604925031e-16	70.515261579662	35.7842356616421	9.60897852262767e-05	2.22044604925031e-16	2.22044604925031e-16
"FAM129C__neg"	2.22044604925031e-16	2.22044604925031e-16	2.22044604925031e-16	0.191976682837973	33.2807606307128	112.786320579419	2.22044604925031e-16	2.22044604925031e-16	2.22044604925031e-16
"SASH3__neg"	2.22044604925031e-16	8.41583314751255	5.07651052308691e-12	6.56982655120155	114.022354542369	0.462772450517078	1.83971062619925	2.22044604925031e-16	2.21833122915427
"NOX3__neg"	4.34472907573709	5.61230836289525	2.22044604925031e-16	4.07311202234453	8.47666057498529	8.87435218372799	3.93258705755592	10.8889130097581	0.0459045852744635
"PAX4__neg"	6.40127255671981	7.48792270893093	2.22044604925031e-16	5.84379665585053	16.2141117370272	15.8977163227446	6.59940698523365	17.7757383672978	2.22044604925031e-16
"ITK__neg"	2.22044604925031e-16	67.2681589791236	2.22044604925031e-16	7.97794875716334	2.22044604925031e-16	92.7885500646167	1.83408661544937e-08	2.22044604925031e-16	1.37162285778812
"PVRIG__neg"	2.22044604925031e-16	2.49730365594164	1.12455995877583	13.589101551942	47.1162211575786	37.1167815564537	0.978664351810323	32.282606061071	1.07413231047367
"BCL2A1__neg"	22.623096522694	9.75591457612816	4.2111197485803	10.9365141661827	49.2343322706315	3.07018885468893	10.4499072622329	40.8698528961899	4.1153676718507
"IQCJ__neg"	7.5991231946479	8.02937413527855	2.22044604925031e-16	6.2271392363628	15.808031480163	14.9305088407088	6.60241207520535	20.7289061343499	1.06730634905181
"LILRA1__neg"	19.909398574094	18.4467292508908	0.221388562343113	5.51337031273063	35.0300696384685	14.7642600892116	16.9370087837794	41.2123403242933	2.60716447199255
"UBASH3A__neg"	2.22044604925031e-16	40.4640427217216	2.22044604925031e-16	13.7159786628048	2.22044604925031e-16	57.4179621515253	1.04434061069135e-15	53.3293503436176	2.22044604925031e-16
"CYTIP__neg"	2.22044604925031e-16	39.5218176475531	1.02030517267551	12.5277573265231	2.22044604925031e-16	64.1967080534109	1.27087943844127e-05	47.4784798380381	2.22044604925031e-16
"TCL1A__neg"	2.22044604925031e-16	7.72778288220072	2.22044604925031e-16	6.60986782992485	67.6953548189446	40.1990760867579	2.22044604925031e-16	2.22044604925031e-16	2.22044604925031e-16
"UTF1__neg"	4.82839270971243	10.0554172906386	2.22044604925031e-16	4.40782117990026	10.6464562411353	12.0672520987269	3.20226541497295	12.3081244805779	1.83898535783071
"OR5AK2__neg"	4.70469232844934	6.48389636154085	5.14607664073551e-15	3.92849241145209	8.26455427785678	9.38731384792271	3.37086047205544	11.2281655627277	0.83821998192039
"GOLGA8R__neg"	16.3559439223669	2.22044604925031e-16	2.22044604925031e-16	2.22044604925031e-16	26.8537384799525	89.2803958873334	3.94326167489078	12.2551550900295	2.22044604925031e-16
"SH2D6__neg"	20.2632276725598	2.22044604925031e-16	2.22044604925031e-16	15.753987289598	23.4169281086357	66.7381765996048	2.22044604925031e-16	20.5126067256344	2.22044604925031e-16
"PAX5__neg"	2.22044604925031e-16	7.04986850971484	2.22044604925031e-16	16.1527767564206	71.0164245477466	49.0992204305262	2.22044604925031e-16	2.22044604925031e-16	2.22044604925031e-16
"RASAL3__neg"	0.00293152150149956	56.8637039623427	9.81766100957669	12.7351417420185	2.22044604925031e-16	92.0111557612779	2.49358020266959	8.12142167275319e-10	2.22044604925031e-16
"NLRC3__neg"	2.22044604925031e-16	11.1214556790299	1.14382545527098e-05	13.636006381752	44.2061839289149	25.5843814225353	6.15615014205719	35.81804794728	5.19142781163657e-09
"PPP1R17__neg"	7.927072702176	16.3015258119964	2.22044604925031e-16	0.0432019943482909	20.4017723354907	23.7814333042284	6.56106663355707	24.2963145729588	2.22044604925031e-16
"CR2__neg"	2.22044604925031e-16	2.22044604925031e-16	2.22044604925031e-16	11.1947176197795	45.1614050171483	62.803269392274	5.86174526626744	7.77739352109266	2.22044604925031e-16
"FCRL1__neg"	2.22044604925031e-16	2.22044604925031e-16	2.22044604925031e-16	2.22044604925031e-16	64.9695618587461	64.1709077027506	2.22044604925031e-16	2.22044604925031e-16	2.22044604925031e-16
"GPM6A__neg"	6.4809399520953	9.52632699426141	6.19314798203814e-06	2.22044604925031e-16	16.2550476000581	16.712002554514	8.10713146501546e-05	19.9285447884947	0.000798085580147109
"NPBWR2__neg"	4.96915518656402	8.68075361046531	2.22044604925031e-16	6.99245834786262	12.477631193444	13.7357359342949	3.06793407735177	16.7891231853336	2.22044604925031e-16
"ABCB11__neg"	1.63137456342178	8.76200626372475	2.22044604925031e-16	4.17043915845676	18.6522996784112	19.9218544729422	11.7254961319684	15.1220789584344	7.63008910453961
"ARHGAP25__neg"	2.22044604925031e-16	6.23599667990316	2.22044604925031e-16	2.22044604925031e-16	80.3059846404563	30.7448619482082	2.22044604925031e-16	2.22044604925031e-16	2.22044604925031e-16
"PASK__neg"	11.0339196738943	2.22044604925031e-16	2.22044604925031e-16	39.330194249693	29.016215985327	70.5024677066239	1.05511281631687	6.87493674923086	2.22044604925031e-16
"TTC24__neg"	2.22044604925031e-16	1.80871718047124	1.75428758230853	20.576908127127	73.8192068327427	40.8347557531655	5.93607411877733	2.22044604925031e-16	2.22044604925031e-16
"BLK__neg"	2.22044604925031e-16	2.22044604925031e-16	2.22044604925031e-16	6.07132736321425	79.9035829909885	53.6161259672319	2.22044604925031e-16	2.22044604925031e-16	2.22044604925031e-16
"CD79A__neg"	2.22044604925031e-16	2.22044604925031e-16	2.22044604925031e-16	14.7260863448857	106.309197883927	8.99050553505494	2.22044604925031e-16	2.22044604925031e-16	2.22044604925031e-16
"PPIAL4F__neg"	3.71771332223453	6.1820660692175	0.174971475444697	4.57942112444105	7.09827035731631	8.06336945797815	2.22125142128839	9.19230723507348	0.670079118427088
"VPREB3__neg"	2.22044604925031e-16	10.9576421292579	2.22044604925031e-16	25.4640923954039	67.0218776047141	42.3178584540206	2.22044604925031e-16	2.22044604925031e-16	2.22044604925031e-16
"FAM153C__neg"	10.2473440152112	2.22044604925031e-16	2.22044604925031e-16	6.20781781126204	18.3051841308004	46.066691550318	2.22044604925031e-16	21.6005471376369	2.22044604925031e-16
"ZAP70__neg"	4.60809559803552	48.1238517065924	11.6806063827622	14.7635316820802	2.22044604925031e-16	50.0451026619511	2.36955386917157	43.4467350208002	2.22044604925031e-16
"RAC2__neg"	2.22044604925031e-16	21.9810212532247	2.22044604925031e-16	7.94441923894153	89.1791049805274	9.55856748460597	2.22044604925031e-16	2.22044604925031e-16	7.02976058976803
"AC087651.2__neg"	3.88769434031898	6.88300803526826	1.44389945626867	4.49212125191112	7.91687150846113	8.24381862695348	0.556118088878974	10.0435982012937	0.897697975078207
"EPB42__neg"	11.7035701889604	2.22044604925031e-16	2.22044604925031e-16	1.41038184486266	23.2208895890894	63.9691614048709	1.40825292368908	26.9455431981584	8.07850530171333e-14
"DEFA1__neg"	11.0915725920399	28.7286006935727	1.8640867696703	0.143241968605226	28.1188055152425	23.8104979510479	5.01101030052446e-10	29.7779942089797	6.51448919174907
"C7orf72__neg"	2.06642946092877	3.80557615832055	0.644861847261575	2.51276217141608	5.27401145613809	5.02667736817708	2.72684876943961	6.92896006338137	0.00829566536949818
"MS4A1__neg"	2.22044604925031e-16	2.22044604925031e-16	2.22044604925031e-16	9.62186281619603	82.180958088339	38.3646721012875	2.22044604925031e-16	2.22044604925031e-16	2.22044604925031e-16
"P2RX5__neg"	2.22044604925031e-16	9.48686858860486	2.22044604925031e-16	28.8099531050423	65.4702639553468	38.9667969846839	2.22044604925031e-16	2.22044604925031e-16	2.22044604925031e-16
"MYOCD__neg"	9.21639184829502	6.31949660089951	2.24250609928708	2.22044604925031e-16	38.40826707785	24.4630774127738	11.9963603097794	23.1635955082641	3.40925456417946
"GCG__neg"	4.85932758452595	10.5276618495672	2.22044604925031e-16	3.44894618986272	10.0246193905453	11.8423442387586	0.874540865249285	9.32166112428233	3.49101348599181
"LRMP__neg"	2.22044604925031e-16	2.22044604925031e-16	2.22044604925031e-16	2.22044604925031e-16	71.5369239250095	57.0575200019949	10.3335811114275	2.22044604925031e-16	0.966668964380727
"DEFB108B__neg"	11.5791366431258	7.22424005575185e-08	2.22044604925031e-16	8.50093486468971	25.702947201835	35.1890323868486	12.0973637726235	34.1694648046331	0.0148551378050582
"CLEC17A__neg"	2.22044604925031e-16	2.22044604925031e-16	2.22044604925031e-16	2.27436507660796	85.1214544575519	50.6338798368103	2.22044604925031e-16	2.22044604925031e-16	2.22044604925031e-16
"SELL__neg"	2.22044604925031e-16	2.22044604925031e-16	2.22044604925031e-16	2.22044604925031e-16	126.846750126832	2.22044604925031e-16	2.22044604925031e-16	2.22044604925031e-16	2.22044604925031e-16
"MBOAT4__neg"	12.9174096569861	18.6160011939629	0.260515872015025	10.9161980890708	21.2968005012992	22.5433180169475	7.45435460251307	23.4790213922402	2.20361172376985
"SIRPG__neg"	1.17343708715267	48.8111574412611	0.695581460643636	25.7456666157765	2.22044604925031e-16	94.2013437046932	4.04965829604085	0.0346669061353895	2.22044604925031e-16
"FXYD7__neg"	2.22044604925031e-16	12.5916853537112	2.22044604925031e-16	2.22044604925031e-16	41.7530237333176	35.4624297783628	2.22044604925031e-16	7.90883880854753	2.22044604925031e-16
"TAS1R3__neg"	5.67853439527929	9.02594672887469	2.22044604925031e-16	10.4191675579384	18.2361219176824	20.5680524508584	2.22044604925031e-16	11.934441083007	2.22044604925031e-16
"ACKR1__neg"	2.74028796104833	10.3248674472858	1.6874197797512	2.22044604925031e-16	63.8965001849568	13.1659237945197	4.38891248552033e-09	14.193777024733	8.24139470389329
"AICDA__neg"	2.62085535406436	2.22044604925031e-16	2.22044604925031e-16	6.01903962737153	30.6478945691613	100.480523859128	2.22044604925031e-16	12.553206474209	2.22044604925031e-16
"CD1B__neg"	5.51864370629245	18.739720524305	1.44597293048481	7.52957148301092	59.7714764779902	13.4253023178376	16.2870305672731	4.43795441508097	10.9387418578893
"PIK3R5__neg"	0.912302116506295	44.3541368779634	3.06306033619172	3.31815881663572	25.4770534853628	75.1062428457884	7.01957463547481e-05	0.0224222324783047	17.360138185164
"LTB__neg"	18.2803486669934	12.3164840707836	2.22044604925031e-16	19.5971016394623	87.6557115277956	1.58320286442497	2.22044604925031e-16	2.22044604925031e-16	2.16036800854901
"ZNF675__neg"	10.0533975404331	2.22044604925031e-16	1.33082503105077	11.9602870581876	20.6255942700197	35.0488590334801	13.0710290342847	15.7238326229008	2.22044604925031e-16
"TFEC__neg"	24.6525420352182	1.13722884263854	0.140824526970109	16.0321630919362	50.966729485905	1.0388810704479e-09	15.0366237196391	44.7779974910032	0.00791237261298447
"CCR7__neg"	19.1109096864493	2.22044604925031e-16	3.45482232784871	6.36278482784117	104.954919372502	2.99874090463018	3.98409048973527	2.22044604925031e-16	6.76247941161687e-10
"IL12B__neg"	29.4872677327275	8.79602269578452	4.76403166061071	16.0131991206001	40.882761425899	16.612459890599	8.02446190904582	38.2859616440148	0.893111579584766
"TRAF3IP3__neg"	18.7385364741004	9.16741129902542	4.54711534451854e-05	14.6527108926718	64.7247106568804	12.7755504811751	4.10479544175537	20.7466443556845	12.5539943746674
"LY86__neg"	3.1430760190749	62.8136474780884	5.25060416944015	12.280396558176	6.10796048777695	78.8581206655323	0.0446504916440028	0.032365280097966	5.16764481498116
"WDFY4__neg"	10.3598828133081	7.52257946395195	0.237948883614652	6.4053530807702	102.957143985798	3.72182534084358	2.46032228761767e-06	4.81758569256312e-13	0.553978408273448
"LAIR1__neg"	5.88894248575	23.0632209880296	6.59363105191568	23.2227285914874	52.5300586694	20.6227991837027	6.02852125339224	21.3327979059697	2.34317206566308
"C2CD5__neg"	13.1731551881868	2.22044604925031e-16	1.89959823686514	9.56033987719133	24.9254764030126	45.7253648263342	14.1797326295901	31.3884953501364	2.22044604925031e-16
"FLT3__neg"	7.82924457303077	3.05398962901988	2.22044604925031e-16	1.39834414464881	83.5753425614271	15.0433084138485	11.1904951106703	1.19028185069382	0.881932540165756
"FGD2__neg"	4.09293235079568	51.4863282882486	5.97399038283897	14.5410428378714	7.62240069557068	48.7878978540043	3.65225374714402	37.1923963508339	2.28108908153454
"NCF1__neg"	2.22044604925031e-16	21.8457480216283	2.22044604925031e-16	14.4920836808737	66.5651101399326	25.6673325998066	1.70128595417808	15.7612625299311	2.53752203893208
"TLR10__neg"	2.22044604925031e-16	2.22044604925031e-16	2.22044604925031e-16	3.63506737168502e-11	111.03377614679	19.4831760212905	2.22044604925031e-16	2.22044604925031e-16	2.22044604925031e-16
"STMN4__neg"	6.26624500744459	3.80815320334048	2.22044604925031e-16	1.48199265125662	15.0005237978361	18.570270667581	1.78705998573189	13.7472268440785	2.22044604925031e-16
"TAS2R42__neg"	13.3218199006269	2.0340466926638	2.22044604925031e-16	19.0320041269994	27.2540310181111	43.0165540391642	12.7447686542693	35.4836295823142	6.33225200470457e-15
"ARHGEF18__neg"	19.0348280061671	23.8919500358123	3.14565196602069	16.3632889697137	26.4092291373251	26.7385514250604	0.429366647126459	34.122935360396	5.80904275687857
"HEMGN__neg"	2.22044604925031e-16	9.08551550975018	2.22044604925031e-16	2.22044604925031e-16	49.7684705935075	70.9104479060539	18.1641320005666	24.3499093259753	9.03275709357489e-08
"TREML1__neg"	15.6297080125392	2.22044604925031e-16	1.52879147802419	14.2296762111936	73.2241992545975	2.0543542616908	13.5372798574996	23.243167377797	8.17851293587201
"GAS7__neg"	22.1382616698754	21.8272273936188	5.77808807852499	17.9871820213185	33.0721790036806	21.8548033536335	9.70242444306611	31.4766191133213	0.000132563784023638
"SPDYE4__neg"	10.5259594750181	1.91880298662985	1.61360319470657	8.28779401354461	35.1749332474275	44.8812778422328	0.000179176946200489	32.523652642677	5.6074210012262
"UBTFL1__neg"	5.9968754354868	11.1448914249319	2.22044604925031e-16	9.39316337763912	16.6407930849871	17.8898765106592	2.79193495080347	19.1911116264033	2.22044604925031e-16
"KLRK1__neg"	2.19294994147205	46.5490774612264	3.20247835331068	18.834000183013	4.916415700808	48.4760202457823	3.20259958514237	43.5872969987311	3.7999993580844
"MAP3K10__neg"	14.0325810477861	2.22044604925031e-16	2.22044604925031e-16	16.0670293705286	20.8956951198142	37.7452830104157	2.22044604925031e-16	20.5100443120669	2.22044604925031e-16
"CCL19__neg"	21.5829046714024	9.68477169826255	3.47475801634734	2.47815661688966	84.2244651654506	10.3029242079364	7.17995917717465	2.0835555895608e-15	11.2851774018801
"CNTNAP1__neg"	13.8105018778651	5.05603671290179	6.04774891748944	11.8002823272309	35.7284918606584	38.395674150369	6.86728627052744	33.8843398611335	2.49824749054777e-16
"MLANA__neg"	15.4659249867641	2.22044604925031e-16	3.6450178319997	9.0408783558941	28.533307348345	46.3863666058888	17.2598100688851	26.5951467956763	0.000128189645363379
"WNT1__neg"	2.98932784703431	2.22044604925031e-16	2.22044604925031e-16	9.63597332747455	57.0174506521269	74.2055979062993	5.92665651126456	2.88915570996987	2.22044604925031e-16
"IL18RAP__neg"	3.90610220995296	59.0449234618055	0.0478351583751903	33.9210513780753	2.22044604925031e-16	63.1151511369838	2.81742483636311	7.59960747468008	0.0249293937188606
"GABRR3__neg"	5.58520020883952	1.1379772678849	2.22044604925031e-16	4.98249618014084	17.6632010212136	23.7253075901248	4.50904461129299	19.1643769068796	2.22044604925031e-16
"GP1BA__neg"	9.08627968889667	0.0363632815314692	4.06048718885285	6.29629099950244	41.5320137118529	35.4334419298463	23.6892672121082	28.253136821823	0.425132537649003
"P2RY8__neg"	26.4743063564476	2.22044604925031e-16	2.89550181851921	0.713917979126232	97.4489137261702	2.75132386781469	18.3283727344565	9.29715140082331e-08	2.22044604925031e-16
"PRPH__neg"	9.84503353559366	16.4569718075755	1.36362614393415	2.22044604925031e-16	25.9500998776975	24.9262191099845	2.22044604925031e-16	29.5024592640513	2.22044604925031e-16
"RP11.330H6.5__neg"	3.41156061088348	20.4813564011322	9.04577825679437e-16	15.6041163285249	71.66015072782	33.9957193254523	0.00840740352028189	2.22044604925031e-16	2.22044604925031e-16
"ARHGAP30__neg"	1.58916661697657	64.5447062326122	2.00916754068051	4.99215966475159	4.44029504258962e-11	77.6877520728952	1.95866340757088e-13	15.0734474315088	7.1729479085759
"CH507.9B2.2__neg"	6.23347674033081	12.5226823689904	3.4528424160139	18.5242805682712	30.8192219654933	35.2038081126384	2.0144282742374	39.5084332009753	2.22044604925031e-16
"LINGO3__neg"	0.0797595544399023	4.6409219119792	2.22044604925031e-16	7.79431572905513	71.1845202384937	51.561168405066	2.22044604925031e-16	8.29984833131026	2.22044604925031e-16
"MEF2B__neg"	11.0249805531222	52.5450204307054	7.60359076922816	1.28803731352777	11.6287503186127	2.22044604925031e-16	60.1517555615562	55.1923275645715	3.61054321855392
"TLR9__neg"	14.357305623632	6.030822792363e-14	5.28528786879134	0.677694575769378	50.4790051833883	70.7529668992675	15.3936811061537	7.73366870213337	1.38523155001376e-09
"GAPT__neg"	4.80853304957742	1.16996550280095e-06	2.99272828278722	2.22044604925031e-16	92.7383511976852	6.88160302208905	27.1080016302657	10.870525086026	11.5060765525557
"RGL4__neg"	6.84926271672468	1.55450194701448	4.24224993538409	13.7034422572043	51.9699450000633	7.15404204474883	11.3537770961647	54.5651091716986	0.645212960418281
"VIP__neg"	10.1829953079232	5.80658832064126	0.09760713615482	2.22044604925031e-16	25.7703788198333	36.5540047130095	2.22044604925031e-16	20.6856318052926	1.21277042868714
"CCR6__neg"	2.22044604925031e-16	33.8020130572269	2.68587345297087	19.3566675826306	2.22044604925031e-16	47.6550643321642	2.22044604925031e-16	65.1826039470491	2.22044604925031e-16
"NCR3__neg"	2.22044604925031e-16	7.45237473953792	2.22044604925031e-16	6.11040254333285	117.477571826524	2.36721984761904	2.22044604925031e-16	2.22044604925031e-16	2.22044604925031e-16
"CD28__neg"	2.22044604925031e-16	59.1679524661162	6.90383274253695	12.1718411118831	2.22044604925031e-16	77.2691327286849	2.22044604925031e-16	20.1203161537764	3.28631223082178
"H3F3C__neg"	10.2731225020938	8.9120504991759	2.22044604925031e-16	14.8244760044957	36.6418580425292	32.3598780664564	6.44283610357838	32.6307635779397	7.47577773111194e-07
"PDE2A__neg"	17.3465267903998	18.8906486073836	0.372179307678414	2.22044604925031e-16	22.8109750658242	25.7085709281688	6.57462873693934	24.5508750181191	2.22044604925031e-16
"SPIC__neg"	2.22044604925031e-16	24.4166455031123	2.22044604925031e-16	21.7805238654997	50.851325216169	52.1937616730546	12.0524896416747	5.58997852309625	2.22044604925031e-16
"FAM133B__neg"	14.1419678156767	7.37585884714345e-12	2.40428032178913	12.8626355147281	26.8203588221036	31.4433187766471	10.0714993992573	28.7984381341535	2.22044604925031e-16
"TNFSF8__neg"	28.6299881005156	2.22044604925031e-16	1.8426376040623	6.26717339716499	86.9802200590554	2.79883053331161e-08	27.549078666846	7.40933548552215	2.22666893344947
"STAP1__neg"	2.22044604925031e-16	5.3765309232676	2.22044604925031e-16	1.34707124129424	114.465510187963	9.91071106001088	6.97036667994592e-05	2.22044604925031e-16	2.22044604925031e-16
"BHLHE22__neg"	19.4844895784513	20.0097424512907	0.641694838204251	9.65105006364406	53.124914206377	14.0136286213923	8.37073149041596	22.4046206843912	0.653145317715174
"OR52N4__neg"	10.798178392985	44.8238073550235	7.53428175738517	32.4455345991147	5.0958258177008	16.6872307750572	5.71310206936931	59.5211916009896	1.34665243804338e-13
"FAM78A__neg"	1.13885693177772	56.0440693964818	2.22044604925031e-16	6.61444983312478	2.22044604925031e-16	58.0164846693189	12.5925965662906	33.8995609070122	11.109588540708
"SCML4__neg"	2.22044604925031e-16	31.1253119937029	2.19201107915119	16.5213422751574	2.22044604925031e-16	42.5333170545416	8.24841896597936	75.2342804556412	2.22044604925031e-16
"BORCS7.ASMT__neg"	6.34007774657163	10.2204813716403	2.82894377354022	6.80369136612829	13.1799219187585	13.7627746556648	2.22044604925031e-16	16.5483055515229	1.10072194638025
"INS__neg"	4.54947125216682	6.58846037505268	2.22044604925031e-16	3.86395848274599	8.28081381107933	9.69062984921554	1.61334397650414	9.73041215319026	0.842159973949955
"CD22__neg"	2.22044604925031e-16	0.00256834320806221	2.22044604925031e-16	0.637062336413594	73.9679380142268	62.194469423094	2.22044604925031e-16	1.03483749822103	0.200946045029434
"DNAJC5B__neg"	18.3729280812607	14.3259977611508	1.71097111978228	12.7271657002237	34.5417452619668	23.8773203845095	6.04517031160868	21.8504559558156	4.94133563383914
"ANKRD34A__neg"	10.172711472396	1.12310132232331e-06	1.78020890954159	4.78617112849555	31.5349238421994	41.7828005873924	5.65331838823284	25.3051417622905	2.22044604925031e-16
"NMS__neg"	3.81486309376889	6.91490373186952	2.18585923790958e-11	4.93359708764393	8.07963383528037	8.71330873674973	2.94289498224775	10.5649887294052	0.564025347101402
"KDM8__neg"	9.1456145543256	0.689834966376568	0.518726251499015	11.4645817419291	25.8671487169878	27.7454340828183	4.16378984284247	32.8138967483065	0.00649733880899412
"PYHIN1__neg"	2.22044604925031e-16	62.0170335300818	2.22044604925031e-16	12.1301262185445	2.22044604925031e-16	76.38053225451	1.12058458102422	17.534385407887	2.22044604925031e-16
"KLHL6__neg"	4.37563566727235	69.5521670680287	1.16993958044507	7.75636673139066	2.22044604925031e-16	67.2384240654912	4.27446171283215	15.5393998078706	8.08483187104867
"CTD.2545M3.6__neg"	8.14189269224622	24.497068214515	3.45711386603043	19.7792623059934	27.6535764806886	26.1408472614224	2.22044604925031e-16	28.6662042336847	1.21485536965938e-06
"PPP1R12B__neg"	13.8047078217181	1.24133579864164	6.38833798937396	2.22044604925031e-16	34.0695536601927	32.0606059691806	13.1232795999308	22.8627261171698	4.98837628451041
"PIK3R6__neg"	2.22044604925031e-16	40.0723495799337	0.0552606928541187	7.7803817570048	26.8095481543483	77.4727420054511	3.99901189096164e-13	2.22044604925031e-16	2.42358370875528e-07
"RPS16__neg"	10.6696152600756	28.4410061479152	0.27049302669385	16.3978214714555	18.4242381087852	12.8823884224453	2.22044604925031e-16	23.7723622645106	2.22044604925031e-16
"PYROXD1__neg"	7.99275586378655	2.22044604925031e-16	2.52163644380488	5.06255967802215	22.58578438905	24.8197492910749	15.5455473418315	23.3511993648303	4.73923025455288
"FGF23__neg"	7.81287472381632	12.5849753684321	1.79454584813358e-08	9.45931286199337	16.543525486049	19.7549441015484	2.22044604925031e-16	24.9377884721205	1.76051436066582
"ARHGAP15__neg"	2.22044604925031e-16	53.7051649883296	0.0331099275552524	6.80544803874324	15.4835053809715	78.970555480083	9.54161432746604	1.65810379244118	0.63330476671004
"TCL1B__neg"	0.0231596999473405	12.0707253018788	2.22044604925031e-16	9.43732533189457	16.3251304014088	17.7100127170298	3.10377202616401	18.168279369144	2.22044604925031e-16
"PEX1__neg"	16.2289015471165	2.22044604925031e-16	3.00287360743418	13.6851309826182	23.4099793199594	48.8147311820162	7.71314750776103	26.1422184433002	1.84783961838
"FCRL4__neg"	2.22044604925031e-16	3.37624051257164	2.22044604925031e-16	38.3236399951199	75.1843288626138	27.7047950796746	6.71168975722921	2.22044604925031e-16	2.22044604925031e-16
"OR2T2__neg"	0.00494829564190347	0.164863427389746	2.22044604925031e-16	0.0280865842323415	0.110048204387503	0.113262063366002	2.40121346360379e-14	0.0747816845069302	0.247014980803087
"CTLA4__neg"	2.22044604925031e-16	50.9148957000061	2.22044604925031e-16	13.3133073549692	3.97855303108994e-11	79.5219653144482	14.4893221989247	15.7599110627789	2.22044604925031e-16
"MRGPRD__neg"	8.60649430143868	3.89611594085775	2.22044604925031e-16	2.50610762195189	28.6630380740922	31.8125931010574	6.2692461489489	32.8635399769216	2.22044604925031e-16
"OR5H15__neg"	0.0863949910769753	0.21181811241365	0.0061441438865998	0.046418424084094	0.340259949354501	0.140202105814051	3.35326849866845e-16	0.34797264974396	2.22044604925031e-16
"FCRL3__neg"	2.22044604925031e-16	2.22044604925031e-16	6.53991687120181e-15	3.76802881684295	78.3981951613055	58.3230414757897	2.22044604925031e-16	2.22044604925031e-16	2.22044604925031e-16
"CMTM2__neg"	17.1248973847877	5.81337627838517	2.64668909292823e-06	2.22044604925031e-16	38.9349291870176	34.4722358256494	2.22044604925031e-16	26.2523150859142	11.1605321523455
"CD2__neg"	2.22044604925031e-16	57.6094627310937	3.61446553549665e-14	14.9207003022275	2.22044604925031e-16	97.3075207751259	1.1840986575604	0.000146155319989257	0.0246745144860424
"TP53I13__neg"	9.36780555227764	3.11859660196304e-15	2.22044604925031e-16	16.2991955347686	24.6247271174144	29.2413851485751	2.22044604925031e-16	21.9669750399258	2.22044604925031e-16
"HLA.DOB__neg"	5.46906634945908	9.80694718364551	1.8923370851979	14.4858488865754	94.0781727159281	0.0064997106820433	2.0295907354735	7.00738678420892	6.86537974774843
"EOMES__neg"	8.32598094359803	2.14327800407473	4.74810924612911	9.51972687871027	86.4081410991592	12.4682769187159	18.2886415270138	7.32801153345668	1.67720850073346e-06
"SIT1__neg"	2.22044604925031e-16	7.81862967264189	2.22044604925031e-16	12.3350247302188	112.527557404413	2.22044604925031e-16	2.22044604925031e-16	2.22044604925031e-16	2.22044604925031e-16
"OR8J3__neg"	2.25676557987965	2.89045234302972	0.917522157959287	2.31382108838887	4.09098972058379	4.62776084251082	2.4457231498982	5.55345363021518	0.138214597612646
"KRT72__neg"	1.57814200787901	11.9649049215021	2.22044604925031e-16	11.4524439993337	27.7140560153457	36.8552018407934	2.22044604925031e-16	25.0539725070638	2.22044604925031e-16
"CD72__neg"	11.1609571084237	0.000827033876092897	9.20642217043664e-12	19.1990903625146	65.2975267680461	9.83396586515023	2.22044604925031e-16	38.8093888149172	2.22044604925031e-16
"GNGT2__neg"	0.00162050937008971	61.3473199583235	2.22044604925031e-16	8.18896071288086	7.27484982983238	66.0516647003961	18.5701878303151	10.8732697774485	1.07257788141477
"ABCD2__neg"	8.48406413022849	2.40863228189654e-10	0.81435090531459	2.22044604925031e-16	93.9505470881849	8.53149486607759	17.035957996081	2.22044604925031e-16	0.00271063410713477
"CNR2__neg"	2.22044604925031e-16	2.22044604925031e-16	2.22044604925031e-16	2.22044604925031e-16	46.2178693608307	105.286134256873	2.22044604925031e-16	2.22044604925031e-16	2.22044604925031e-16
"SCN11A__neg"	4.42713617696251	2.22044604925031e-16	2.22044604925031e-16	2.22044604925031e-16	27.5545863966296	58.9295625269676	2.22044604925031e-16	16.9453517689535	2.22044604925031e-16
"GSX2__neg"	4.08440977731212	15.4021639597509	2.22044604925031e-16	10.8380020174414	24.1262155891284	20.6724702922553	5.42294111093278	29.5595106537694	2.22044604925031e-16
"CELA1__neg"	1.61103978575975	20.2711210822597	2.22044604925031e-16	17.8126815535821	38.2285816376565	28.382231400681	10.1604097991767	24.8783564741296	1.3669821836169
"ITGAX__neg"	18.9337691958204	24.1160650144866	2.37390988129095	6.33747275834406	31.4499608918252	23.1022432428318	2.330547044281	46.7332283670619	3.46366420135394
"NIPSNAP3B__neg"	7.24773073198049	2.22044604925031e-16	1.46384444556361e-08	2.22044604925031e-16	24.2920152547868	44.4946081070455	2.57733200622053e-06	22.3029258885997	2.22044604925031e-16
"PDE6H__neg"	3.0366502982138	4.90275474473053	1.31204270380849	3.46334227434501	5.54101325565185	6.27270158414909	2.18355681876394	7.3860030601749	1.25314544898087e-10
"MUSK__neg"	0.877815900158849	1.72028989103222	2.22044604925031e-16	2.22044604925031e-16	47.5492581571115	48.117461487085	12.5794836508357	33.8435207327578	1.40243513391991
"PMCH__neg"	2.52884250109548	26.1860622828223	1.90939613130049	38.1625982513137	47.9304359042779	26.8937755022635	16.6187032019731	8.02331004323872	2.22044604925031e-16
"CD53__neg"	0.932546407479506	21.6313154337605	2.22044604925031e-16	9.01906144343825	76.5073166732239	13.9899467376936	17.4034572261497	6.33833302869612	12.4537008153518
"CD19__neg"	2.22044604925031e-16	2.22044604925031e-16	2.22044604925031e-16	17.7315632046013	91.0409218015101	30.3283981254553	2.22044604925031e-16	2.22044604925031e-16	2.22044604925031e-16
"SHOX__neg"	16.8983904205984	2.22044604925031e-16	2.22044604925031e-16	11.5599676232993	20.8599972803708	71.4492196995666	2.22044604925031e-16	22.6278910088703	2.22044604925031e-16
"CHRDL2__neg"	10.0920362632137	23.884163192965	1.84041474160174e-15	2.22044604925031e-16	43.9988001562146	19.6452847800072	2.22044604925031e-16	21.0536320491299	1.21255227710326
"SLC12A3__neg"	0.147912627620718	0.790557670185188	2.22044604925031e-16	15.5489271810218	54.288158198474	58.5432744274265	2.22044604925031e-16	4.70533710260515	2.22044604925031e-16
"LILRA4__neg"	7.25637275206268	16.473856106886	2.22044604925031e-16	12.5006208863794	88.0711759099472	8.74201707509213	13.6112544438353	0.00801243843871906	0.167210465325854
"RP5.972B16.2__neg"	6.70037976401767	11.0879643349687	3.37184205689129	6.27732459681152	13.0715585060752	13.2662373403107	2.22044604925031e-16	15.2458875513444	1.07895632593733
"C12orf42__neg"	2.22044604925031e-16	3.38730069600195	2.22044604925031e-16	20.8915178156098	46.2735068912558	55.8861184274216	11.5430562753914	14.1786278694906	2.22044604925031e-16
"ITGA4__neg"	2.22044604925031e-16	69.7343331734619	2.22044604925031e-16	6.86321058885436	2.22044604925031e-16	64.3015934242477	2.22044604925031e-16	25.5032738105478	10.2588946682317
"MAP3K7CL__neg"	7.96527133160732	0.00106439392824839	2.22044604925031e-16	2.22044604925031e-16	41.9696284643329	37.3634081255686	7.22915599514245	18.8500782005875	4.71413047011681
"FCRLA__neg"	2.22044604925031e-16	3.71969289373431	2.22044604925031e-16	13.4330818284059	93.5742347697736	23.1480577562988	2.22044604925031e-16	2.22044604925031e-16	2.22044604925031e-16
"MPZ__neg"	6.16631230384233	4.55445636273375	0.00464056928158036	2.22044604925031e-16	21.9291967643392	27.5379001456986	3.77846891370064	14.0756291564879	2.22044604925031e-16
"OR6S1__neg"	2.24964499641897	2.11679724522997	0.998892512572417	2.39954886938294	4.79918250592667	4.78491437453081	3.47118895208277	6.44276731061089	9.34620947151845e-05
"NOL4__neg"	4.58192377260961	7.10193010003775	2.22044604925031e-16	3.63829927660727	18.0559436880771	20.5549652522833	3.91425355678742	20.9530660075258	2.22044604925031e-16
"CLECL1__neg"	2.60317719822161	4.30227578066286	0.826467460582931	7.79486127165927	106.633011261352	5.9662474757902e-05	9.72870927461454	2.22044604925031e-16	6.9632198115192
"TEKT3__neg"	6.24100437730888	0.000210935322045049	2.22044604925031e-16	2.22044604925031e-16	35.3060402102633	37.3855677273498	2.22044604925031e-16	34.1355917931584	2.22044604925031e-16
"CD247__neg"	10.2628995348126	1.2560590050879	5.61013740948104	20.3314834717561	63.8868451003124	2.22044604925031e-16	7.26334899504761	43.3586777330009	5.11401335081522
"GPR182__neg"	1.83064885477087	2.6050070798591	4.51211987854187e-10	2.22044604925031e-16	47.0052274687464	45.4807165340917	3.64431574179491	28.1376097127153	2.22044604925031e-16
"CFP__neg"	18.9768232032887	9.02869679170631	2.20211663292334	8.90847095001972	48.3020624444147	10.7971169883464	8.56311569401896	49.7742065281418	0.414844101535348
"HDAC9__neg"	4.69465706385007	6.83537148060442	3.66652881401853	2.22044604925031e-16	34.2824320812565	21.51694305204	4.48961794822583	16.7597995886519	3.74311106456393
"TNFRSF13C__neg"	2.22044604925031e-16	2.22044604925031e-16	2.22044604925031e-16	22.1991579341458	57.0381618112466	74.7373212553927	2.22044604925031e-16	2.22044604925031e-16	2.22044604925031e-16
"LCAT__neg"	11.780291000518	2.37163242303337e-13	0.996077849246003	2.22044604925031e-16	27.2465287520099	36.7619619676696	2.22044604925031e-16	21.4358211538021	1.25148830227365
"TBC1D26__neg"	6.77504237853136	2.22044604925031e-16	2.22044604925031e-16	3.79511158845568	26.472505238272	46.8115932774231	2.22044604925031e-16	33.749966351559	2.22044604925031e-16
"SOX8__neg"	0.717818145947159	17.7418665994718	6.4610677058579e-05	3.31213731946058	20.7947945864448	15.807860660171	2.37730761940091e-13	16.6924159083007	2.22044604925031e-16
"CCR2__neg"	17.8203666546741	2.46894227171921e-06	3.26390628636045	9.90632706640548	56.4994112677996	5.20741664378634e-14	7.86850451825191	28.4356450204201	5.40701437530393
"VCY__neg"	3.79574659309047	7.09902692121607	2.22044604925031e-16	4.35765228094477	8.06928206289125	8.538264177149	2.10594760086024	9.51547751833876	1.15338473364028
"TBC1D10C__neg"	2.22044604925031e-16	2.09453087525351	0.0569567997253685	11.1665314722456	82.026754933302	22.4777732657586	2.22044604925031e-16	11.1584201082395	8.33563172397864
"OR4C46__neg"	0.450321956277328	0.115175933155372	1.20633585101345	0.395905475143814	0.691121475253501	0.91140591797741	0.894538532239958	1.2069987606205	2.22044604925031e-16
"NPHS1__neg"	2.22044604925031e-16	2.22044604925031e-16	2.22044604925031e-16	16.8583825584899	35.4851410241429	64.6244366512845	2.22044604925031e-16	23.0046364914509	2.22044604925031e-16
"KLRB1__neg"	2.22044604925031e-16	63.1387577460815	2.22044604925031e-16	1.60857815675642	2.22044604925031e-16	85.9425084223179	0.500767639661561	16.0822135382496	1.73117703615061e-15
"NEIL2__neg"	16.7486385372524	1.35103867564922	4.81605492974385e-10	3.63973476538169	32.66520299684	34.5582649901651	15.275193817964	33.995932142265	2.87501648615244
"LILRB1__neg"	12.8566098000737	9.68543656513189	5.66717300345338	11.516146853297	53.0707830276349	18.263642540052	2.75354609048349	42.5643489630459	2.22044604925031e-16
"IL21__neg"	4.91509296276089	23.7042912390539	3.15295228473764	24.094452761527	39.0470458110117	36.189488540424	13.6025600861286	5.41556018401126	0.537890028170831
"KCNS2__neg"	11.6624988720509	2.99820875808094	2.06366992843712	2.22044604925031e-16	47.6664383034791	34.1785624694287	14.3776362360127	18.0407652407957	1.41300801006225
"SLC24A4__neg"	5.33638155691696	0.504852533828613	2.22044604925031e-16	2.22044604925031e-16	44.3253073496153	51.2931852497788	3.4209539122911e-07	28.4985768929258	2.22044604925031e-16
"MMP21__neg"	6.73909332821986	2.22044604925031e-16	2.22044604925031e-16	2.22044604925031e-16	21.9617647594602	44.7602474849212	3.97018559054732	17.4994311888905	2.22044604925031e-16
"TIMD4__neg"	2.22044604925031e-16	25.9565016022614	1.17885850729006	9.32336983756321	79.6926861063722	20.3881412933891	11.7951296738821	1.06085094158498e-13	0.0892536038357006
"RGPD1__neg"	4.4503639512818	10.6880489557418	1.4332196188194	14.9088386089766	35.9616160342325	33.1339182517524	0.338834849572814	23.6990889653746	2.22044604925031e-16
"NR4A3__neg"	10.2858747461738	16.8551317585272	2.98915512841145	2.22044604925031e-16	32.3458659483921	24.8986748276104	6.97586713207106	21.80969182072	1.74439319731451e-08
"NLRP4__neg"	2.22044604925031e-16	12.7737757356857	2.22044604925031e-16	7.37162504143324	22.6359314768877	22.4745390355308	3.80086579499463	19.7746396576767	2.22044604925031e-16
"LZTR1__neg"	19.7842251045447	2.22044604925031e-16	4.05161178218649	9.70503787787968	26.202790278533	77.6889137917565	2.22044604925031e-16	16.3255940269603	2.22044604925031e-16
"BORCS8.MEF2B__neg"	9.02829213749215	2.22044604925031e-16	6.40837070071298	6.57776962675111	34.8118001278448	42.0375796671826	22.174842235799	16.9452998128898	2.22044604925031e-16
"OR10H3__neg"	1.00318928409303	1.39328073089638	1.61446855628165	0.896166708289153	2.05283431241043	2.1368647092036	1.58364683856008	2.63947077632521	4.78322685424918e-10
"NCR1__neg"	13.5770025911208	16.3218898528624	2.84146770075613	12.3347715634199	23.40158836055	20.0344973014894	2.22044604925031e-16	27.9105720419282	3.84284598391306
"CD79B__neg"	2.22044604925031e-16	0.63966220081843	2.22044604925031e-16	2.22044604925031e-16	118.501131803837	2.90934052777473	2.22044604925031e-16	2.22044604925031e-16	2.22044604925031e-16
"FCMR__neg"	2.22044604925031e-16	8.59601628119098	0.216184622389133	10.9561313054825	37.3877148619883	11.699073926247	12.0349815654225	35.1907024744855	0.115929506637302
"STAT4__neg"	14.5184882728371	2.79345829752022	3.27473672395699	23.6118836711231	39.4286638361365	2.22044604925031e-16	2.71151424215323e-16	72.1190971780841	3.56523297491871
"CXCR3__neg"	41.0309183567721	2.22044604925031e-16	2.22044604925031e-16	8.59423126106861	56.2772813171907	2.22044604925031e-16	16.2050398044608	35.940740289718	4.23858708275078
"DAZL__neg"	2.22044604925031e-16	26.7480621700389	2.22044604925031e-16	15.1339996502755	57.1047432407521	44.3455172916248	3.43378331349558	0.482026037427457	2.22044604925031e-16
"TNFRSF4__neg"	8.93980348671467	26.6268746135012	2.22044604925031e-16	16.0041997127952	33.6525570185256	23.2766040558359	3.51449524751506e-15	33.9433317986263	0.994380617763498
"MAGEB10__neg"	11.2871011840278	3.82517006480497	2.22044604925031e-16	8.7409160985936	20.0606798316672	24.9637750331351	0.197685503286996	21.8357036846257	9.18963866116432e-12
"GAPDHS__neg"	9.5710974114402	0.143779721642082	2.22044604925031e-16	15.3901134790655	23.0040351213609	36.0927287455971	2.22044604925031e-16	31.7447649911704	2.22044604925031e-16
"GMFG__neg"	10.5543385807163	25.9949445748007	4.14710336230669	13.0070819366306	14.6138736768972	36.1814023539027	16.0837609133641	50.3466516574419	6.08646298044113
"DCANP1__neg"	7.36091659670905	20.5413324949069	2.84715477519585	9.30215231810842	36.9927007306021	33.0277523813294	3.69206635469112	26.473671427985	7.47627970307554
"OR5F1__neg"	0.715706063347968	1.15474429029119	1.01826065552731	0.695984426537438	1.31155174292518	1.6155048833957	1.11786332507311	1.67623451498427	7.98886840059142e-06
"ITGAL__neg"	3.12032252954603	66.4199304169798	4.87321780447357	6.76977178233855	2.22044604925031e-16	68.5108168573927	4.08593186624172	24.2149737026986	2.22044604925031e-16
"CD1C__neg"	2.22044604925031e-16	6.92726672399631	3.78830927686458	2.22044604925031e-16	101.901030808537	4.46653166744631	15.9676231709492	4.58029527461904	13.6613185289215
"TRPC7__neg"	8.34717979470859	6.20569623856004	4.62480875309286e-05	12.3845665809998	18.6561900997701	19.5268873644306	9.61301625278463	21.0605851985415	2.22044604925031e-16
"RASGRP2__neg"	2.22044604925031e-16	4.45110068968851	2.22044604925031e-16	2.22044604925031e-16	96.7016956657854	31.5843725727142	2.22044604925031e-16	2.3953060444282e-16	0.699469433989944
"VCY1B__neg"	3.88162904604035	7.16394168594825	2.22044604925031e-16	4.45905204127052	8.25184313959218	8.68864131426714	2.19028856208268	9.74840920920586	1.14075782012427
"CD5__neg"	2.22044604925031e-16	43.7429450187578	1.05811496821923	13.1682852096189	2.22044604925031e-16	71.100015249549	2.22044604925031e-16	41.4495648736245	2.22044604925031e-16
"GPRIN3__neg"	10.1667062747095	6.49839789924444	2.80433903121156	6.3294261925358	37.1716080629185	13.7950205995347	13.4014748150307	28.5040244972482	3.22120644752532
"PPP1R16B__neg"	2.22044604925031e-16	61.5177929042041	2.22044604925031e-16	3.84440540880608	2.22044604925031e-16	59.3434497055232	2.22044604925031e-16	36.7342435056177	8.75108098103765
"PCDH11X__neg"	5.01140816449079	2.22044604925031e-16	2.22044604925031e-16	0.351291255627251	16.628410856367	37.8488783417961	6.40009239952308e-15	19.4817479034829	2.22044604925031e-16
"ARHGAP9__neg"	12.8407796818489	11.0608252897734	0.0172400384869161	13.8251101410515	82.4321814951864	6.10141322264502	2.22044604925031e-16	12.9771326455602	7.47996350780702
"GNG13__neg"	8.42275463089273	6.42234481946122	2.22044604925031e-16	15.4096317777072	16.6377440272837	21.3576113460247	2.95975478587228	20.3659177471527	2.22044604925031e-16
"CORO1A__neg"	0.157030688017502	23.2582697923903	2.22044604925031e-16	18.2581071190433	88.3251805371239	12.7861214832424	2.22044604925031e-16	0.00394808948346448	2.22044604925031e-16
"ZPR1__neg"	14.431334073318	2.45108256977363	1.61315641121796	12.8424128121739	23.0243445009467	21.2524349530443	11.8407431029739	20.3509190054863	1.75414459768431e-09
"OR10T2__neg"	2.13228868473652	3.02123777626953	0.975960223140291	2.3309544123693	4.23958321108294	4.44137347596124	1.90102288600204	5.59878717111868	0.142035261868459
"KRT73__neg"	2.49720089761098	5.15962373002938	1.08081089447401	3.28574313131966	6.71750186282751	6.09602583561983	2.11550160531069	8.78104182550379	2.22044604925031e-16
"KLF18__neg"	6.19833950214664	8.66739995957271	2.22044604925031e-16	7.00984832606653	12.0328134502739	13.8155176269103	3.13730757873605	14.2366808146284	0.00358142810647764
"CD33__neg"	19.106457002761	34.8929505414588	0.303000387076012	4.97899839166064	12.5380040995807	43.9919479391911	4.43697353503916	37.4492621383132	8.80848276718086
"LY9__neg"	5.80447838040532	9.08478428625506e-16	5.10080851191165	14.3245101269096	90.0729626187579	1.43288501521388	11.7721005819071	17.7667801474173	5.42026614610607
"BTK__neg"	2.22044604925031e-16	16.4678201459195	2.22044604925031e-16	9.13741951614954	71.1994486670112	20.9338483944463	6.34920373751074	21.4223073049717	0.0281511502037392
"KCNN3__neg"	19.8348997922141	7.25620716116957	1.84170089882806	10.5299885661121	24.6986870720958	4.78136979442487	7.29021517719535	28.2442619332742	9.49861007153406e-10
"XCR1__neg"	6.71727955008766	4.98264355850487	3.38484850445877	8.09621725819993	36.6297176247908	20.5509742362504	8.88140579488269	21.2429079168522	5.79428641982565
"FAM163A__neg"	1.50216963177744	0.726118074700548	2.22044604925031e-16	2.81590537364442	20.4277072284846	19.9351410714618	5.54406823336288	15.8777644575401	2.22044604925031e-16
"CLEC4C__neg"	9.20732323377943	4.99965860589896	3.29165079609414	12.1822684168768	31.5821230083889	29.3839490880474	11.7619453691273	27.631232110116	1.48255199764324
"TUBD1__neg"	12.7505006388792	2.22044604925031e-16	2.22044604925031e-16	10.842029629251	24.1907658042913	51.6864801303171	1.94376468267669e-12	18.1273280203898	2.22044604925031e-16
