"CROPS_p_DLBCL_Yuan_Multi_Oct11_HG_U133_Plus_2_A10_841922"	"CROPS_p_DLBCL_Yuan_Multi_Oct11_HG_U133_Plus_2_A11_841920"	"CROPS_p_DLBCL_Yuan_Multi_Oct11_HG_U133_Plus_2_A12_841926"	"CROPS_p_DLBCL_Yuan_Multi_Oct11_HG_U133_Plus_2_B03_841912"	"CROPS_p_DLBCL_Yuan_Multi_Oct11_HG_U133_Plus_2_B04_841918"	"LONGS_p_DLBCL_AffyExpr_01_HG_U133_Plus_2_A03_830756"	"LONGS_p_DLBCL_AffyExpr_01_HG_U133_Plus_2_B09_830678"	"LONGS_p_DLBCL_AffyExpr_01_HG_U133_Plus_2_C07_830734"	"LONGS_p_DLBCL_AffyExpr_01_HG_U133_Plus_2_C09_830750"	"LONGS_p_DLBCL_AffyExpr_01_HG_U133_Plus_2_C10_830840"	"LONGS_p_DLBCL_AffyExpr_01_HG_U133_Plus_2_C11_830764"	"LONGS_p_DLBCL_AffyExpr_01_HG_U133_Plus_2_D08_830828"	"MS2010072001"	"MS2010072004"	"MS2010072026"	"MS2010072034"	"MS2010072038"	"MS2010072813"	"MS2010072821"	"MS2010072828"	"MS2010072837"	"MS2010072902"	"MS2010072921"	"MS2010072932"	"CROPS_p_DLBCL_Yuan_Multi_Oct11_HG_U133_Plus_2_B08_841908"	"LONGS_p_DLBCL_AffyExpr_01_HG_U133_Plus_2_A11_830708"	"LONGS_p_DLBCL_AffyExpr_01_HG_U133_Plus_2_B11_830836"	"LONGS_p_DLBCL_AffyExpr_01_HG_U133_Plus_2_C03_830686"	"LONGS_p_DLBCL_AffyExpr_01_HG_U133_Plus_2_C08_830838"	"LONGS_p_DLBCL_AffyExpr_01_HG_U133_Plus_2_D07_830762"	"MS2010072042"	"MS2010072831"	"MS2010072834"	"MS2010072835"	"MS2010072925"	"MS2010072930"
"FAM134B"	0	0	0	0	0	0	0	0	0	0	0	0	0	0	0	0	0	0	0	0	0	0	0	0	0	0	0	0	0	0	0	0	0	0	0	0
"C11orf74"	7.74069535677745	7.7620375942341	7.79284914563052	7.49549913899599	7.88447591000337	8.04355526014409	7.3334487957134	8.01063690010333	7.81381979973723	8.5439381048334	7.79456611806173	9.06826724102014	7.28451697684276	8.39871740044692	7.59867652278199	6.41788676031645	8.22758952887455	9.09848848553901	6.87371767604504	7.19239809315752	8.5056929665749	7.4878881034839	7.66552927981206	7.71953418256471	7.72258660096563	7.83175220894426	8.17175402148191	6.26160113256999	7.97225545439082	7.04771012963492	7.66804294500118	7.20319590226696	7.39033929514272	7.09576414475877	7.44073957808177	6.68746500256025
"STBD1"	0	0	0	0	0	0	0	0	0	0	0	0	0	0	0	0	0	0	0	0	0	0	0	0	0	0	0	0	0	0	0	0	0	0	0	0
"SDC4"	9.92008889860731	10.585605233233	8.66752662830021	10.689860952817	10.5927185360318	9.78231183430537	9.30003702372063	10.2295813173999	10.7310139392182	11.5992202111985	10.6241493538131	12.221690120044	10.6684868679671	9.53661775922353	10.0163487403604	11.5047925189881	11.7147568777102	9.74443019160145	9.603317293745	8.96212363604861	10.0739304932985	10.295585041845	11.3150821913526	10.3095144327128	9.74317980761744	11.2567108826685	10.2214562007739	10.4244392161989	11.0968573623132	8.89688313350264	9.7848820552283	9.5350170555357	9.42670673142452	9.91416135180489	10.8197335490532	9.14763308167485
"GJA1"	13.1724520096636	12.5491345191693	11.9817623982851	12.2602840743602	12.4251057559922	11.8334353256395	11.9769741294829	12.676077552711	12.1312700506148	10.5524597528192	11.0507641061848	12.3806455052471	10.3382706789742	11.9802521331928	11.719209344195	10.2947483082645	13.2117977496401	12.3823315577441	10.4330910379044	11.9877905363849	12.783020200188	11.7201224172947	10.5722574215382	12.2541831954261	11.5199330741342	11.8578552527086	9.81489466252459	9.91102247835183	12.739942204457	10.568957497441	10.1611285775038	10.7920747937402	11.8111573221151	11.4410581166369	9.51376435646444	7.16395113075447
"FUT7"	5.56481760946503	7.09779744591017	6.61081430901446	4.36320792227362	7.44621833055896	5.8991507469912	5.96793101324939	3.56874808466233	5.95553814936213	7.63297789249747	6.07964039556824	5.79239600179946	6.42719909928743	7.36947501577886	6.51248579595966	7.7133918198555	6.76654887805562	6.82163246127143	8.09159603564111	5.85758667034336	6.57372172307372	5.73243426237494	6.53209349821853	6.88672012480212	3.4852521029602	5.4987201474564	5.80742234744744	3.88065019755474	4.95271285769749	5.37253826112834	8.71633607609691	6.14069774326401	5.98957901334736	7.4115838140506	8.36400799912125	9.17840145604273
"COX7A1"	9.28392241972073	8.89848471461872	9.40582307572789	8.77471972047216	10.223281490391	8.08981685546557	9.51437647109663	9.07980557003733	9.39054205090224	8.76255600898252	7.19088944573193	9.27900178511655	8.02402850157868	9.58749969208554	9.69689449178298	8.33451573143153	9.65611665402483	10.5441452694446	8.33107784898921	9.85962325248511	11.1548992927748	9.28551862788255	7.89824082198307	9.09677530130741	8.96249060167332	7.52538457016228	8.55732366048572	8.56942987158933	9.0722492704595	8.26632266162623	7.90393986185742	8.08246155646914	8.53750826462693	7.97467128241693	9.8278371702868	6.75593978659597
"LAMP3"	9.07053124079841	9.50470407518358	10.847688376767	12.0312830368885	10.5363358221532	10.0992581315044	9.605037648126	10.4692454371065	9.70380933375953	9.62964424979839	10.817336689748	10.538544172916	10.0196693318374	10.6442020652012	8.56508681964836	10.3192541693352	8.35112138050785	10.3085004187636	8.33891507064329	8.33498124258322	9.89878046297232	7.89563007839213	9.05458529836809	8.88244704534502	10.6748991191568	10.8305498729373	8.8267077679733	10.3302665115992	10.7526267317457	7.66720188321207	6.04990917823979	8.64878344515435	7.70848689060319	9.9539369604424	7.98395251388326	6.55167732495081
"TPSB2"	0	0	0	0	0	0	0	0	0	0	0	0	0	0	0	0	0	0	0	0	0	0	0	0	0	0	0	0	0	0	0	0	0	0	0	0
"SEPW1"	0	0	0	0	0	0	0	0	0	0	0	0	0	0	0	0	0	0	0	0	0	0	0	0	0	0	0	0	0	0	0	0	0	0	0	0
"LIPG"	7.2326991740626	7.88071065124439	7.35435466216533	4.53894164646693	7.95171723401386	7.14378710417562	6.37554478840888	7.90551216712737	7.57551090875484	6.29703321949334	8.21756900546529	8.50865540052801	6.81148128558324	8.22603081001196	7.98646066392218	8.1760838461506	6.1321924486425	7.68329544333148	7.47619894010382	7.14174935466495	8.44076304138234	7.01725419052389	8.79631843957037	7.31378169886421	7.14590467811214	10.0536416832554	6.04979665471419	7.6057266134947	8.82284929063242	7.76799749161074	7.19760976739302	7.24503054825299	6.83581442471698	5.42529321384503	7.72743242021714	7.4904588280909
"UPP2"	3.15267455925652	5.8748280703668	1.77659077945499	4.49628445246786	2.34794457832652	2.1589939493062	5.60304771885411	4.60957564000821	5.31290141702036	5.39679259089201	4.1719255496997	2.02689242897809	4.8598889038811	4.64030021367176	4.14640440066077	3.14647748292335	5.10611862414574	2.64527541639551	5.65195527084526	4.78203046650311	4.78691286849175	2.11157631164985	2.61558607136727	5.62588582114641	3.93606618376989	4.75142461828116	3.63790493268216	5.323020184233	4.25720970958104	4.15830205680326	1.45953854614037	4.66253311396079	4.20859878089927	5.30846263227317	2.42755131774988	8.62075144131571
"LOC100287814"	0	0	0	0	0	0	0	0	0	0	0	0	0	0	0	0	0	0	0	0	0	0	0	0	0	0	0	0	0	0	0	0	0	0	0	0
"FUCA2"	9.90174899374522	9.78059029329589	9.76037666390718	9.389352818906	10.4506911250731	8.98706949836019	9.43476775126813	9.59267854548177	10.2405014096199	10.3966159330811	9.72424634396418	10.0100755748572	9.63829107769162	9.59830229545626	9.97005932709514	10.5072349826322	10.7923409491804	9.32678152675025	9.71186623034684	9.91016736194262	10.2061320896618	9.29287240965073	10.2828538322772	9.92002723631596	10.031082000605	9.5322926526413	9.68231355486849	9.89500871177788	9.28682733862082	9.11717728674746	9.31277727775186	9.34060841848305	9.90121322785222	9.35134744042456	9.93156640486725	8.81345933298329
"ANGPT2"	7.24238023968467	5.60803838001044	8.4683144750277	6.44131252500844	7.05948884243232	6.34978752167939	8.38856429135747	6.55866598048721	6.94776663321035	6.8102595699066	6.99053917210008	8.46337510284391	6.51987261781792	8.34640784866561	7.11203676265147	6.7360402668201	8.53677444385373	7.0426482360015	7.29968466563676	9.5671211602833	9.52642005234991	6.89295891448942	7.2538715041244	6.35563093524524	6.87543192876769	6.7267541457133	7.13292796086266	7.50335338948374	8.33985351755344	5.60313305892509	6.35117849695326	7.08100628259298	5.59948967520877	6.1749482601069	7.28049867055097	8.4857460329379
"RCAN2"	8.72933778443204	8.33713505251339	8.56402712669883	8.64640739775723	10.0129168430233	11.4781651327968	9.2838486023558	8.85972056668347	9.13693148476827	9.77135127916707	7.40338658614654	7.42580005385394	11.3351439140655	7.27397650652627	8.52677540930373	6.79456640217376	9.35230820490785	7.81574613843414	8.0346129864701	8.46310806430953	10.0702518434999	9.30394441006486	9.73231029580471	8.05967528836182	7.98317613193726	10.4773218126318	9.58852951106221	7.93307252264492	8.91917074239864	8.41628337082916	6.15494875798454	6.48861081594936	6.38503940106898	8.00868347969041	6.97683152485395	9.88722210993362
"LOC100288944"	0	0	0	0	0	0	0	0	0	0	0	0	0	0	0	0	0	0	0	0	0	0	0	0	0	0	0	0	0	0	0	0	0	0	0	0
"FLJ40125"	0	0	0	0	0	0	0	0	0	0	0	0	0	0	0	0	0	0	0	0	0	0	0	0	0	0	0	0	0	0	0	0	0	0	0	0
"FAM19A4"	5.36400796095121	1.56447684333395	4.48848713474023	1.13526887330104	4.68649513702877	1.91089245045278	4.87036132080937	5.61831872053371	5.53261196577892	0.947629337935437	2.55592458521808	6.41445843589851	4.16239098077372	2.24304007466392	1.36808252848273	1.32974797932881	6.24292126370983	4.54949358020277	2.1597052360997	2.01857131198191	1.78112734690304	4.00638420942794	1.62151585029268	6.1099002333755	2.1952724625914	1.40325992797081	3.30684214495113	4.07804978550635	5.28757766292743	3.66739134183111	4.65584045432689	2.22396411010196	1.24700809820051	4.84811353943442	6.23349579260873	7.05071494091692
"PARP9"	10.2318283101243	9.95351773367713	9.89899795886203	10.0393859857827	10.2455379897626	9.9847289215001	10.2090905554795	10.2055489708785	10.119044317831	10.5188242271915	10.7163299430203	9.73330799225199	10.3821465814566	10.1461466948825	10.4713233851081	11.2460617141331	9.01960725181283	9.65252096260334	10.8154724882091	9.74381541837535	10.1645738638268	9.85073637248665	11.0693304652245	9.68291046959621	10.3262175479888	10.7676129523581	10.5292818433498	9.97841949802437	9.91881814350412	8.61944941098526	9.72390936436531	10.0118328947384	9.06183071923629	9.76985596527904	10.0544196896955	11.4095156539275
"TSLP"	4.86541126972371	6.79907449259693	6.38241362074771	6.90337669702252	6.20519512288493	6.22026434455347	5.4983657028753	6.2122880168349	4.27180482621534	4.7267578154493	5.73917964844862	7.07263216477412	3.19603451307977	4.80890676533725	5.01043773411702	2.68319563459722	7.13267103954954	7.64321741513249	5.93444515772936	6.78055004360953	6.68191744157874	3.3200566924993	5.96217577844857	5.62745970918612	5.46217781600568	7.55324883914557	5.97897360971564	3.62484500400498	6.13878261440959	5.30449473850682	5.50380973091852	5.8808881420981	5.02034290121742	6.31626152642009	6.7766929773731	7.80492122566396
"SFTA1P"	3.44892052661952	4.32115527143298	1.49877641506519	1.64665031328471	5.43852990499436	4.57145326451236	3.20657726206732	1.67240952830593	1.67254464496785	4.08250682973427	6.1042887975864	1.47734140885426	1.90150850480213	3.39231631252677	5.06493199307525	6.34852663686162	2.40043197646513	5.14361430673094	5.60278186237067	6.39169350297354	5.00270093737728	3.00467254856903	5.49568614944441	3.09616789385115	4.44249013909898	4.52825368222347	2.35806995188943	3.36238988820693	2.83359683636316	2.39887753113845	2.80863859268663	5.33378187846098	1.69011231045133	2.41358623154607	5.20848597801664	4.81990434851514
"SUB1"	13.7879572618808	12.263644858449	12.6655639995614	11.5724670054608	12.8378007145813	12.8378147437655	13.0558727381566	12.1322037183097	12.6640511787725	13.5455991266277	13.1942572462014	12.4202512426834	12.7459178101345	13.1954172249613	12.2372344323067	13.2727452755038	12.6667695261995	13.8027564414997	13.0225985729391	12.4018658010766	11.8710646336457	12.1708348599446	12.68686099972	12.1943418842225	11.5826158983245	13.0438690035611	12.9497098292025	12.4283615795674	11.9102932813659	11.4867296399212	13.0478853166936	12.6014875760585	11.8351961274894	12.6087609855557	11.5209153652182	11.9417782484739
"LOC653198"	0	0	0	0	0	0	0	0	0	0	0	0	0	0	0	0	0	0	0	0	0	0	0	0	0	0	0	0	0	0	0	0	0	0	0	0
"LOC647281"	0	0	0	0	0	0	0	0	0	0	0	0	0	0	0	0	0	0	0	0	0	0	0	0	0	0	0	0	0	0	0	0	0	0	0	0
"XAGE2"	2.81579871625932	1.66915407295601	2.87589605855359	5.26741518148143	4.96636156399803	0.948280515942062	5.93946453404863	4.73744816454493	5.89270343802708	5.763252400094	2.46000990567577	3.30499725931273	4.34740481544772	5.50946620522512	6.15701996510439	6.13126682090641	1.30308758561506	4.05755243901605	5.64669413251052	3.36263685311655	6.14677640805112	5.68208819962838	6.46276868956103	3.65670461449967	3.73053309440815	6.53932864225264	5.20544815854438	6.49475533598154	1.08509649958251	4.39786960517004	6.54535590865547	5.95389839645457	4.12294500161734	1.32811765187378	6.98519616094503	8.00115681563015
"LOC100288267"	0	0	0	0	0	0	0	0	0	0	0	0	0	0	0	0	0	0	0	0	0	0	0	0	0	0	0	0	0	0	0	0	0	0	0	0
"SFTPA2"	3.24114326692619	5.63961789024988	1.90583638809059	4.87104012033122	5.65856762964866	3.76694343826414	4.5659800799754	3.98226152020083	2.42335113361303	5.1304443671765	5.42105826978428	5.8450881267632	6.41271671992227	5.8166283581983	4.45641974011187	4.45865977452933	5.35964182454869	2.82785259657633	2.07683427562868	6.10617357798911	5.39762018657184	4.70661689902562	5.79745112468032	6.76369992185326	3.7420921092144	12.9383779902426	2.31816864696864	2.66784384805311	3.91112286592536	3.16343513146557	6.94520203249033	5.86031929299692	4.20661144677656	4.00852967117324	5.60849937448246	8.28177681883053
"HOXC12"	4.2073465548983	5.44504308278471	5.22362920505	2.54551161172695	2.74687067030803	5.11608000395838	1.69253321575975	2.70027879859303	2.64483268968075	3.7366043444031	2.73195108920533	5.5344245975695	3.93691213145842	4.39062875845307	1.95287055629238	2.47752055902862	3.30897223095645	4.89246522076587	5.02020958401835	5.89981361227072	5.24349502447195	4.20026735405621	4.47263913210524	3.28081086630235	4.60042960653226	4.36292970664392	5.50374720126279	5.90071782651665	4.80651562981158	4.68794014215518	5.79963081303498	4.23914100770054	5.83302930237859	5.00980477828537	5.65210016647964	7.80783059855297
"GJB4"	4.03718160058483	2.40002466591327	2.84394583882904	4.32185466783761	3.73755103545903	4.07023768143599	5.49226009141106	3.15129644018205	4.8609250283805	3.08523965913291	4.52596852744803	4.00325485407838	2.14382643453956	3.25757932089814	2.65777886369879	3.08634494734702	3.44615243482775	3.069872008558	3.43275483556733	3.68017549331567	5.6520903731689	3.62911695825567	3.57502712525319	3.13479333339233	3.48371765972406	3.80774109299095	5.52278682161268	4.06471503547616	5.24378386813731	3.14272384473552	3.45862264838664	4.27043600202047	3.01723451713271	3.67215578010843	4.35249940612823	6.84914374097472
"ITGB6"	2.96878996613892	2.91168767946995	1.87888273060977	3.87366342109713	2.25868194271536	5.46945643430321	2.93191060257234	2.36900588037973	2.56445925930027	2.76321689742142	2.5499956250755	7.44254208835268	2.41490318003434	2.86609384412812	3.26806829620422	3.33874414318432	2.69250813735625	3.31362305224758	2.44048805218065	2.84229462588318	2.54422311995421	2.23438225306463	2.16327179045067	2.80746095189252	5.28920724349843	7.77444342508629	2.75845878352389	2.06967926464302	6.89521349542718	5.20583252088759	2.93085941464382	5.15210788128324	3.73218943212768	7.18391907865376	2.64803958965117	7.61272225560892
"ODZ2"	0	0	0	0	0	0	0	0	0	0	0	0	0	0	0	0	0	0	0	0	0	0	0	0	0	0	0	0	0	0	0	0	0	0	0	0
"LOC100129218"	0	0	0	0	0	0	0	0	0	0	0	0	0	0	0	0	0	0	0	0	0	0	0	0	0	0	0	0	0	0	0	0	0	0	0	0
"FERMT1"	5.87379920997011	4.67585005327008	5.28885729794009	5.37615909988399	5.41041732142795	6.39918090627897	5.53858358410031	6.07703685600743	4.74569957000617	4.73883573339811	3.59980964804881	6.1707374097935	5.76985249506329	7.48449747468954	5.41708409573101	5.34904269004704	5.95414743206869	5.60442406658448	5.6000499369473	5.3120710670143	5.74313470011663	5.82280229736556	5.34828717855217	5.99681991538015	6.05388496749732	5.33696871560095	5.84156908296915	3.58231448431169	6.84502874035942	6.61770699661294	5.82856721065568	5.49961813611157	6.03517989002634	7.72855075213673	5.80069929460513	8.35477011214492
"MS4A2"	5.66182358994792	5.99031646660581	5.52388452047397	4.22477135528098	5.42970217707222	5.62234783548142	4.67803467831837	5.88329167718165	5.11087454151931	3.10844533134718	4.9416176628327	4.47001610054522	6.01357760280926	5.61374905839404	4.641616808555	4.70319233568302	4.65886545083921	4.99481806562346	5.19081011609252	1.6526575646456	6.64944648089285	4.88976422881376	5.42143737131193	4.39422601190464	3.45701717346176	4.5725139086102	1.67264877554833	3.68794786783291	3.86283712368202	5.22991109257396	4.74823600535166	2.39559278299799	4.42453363317338	2.80319381427341	4.87648580389162	7.83927766276122
"EPPK1"	7.17647729511817	6.6219081832322	6.34582522440134	3.88277737208755	2.16008773997688	4.59283940502155	6.11233745093344	6.20910660831122	4.09449529605531	5.91767592661486	2.83713099962491	5.5049103094826	3.78057208878922	2.37399324071574	3.90517827836395	5.19013307401746	5.7042187868906	4.11149177797715	2.56533591188273	2.58420847314731	3.77583703477555	2.78701711457153	5.01350053065988	3.6463689685984	6.90358153267403	6.00868230815032	6.72126551570313	3.0708729701553	5.87646912285653	5.70603898152257	3.02795570092494	3.33801526417989	3.93740831287606	7.29607508630888	1.52286777813477	7.80422259730499
"HDC"	6.54904824209109	5.50946474865167	6.84503482834502	5.21976885840806	2.75094125541116	6.30686211023222	7.088881229393	5.40253684240541	6.07123630438001	4.86588417319215	5.03686276005629	4.85576946076484	6.11171498233666	3.79516811728247	5.99125309989917	6.24334840867743	6.33439568728911	6.08036355109245	6.2090264503999	4.0057577702828	7.8167464651944	6.69954240284127	6.12314714084457	6.28736265798663	5.50971605873372	3.40017367809808	5.95454098614114	6.13765312300605	3.37979181259533	4.68543961669552	4.16400455790996	6.18526596260361	3.46588903741127	4.62776044394976	3.14746423914648	8.90918120190116
"C1orf150"	0	0	0	0	0	0	0	0	0	0	0	0	0	0	0	0	0	0	0	0	0	0	0	0	0	0	0	0	0	0	0	0	0	0	0	0
"LRRC8E"	3.60664133577073	5.29136103430842	4.81355359377601	2.81181439535744	4.76128237040586	2.66308622406123	4.08042547964035	4.93730197738685	4.93063410360385	2.83399530230197	2.60698340624017	5.31878532406904	3.22547384435993	4.04759483106019	3.04422879451611	2.91971854051971	5.79239284157619	2.36261972743767	4.82843439461198	3.37415815998566	3.76810290406674	4.26448432665263	5.29561455411218	5.33518504265192	5.84378668518469	4.54193326464003	3.13752673002263	3.48594424664078	5.39510273477736	3.54685138448629	5.17259048004878	4.48921179228231	5.32684898856215	3.45153136621125	4.48855800572529	8.09706960022514
"EFNA1"	7.70254711056745	7.52373611231829	8.73257598961876	7.24737981125478	7.99344355921066	7.62599782817091	8.50038690394843	7.50300359563432	7.53967496971049	7.51344764888983	7.23759727811864	9.00111295226695	6.18265251972008	8.21966432919449	7.42510416189175	6.84887362194693	7.90646018684281	7.33966941979064	6.84324685522894	8.64270970790242	9.76148170411528	7.10377956884332	7.17711846913805	7.21563847318009	8.49646574728536	8.31883639558843	6.39200490455161	7.49741825365648	8.78914388063885	6.32542766057352	7.20455114283256	8.03804872367859	6.25011874319532	8.24498105550534	7.12214352536981	4.87503244339506
"SLC6A11"	4.5086377646665	2.97441506805329	4.68910256984329	3.43383861903611	3.77259729145063	4.77948280845577	5.87520521850092	2.50961821991827	4.54883868323	5.495308465322	4.35125637526095	4.35790602986862	4.40324000642341	5.27930881799927	2.92378544262078	2.30672667009178	4.86642912519983	2.96294943321087	5.12756167858816	3.33013093513003	5.42700973313867	5.08807312104296	3.81928696700944	4.34909226997827	5.31408648608458	2.39881377442173	5.2293940718088	5.56802925353252	4.90339748638264	4.39768063081163	6.03903958640333	2.89005665199344	3.08297437597863	5.45882962094807	5.19493140820029	7.89978764451898
"ZFP42"	4.793200696159	4.58320592102837	4.27919162852567	3.71758420798045	4.08140836220888	3.68774858738119	2.75774163991349	4.34079218881946	2.61452708032075	4.87030134194907	4.77521044864969	4.1723176061658	4.95839811081892	1.6422595518406	3.59826783891511	2.54833940410338	5.83172759292291	4.25757448751925	4.77324747539752	5.67592847350586	3.52629826928242	2.21147798928545	5.24872428311724	2.55996734891571	1.60308041269413	3.24675240756525	2.27676596398891	4.97969533809748	2.70306075030729	2.10322734464775	5.8757939157652	1.79616284685623	3.39822809053536	2.17229778741152	5.38741763849617	8.2501684512826
"C1orf170"	0	0	0	0	0	0	0	0	0	0	0	0	0	0	0	0	0	0	0	0	0	0	0	0	0	0	0	0	0	0	0	0	0	0	0	0
"LOC728377"	0	0	0	0	0	0	0	0	0	0	0	0	0	0	0	0	0	0	0	0	0	0	0	0	0	0	0	0	0	0	0	0	0	0	0	0
"BMP2"	6.53044183616733	7.14248356485973	6.85513653121173	6.97039664242641	6.38388200532223	5.74173553266872	7.27097030876064	5.89835760681207	5.75870971149949	10.2057093315435	6.42319471832972	8.62832398997982	7.20758050586234	6.61244291190319	4.43869003542772	5.87674706712871	8.81602376626794	7.5644317311524	5.76003836219936	7.51955212311978	7.77452069037618	6.59611045439778	7.14280481348111	5.93794196356391	5.59912401790728	7.71108198727805	8.68925708511985	5.17733303646058	7.08578026982476	6.18691613254284	4.59827161016309	7.00968094663678	6.10980443829619	6.38510051607921	6.59857407942916	8.28683032512466
"ARHGEF5"	4.88658504191249	6.97616942632475	5.89859134932191	5.93235822254296	5.43572236606012	5.81655619526063	5.49088885722374	7.31148858539882	4.80169043160257	7.85868877538431	6.15524269248739	7.15279046503971	6.68314898804168	6.10678392848314	4.66934504534812	5.74186565934509	6.09102759937671	5.4636402140799	4.1304584022416	4.69118041290642	5.90331041031055	7.0712825975759	5.809226818025	2.55014431891694	6.26894047879448	6.1355657995314	8.37390449196738	9.39682048453016	8.08286910651649	6.20048187318485	5.83641199772925	4.20517889238055	3.23327294280217	6.58555232002629	6.21386022037892	7.47511509383751
"STK32A"	5.24609975297646	3.65688714805541	4.51967288705741	4.8672756924031	4.72072911013922	3.49829767019303	5.41550746420382	4.63530567298826	3.02363808239453	2.77561127591327	5.1977661004874	4.31620121855398	4.61178641538311	2.55864524436186	6.16205064870989	4.73979022497857	4.77579665559009	5.12817347330111	4.14656335167543	5.58727845930083	4.92961061973621	3.07406897075892	5.08162936880088	5.41071188520267	5.49020305542889	4.19445820380724	2.97166259055505	6.58746880381999	3.04829666076782	4.18890042078289	4.18523713889809	4.71451858741714	3.84636994712719	4.1654558597884	5.3690799169667	8.16988081085261
"OR2A7"	0	0	0	0	0	0	0	0	0	0	0	0	0	0	0	0	0	0	0	0	0	0	0	0	0	0	0	0	0	0	0	0	0	0	0	0
"LAMA3"	4.46659961693321	4.26610817444861	4.05348440071291	3.62855742296138	5.51772192464054	4.92104494195628	4.55542974680264	4.5749984493203	3.38399671428116	5.28531942180592	4.56613444954851	3.35757817056556	5.26850956669093	6.15509189845806	5.38864389469215	6.11462533987004	3.71575829402899	5.50660396700034	4.99234412604286	4.73639018061737	5.89190680913089	5.19658580767403	5.60480813313505	3.54791180698026	4.56766103937512	4.85871202748461	5.03497312390667	6.8889826869905	4.48771501491183	3.12511351079105	3.00520488161849	5.47301353402126	5.26337203392626	5.70275410590473	5.38282805286408	7.13424304132397
"CPA3"	11.6112290160442	7.62074564037752	8.99235528591866	8.25769296929375	9.26460721340187	10.5848075318709	8.17208253425057	8.87129893545665	6.42668458059832	5.17967660627374	7.36097763950665	8.05417431827331	9.58189457868126	9.70198831405179	5.48547100323931	8.15742779115544	10.1201887683479	11.1495907679284	5.95938847483959	6.80916485997718	10.2870226348314	7.45272132236343	6.56415434326263	8.98682990269999	5.36135030437031	8.76917605319098	5.95558857442629	7.62924956264039	7.24387411164263	8.79668842610099	8.39670420728841	6.84394129343748	7.59418275591962	9.39273450127329	4.18555195776071	7.85092865240507
"TPSAB1"	8.17835164541039	3.91931432436941	7.54247214271277	6.92900629109997	7.19593337078262	3.86444750747055	7.69121090424463	7.37663107845401	7.44673672657224	4.4240537490229	4.42675102370155	6.11092998240417	6.91380671937784	4.46468008707061	6.58749355797864	5.71922404414675	6.30713091554833	4.36303767051078	4.77119232072356	4.20046093114452	6.45038493338963	4.08573219966688	5.28396372531932	4.71985637565484	3.42870512144742	3.97002208887089	3.77455892639133	4.20558400850648	4.96063294935861	4.88678321420282	4.48178351914252	4.11604832054332	6.3441232181006	4.59580635485713	5.30469017459141	6.47027728599186
"CTSG"	8.98268205048494	4.39538319558151	6.56779635400171	4.34009817464876	6.21200467918783	6.05246157674322	4.28514581444111	6.15047629117009	6.96934476476997	8.61666681071572	6.31210991655979	6.44724094259261	7.82102658121319	7.58115223459176	6.86921086346476	6.19608589107504	7.66298408460021	8.08474545066209	6.59775460347306	6.56044344334558	8.1515028018863	6.00500498757406	5.1453792459405	7.21816370164761	6.07079310822286	5.82895664104317	6.20165680838327	7.49478242427737	6.64166971043434	5.98437438067589	6.62545669541095	6.16602836281554	6.65552088240241	6.9600585410377	3.55668921757682	7.78247318155936
"PLEK2"	6.14950902709834	2.53655479670238	4.06189355161712	5.99390734342906	6.16163573467892	6.19364839040528	3.15814905384001	6.98425841249446	6.21430086305572	2.911077833859	3.5940922184369	7.08620188458525	3.31234070117983	3.53577626298946	5.77628170131449	6.0239391500571	7.34495003562028	2.77790305724608	3.61249477793129	3.13394638772637	3.70763922374949	3.93129977640656	5.09568453352117	6.41010508926237	2.28354762306062	6.24709720384555	5.70777261448591	4.58193379391841	7.32940429888282	6.7502108778707	6.26336952380772	3.80668097407146	6.50429584425267	7.46057236457698	3.59448673124228	9.99776442763762
"LAMC2"	4.34860763781596	5.99948738768924	6.17206715663685	5.3909114897794	4.98833239462472	5.89599994155349	5.60535644397741	4.11434152277564	5.34713428334483	5.77689171150389	5.44529918983668	6.10707299710353	6.40955943691579	6.77742288974399	5.23780166804588	5.65493450176095	6.18825513520203	6.091557907513	4.87401435972224	4.54041569259746	5.94305384337063	6.3585048192001	2.85129707519366	6.55102076391224	5.76633375938404	5.99780190866495	2.49095653381549	6.63885625904425	6.23083569265338	5.89789035323611	5.43056826981919	5.70339734567047	5.85715524410899	6.96762763021828	5.66437222100433	8.702108505587
"PPP1R14C"	7.2933478942207	6.05733683849331	1.52671621322467	5.37638626707554	5.23938962336055	5.32500701306072	1.79861702072693	4.46060162721556	5.87906030919663	4.33900889496048	5.28911296758852	8.79047796270522	2.72193455428937	2.52648439280228	5.84446909640436	5.47287635174557	6.54092809393492	2.18551485884133	2.77730251346169	3.52678509885432	2.66533545880638	1.49929316262774	2.51352721880647	3.50779845367301	6.19220553842375	5.83599845129084	2.67262359387898	3.76796448203684	9.89615767234669	7.26931375268675	2.57775494057908	6.03145177420674	1.8634749391151	7.4341553250932	7.77803254020966	8.36674236337847
"LOC388248"	0	0	0	0	0	0	0	0	0	0	0	0	0	0	0	0	0	0	0	0	0	0	0	0	0	0	0	0	0	0	0	0	0	0	0	0
"SEL1L2"	1.58587639902022	5.59252240642656	1.15502129915431	0.978721468440986	2.37440656374535	1.38243727897253	1.42952631150341	2.00259771997706	3.98983912241752	1.93467163580812	1.63517511933829	1.04771319444296	1.27209889011683	5.15143934658947	3.17773312658534	1.71024328922213	1.35629492685736	5.64651224585227	2.26255258657729	1.94365028951784	4.58712325485994	1.97482938095174	5.18244379339619	5.21588256254734	2.75314854533152	0.935773925136267	5.17397252633159	2.67387962056846	2.76695923701546	3.08730187340938	2.48378328457399	1.6084358241751	1.74745691966575	3.07007779736004	5.62031761222728	8.18838260569867
"GRIA3"	4.26862602040215	3.99831447503342	4.19238490025992	4.67418538681542	2.26004474121974	4.98028857185163	5.36247797393861	2.38976075076132	2.11317292939835	2.41101522328482	4.70656406217536	4.23640030980309	4.4491387665032	5.97167333439393	3.2738657024071	4.58542004821621	6.67432851182106	2.25888467298262	3.05225970551573	4.6057663431592	5.56447542972397	3.43225907818491	2.13949589406803	3.07190874508444	4.61565958909191	2.43527151903551	4.0182180213288	5.13795861106748	4.99803194810715	4.12248497061316	3.17777172007121	4.10168463880246	4.97853190284742	6.35966671134773	4.54570378180607	8.37936786114015
"CPNE6"	2.24010676204591	2.44867167946974	2.54528618029995	2.55489933173213	1.97876899960111	3.22324501873876	3.00228783627331	2.25648926875523	2.1789837870278	2.19894747074613	3.73648932528215	2.24401920182298	2.75571552507393	2.63294753080621	3.39768715776994	2.76996136634419	3.56692551145759	3.21590851928614	3.02545073380821	3.47440390045481	3.66459154228511	2.4466697630669	3.04565306036459	2.69570405798944	3.14383730669728	3.2785283550623	3.22121030426045	4.26957684031523	2.52162993367973	2.49804757064817	3.24845516793421	3.80850560219017	2.78246949044109	2.73209567301332	3.85463621199926	7.87138282119987
"TRIM16L"	3.87211196393724	2.28342496764682	3.30345064521889	5.00711549304647	5.5267043051874	1.36171988144863	4.23192370905672	1.68925120137669	2.05892473182556	0.915724521154389	1.73917111953993	2.08208057175522	5.2608566173173	2.53219172504918	1.26038285377907	3.67106397262021	5.80477310429473	1.73944104345299	4.6673077718115	2.73579900068894	3.82737672862751	3.5435187194096	1.38130093186878	5.39451905346275	4.80140641052187	1.04032447359754	4.83483501294932	2.80979103152476	6.13186149789298	4.32979524545099	6.31954906477527	4.64979305404987	4.90221271247916	3.1108708150112	5.95653827821396	3.44052027714766
"KCNK7"	6.00532877045752	3.04845086303282	3.2218190420432	2.34638086340421	2.41910977280219	3.35246237305661	2.93569123471219	3.65193778209769	2.67889068823861	3.18053638318235	2.42633856048173	3.04075483645144	2.71245714662387	2.63960863176373	3.82184584865787	3.23679268355769	3.005719789901	3.51961477469277	2.67509517918411	3.52644795484903	3.57986427055328	3.0668804211442	2.88079623537742	2.91072128504622	2.65661039230778	2.93525150144756	2.99515933156774	4.2451192294817	2.96366440925516	2.40211668782057	3.94423969199392	3.31239790391665	3.05883820628636	5.52450835576714	3.44616948742428	7.08623953921374
"IL24"	1.76795951171153	6.51833928166062	6.06095422602394	5.25124717120382	5.13707349071651	6.33719003498023	7.83065809389322	4.63461446076945	5.54007817717452	7.34336550408509	6.85968327000777	5.79410442028572	7.14773665128131	6.55152121554369	5.85645384177625	5.02277593558058	6.76303959318607	5.38214298489237	5.79531765261781	7.89276484318081	5.35942787858494	7.22005837385315	6.36055267292383	3.10525333713289	4.52686460679689	6.27893575369517	6.70635160498834	7.13978228608065	5.82680105473168	4.17876747449084	5.97654450919433	6.8803175067253	6.13989445646573	6.12269291763672	7.80850504090564	9.29409985965322
"IL1F7"	0	0	0	0	0	0	0	0	0	0	0	0	0	0	0	0	0	0	0	0	0	0	0	0	0	0	0	0	0	0	0	0	0	0	0	0
"PRLHR"	4.80391148429625	6.64496247316348	5.28553456966831	1.42434929419304	1.67760251551416	3.71490251900992	3.06808152751341	5.6118716772911	2.73360641624736	1.90209727155359	2.79046956406379	3.44007944078819	5.72628290951163	3.47240928775545	3.32281848795194	2.79905976721804	5.44447754292709	4.23692984423647	1.68798439265862	2.53183167086955	4.44674894322557	2.01081646809504	5.40729058364357	2.33280737009762	4.64444710209275	1.68951896300666	4.99895356179777	2.85052219778055	4.81373776517361	5.34445157221053	3.85521994395379	4.43551792464964	6.20268720790555	2.60058776312456	3.33470496490055	8.93308889552726
